1.851126000000000000e+06
1.227791000000000000e+06
1.116249000000000000e+06
8.674670000000000000e+05
7.303140000000000000e+05
7.975840000000000000e+05
8.347600000000000000e+05
8.717800000000000000e+05
6.533070000000000000e+05
1.851397000000000000e+06
7.675210000000000000e+05
1.623305000000000000e+06
1.851346000000000000e+06
3.568400000000000000e+04
2.256430000000000000e+05
9.626330000000000000e+05
3.854300000000000000e+05
9.546440000000000000e+05
1.851288000000000000e+06
7.328880000000000000e+05
1.849583000000000000e+06
3.143070000000000000e+05
1.387848000000000000e+06
8.726550000000000000e+05
8.671530000000000000e+05
7.344120000000000000e+05
1.850756000000000000e+06
1.364337000000000000e+06
1.360940000000000000e+06
1.116008000000000000e+06
1.852544000000000000e+06
1.522846000000000000e+06
1.569861000000000000e+06
1.225509000000000000e+06
8.859770000000000000e+05
1.850751000000000000e+06
7.279580000000000000e+05
1.851134000000000000e+06
1.226681000000000000e+06
9.652740000000000000e+05
7.286340000000000000e+05
3.423810000000000000e+05
1.650859000000000000e+06
1.352680000000000000e+05
1.116031000000000000e+06
1.357042000000000000e+06
7.281790000000000000e+05
1.823966000000000000e+06
1.710226000000000000e+06
1.227164000000000000e+06
4.398690000000000000e+05
9.618380000000000000e+05
8.891260000000000000e+05
7.287390000000000000e+05
8.287880000000000000e+05
7.898750000000000000e+05
3.150750000000000000e+05
1.851651000000000000e+06
1.379102000000000000e+06
1.013570000000000000e+05
6.538810000000000000e+05
6.537630000000000000e+05
1.851273000000000000e+06
7.829920000000000000e+05
8.539810000000000000e+05
8.184770000000000000e+05
7.356680000000000000e+05
1.848682000000000000e+06
1.850582000000000000e+06
7.273580000000000000e+05
9.546510000000000000e+05
3.831150000000000000e+05
1.228366000000000000e+06
1.846034000000000000e+06
3.145140000000000000e+05
1.605490000000000000e+06
3.241170000000000000e+05
3.809900000000000000e+05
1.838242000000000000e+06
7.297000000000000000e+05
1.388263000000000000e+06
1.225919000000000000e+06
9.937510000000000000e+05
8.804130000000000000e+05
8.982250000000000000e+05
1.229032000000000000e+06
1.387353000000000000e+06
7.288390000000000000e+05
1.397141000000000000e+06
1.391164000000000000e+06
9.486780000000000000e+05
1.607220000000000000e+06
1.622116000000000000e+06
1.679034000000000000e+06
4.389570000000000000e+05
1.254433000000000000e+06
8.816620000000000000e+05
9.057910000000000000e+05
1.017143000000000000e+06
1.591142000000000000e+06
1.833267000000000000e+06
1.846884000000000000e+06
1.225392000000000000e+06
1.475494000000000000e+06
1.387183000000000000e+06
5.462950000000000000e+05
1.631734000000000000e+06
1.275251000000000000e+06
1.112225000000000000e+06
1.364779000000000000e+06
8.895090000000000000e+05
1.115661000000000000e+06
8.791080000000000000e+05
1.227857000000000000e+06
1.845976000000000000e+06
8.661670000000000000e+05
5.437610000000000000e+05
9.754450000000000000e+05
1.852768000000000000e+06
1.115565000000000000e+06
1.732506000000000000e+06
8.945030000000000000e+05
1.824811000000000000e+06
6.028010000000000000e+05
1.624077000000000000e+06
1.606288000000000000e+06
1.849994000000000000e+06
1.715179000000000000e+06
2.891520000000000000e+05
1.822665000000000000e+06
8.942750000000000000e+05
1.364366000000000000e+06
1.558611000000000000e+06
7.326180000000000000e+05
1.783250000000000000e+06
1.383012000000000000e+06
7.264800000000000000e+05
7.411550000000000000e+05
1.023900000000000000e+06
9.989320000000000000e+05
1.129752000000000000e+06
9.133000000000000000e+05
3.191410000000000000e+05
1.624530000000000000e+06
1.005700000000000000e+06
9.350250000000000000e+05
9.274200000000000000e+05
3.136020000000000000e+05
1.162869000000000000e+06
3.124200000000000000e+05
1.121029000000000000e+06
1.225724000000000000e+06
1.360208000000000000e+06
3.226360000000000000e+05
1.457927000000000000e+06
7.297990000000000000e+05
1.270562000000000000e+06
1.355239000000000000e+06
1.278023000000000000e+06
8.881430000000000000e+05
7.327610000000000000e+05
1.092858000000000000e+06
1.018392000000000000e+06
6.569830000000000000e+05
6.590580000000000000e+05
8.348940000000000000e+05
8.009520000000000000e+05
8.846960000000000000e+05
6.536640000000000000e+05
8.715260000000000000e+05
7.712970000000000000e+05
1.379582000000000000e+06
8.091500000000000000e+05
8.489820000000000000e+05
9.545710000000000000e+05
3.140890000000000000e+05
7.388880000000000000e+05
1.315192000000000000e+06
1.845764000000000000e+06
1.229361000000000000e+06
1.566501000000000000e+06
1.390205000000000000e+06
1.575585000000000000e+06
7.288840000000000000e+05
1.709536000000000000e+06
1.716600000000000000e+06
3.879530000000000000e+05
1.435182000000000000e+06
1.845871000000000000e+06
1.522258000000000000e+06
1.578800000000000000e+04
1.414752000000000000e+06
8.961230000000000000e+05
7.348220000000000000e+05
1.717256000000000000e+06
1.850467000000000000e+06
8.212490000000000000e+05
7.892600000000000000e+05
8.585950000000000000e+05
1.844859000000000000e+06
1.790640000000000000e+06
1.564721000000000000e+06
6.897800000000000000e+04
6.596170000000000000e+05
1.123118000000000000e+06
1.253983000000000000e+06
9.904030000000000000e+05
3.879080000000000000e+05
9.553650000000000000e+05
2.036150000000000000e+05
3.455920000000000000e+05
9.733650000000000000e+05
6.566050000000000000e+05
7.357840000000000000e+05
8.694830000000000000e+05
9.574910000000000000e+05
1.352390000000000000e+05
1.848906000000000000e+06
2.248770000000000000e+05
1.226333000000000000e+06
1.365372000000000000e+06
5.114710000000000000e+05
9.005110000000000000e+05
6.568870000000000000e+05
3.716480000000000000e+05
9.773210000000000000e+05
1.771186000000000000e+06
3.147720000000000000e+05
2.242530000000000000e+05
8.962710000000000000e+05
1.417254000000000000e+06
9.993340000000000000e+05
3.157960000000000000e+05
3.820170000000000000e+05
6.398310000000000000e+05
9.493610000000000000e+05
6.040860000000000000e+05
1.832900000000000000e+06
3.135930000000000000e+05
1.112565000000000000e+06
1.005158000000000000e+06
1.849442000000000000e+06
6.521200000000000000e+05
8.957870000000000000e+05
1.273160000000000000e+05
7.242930000000000000e+05
7.527680000000000000e+05
3.115200000000000000e+05
9.891650000000000000e+05
1.386055000000000000e+06
9.809030000000000000e+05
8.981460000000000000e+05
7.399940000000000000e+05
7.351040000000000000e+05
9.514270000000000000e+05
3.183100000000000000e+05
1.850673000000000000e+06
6.333920000000000000e+05
1.826369000000000000e+06
1.098154000000000000e+06
9.359850000000000000e+05
1.758121000000000000e+06
1.565983000000000000e+06
9.993720000000000000e+05
1.281794000000000000e+06
1.379374000000000000e+06
8.809210000000000000e+05
1.024384000000000000e+06
1.450873000000000000e+06
3.866410000000000000e+05
5.371730000000000000e+05
1.039810000000000000e+05
1.385421000000000000e+06
6.317860000000000000e+05
1.231283000000000000e+06
1.829700000000000000e+06
1.842816000000000000e+06
8.796850000000000000e+05
9.632030000000000000e+05
7.368740000000000000e+05
8.944000000000000000e+05
1.245428000000000000e+06
7.355140000000000000e+05
1.719131000000000000e+06
9.289380000000000000e+05
1.252579000000000000e+06
2.194870000000000000e+05
1.225491000000000000e+06
8.965820000000000000e+05
1.418920000000000000e+06
6.189180000000000000e+05
1.722285000000000000e+06
1.353103000000000000e+06
6.410940000000000000e+05
1.274977000000000000e+06
3.176740000000000000e+05
1.221726000000000000e+06
1.232712000000000000e+06
7.704440000000000000e+05
3.788560000000000000e+05
7.015230000000000000e+05
7.646310000000000000e+05
1.221839000000000000e+06
1.454459000000000000e+06
1.022621000000000000e+06
1.172941000000000000e+06
1.830192000000000000e+06
1.624373000000000000e+06
9.874140000000000000e+05
1.278048000000000000e+06
7.733700000000000000e+05
8.145920000000000000e+05
1.837489000000000000e+06
1.007820000000000000e+05
7.275230000000000000e+05
1.227642000000000000e+06
9.364550000000000000e+05
1.111238000000000000e+06
8.646470000000000000e+05
1.714618000000000000e+06
9.992880000000000000e+05
9.361570000000000000e+05
3.837260000000000000e+05
1.340840000000000000e+05
3.142830000000000000e+05
2.232410000000000000e+05
7.337730000000000000e+05
9.687170000000000000e+05
1.851631000000000000e+06
1.206857000000000000e+06
1.392757000000000000e+06
3.066630000000000000e+05
3.720700000000000000e+04
2.474060000000000000e+05
1.522401000000000000e+06
1.832935000000000000e+06
1.070910000000000000e+05
9.607540000000000000e+05
8.993730000000000000e+05
3.729540000000000000e+05
2.107680000000000000e+05
1.254977000000000000e+06
1.014210000000000000e+06
6.822370000000000000e+05
1.782882000000000000e+06
6.513400000000000000e+05
3.071910000000000000e+05
1.848362000000000000e+06
7.266230000000000000e+05
3.868900000000000000e+05
1.632286000000000000e+06
9.438680000000000000e+05
1.118515000000000000e+06
3.576800000000000000e+04
1.519866000000000000e+06
4.382210000000000000e+05
1.728431000000000000e+06
1.606731000000000000e+06
6.526120000000000000e+05
1.198907000000000000e+06
1.360768000000000000e+06
1.054490000000000000e+05
1.620786000000000000e+06
1.838655000000000000e+06
1.103400000000000000e+06
1.225114000000000000e+06
1.823206000000000000e+06
6.399860000000000000e+05
3.162370000000000000e+05
7.565130000000000000e+05
3.396510000000000000e+05
1.296209000000000000e+06
1.117053000000000000e+06
1.393107000000000000e+06
2.013000000000000000e+04
9.277260000000000000e+05
1.109041000000000000e+06
1.743976000000000000e+06
1.714031000000000000e+06
1.030330000000000000e+06
1.118007000000000000e+06
1.240044000000000000e+06
1.253634000000000000e+06
4.320440000000000000e+05
3.211740000000000000e+05
1.840746000000000000e+06
7.659460000000000000e+05
1.091563000000000000e+06
9.544160000000000000e+05
4.392660000000000000e+05
1.249507000000000000e+06
1.160332000000000000e+06
1.292956000000000000e+06
1.822125000000000000e+06
1.093849000000000000e+06
2.254060000000000000e+05
1.078889000000000000e+06
1.095933000000000000e+06
1.828179000000000000e+06
1.711906000000000000e+06
3.585900000000000000e+04
8.980000000000000000e+05
1.225344000000000000e+06
1.130729000000000000e+06
1.625521000000000000e+06
1.383723000000000000e+06
2.906220000000000000e+05
1.123326000000000000e+06
8.966730000000000000e+05
9.647390000000000000e+05
6.338170000000000000e+05
1.389389000000000000e+06
8.906700000000000000e+04
1.620254000000000000e+06
7.076510000000000000e+05
1.745978000000000000e+06
1.528805000000000000e+06
5.330470000000000000e+05
6.095040000000000000e+05
1.229083000000000000e+06
1.832255000000000000e+06
1.650660000000000000e+06
7.260630000000000000e+05
5.307210000000000000e+05
1.188880000000000000e+06
1.362700000000000000e+05
1.541500000000000000e+04
6.921050000000000000e+05
1.820987000000000000e+06
2.183010000000000000e+05
1.458911000000000000e+06
1.388440000000000000e+06
6.385120000000000000e+05
1.205671000000000000e+06
1.028998000000000000e+06
1.282397000000000000e+06
1.018831000000000000e+06
1.476175000000000000e+06
9.260350000000000000e+05
1.387657000000000000e+06
2.345130000000000000e+05
1.824928000000000000e+06
9.242810000000000000e+05
1.424503000000000000e+06
5.394320000000000000e+05
1.076698000000000000e+06
1.278072000000000000e+06
1.709456000000000000e+06
1.155133000000000000e+06
7.415520000000000000e+05
1.852660000000000000e+06
1.622469000000000000e+06
1.250259000000000000e+06
3.835920000000000000e+05
1.852407000000000000e+06
9.090060000000000000e+05
6.628960000000000000e+05
1.276427000000000000e+06
7.325120000000000000e+05
1.848069000000000000e+06
1.853282000000000000e+06
9.793570000000000000e+05
1.841747000000000000e+06
1.715909000000000000e+06
2.859790000000000000e+05
7.574870000000000000e+05
3.418370000000000000e+05
1.240760000000000000e+06
1.457468000000000000e+06
9.587970000000000000e+05
3.699100000000000000e+04
8.926720000000000000e+05
1.521434000000000000e+06
1.716333000000000000e+06
2.193870000000000000e+05
1.228519000000000000e+06
1.357022000000000000e+06
1.226441000000000000e+06
5.355240000000000000e+05
7.269660000000000000e+05
1.833609000000000000e+06
1.624436000000000000e+06
1.147990000000000000e+06
4.740540000000000000e+05
1.519135000000000000e+06
9.488970000000000000e+05
3.058320000000000000e+05
2.979850000000000000e+05
1.813099000000000000e+06
5.817530000000000000e+05
1.146111000000000000e+06
1.482808000000000000e+06
1.729425000000000000e+06
8.980270000000000000e+05
3.652800000000000000e+05
1.557439000000000000e+06
8.066000000000000000e+04
1.832843000000000000e+06
1.011180000000000000e+05
1.716857000000000000e+06
9.543790000000000000e+05
7.219300000000000000e+05
1.017312000000000000e+06
2.104510000000000000e+05
1.383636000000000000e+06
8.450180000000000000e+05
8.097480000000000000e+05
1.242394000000000000e+06
1.613272000000000000e+06
5.388210000000000000e+05
1.242651000000000000e+06
1.476141000000000000e+06
4.418030000000000000e+05
1.681992000000000000e+06
1.099015000000000000e+06
3.578400000000000000e+04
2.112670000000000000e+05
1.453290000000000000e+06
1.558652000000000000e+06
1.829958000000000000e+06
3.459000000000000000e+05
1.167628000000000000e+06
1.751320000000000000e+06
9.033980000000000000e+05
1.848483000000000000e+06
1.625563000000000000e+06
1.323433000000000000e+06
1.842928000000000000e+06
9.578400000000000000e+05
1.120136000000000000e+06
1.125016000000000000e+06
1.350903000000000000e+06
1.522857000000000000e+06
3.388510000000000000e+05
1.358988000000000000e+06
7.197200000000000000e+05
1.369021000000000000e+06
1.851001000000000000e+06
1.834209000000000000e+06
1.821556000000000000e+06
3.628700000000000000e+04
1.848406000000000000e+06
1.762007000000000000e+06
7.278720000000000000e+05
1.397881000000000000e+06
7.203090000000000000e+05
1.397498000000000000e+06
1.840526000000000000e+06
3.185320000000000000e+05
1.714625000000000000e+06
3.718770000000000000e+05
1.774011000000000000e+06
1.846190000000000000e+06
1.805196000000000000e+06
1.730421000000000000e+06
3.471100000000000000e+04
1.603340000000000000e+06
1.230323000000000000e+06
5.134150000000000000e+05
9.551790000000000000e+05
3.049180000000000000e+05
1.356687000000000000e+06
1.853245000000000000e+06
1.565494000000000000e+06
2.311050000000000000e+05
1.442064000000000000e+06
1.851971000000000000e+06
3.141230000000000000e+05
1.315785000000000000e+06
6.356860000000000000e+05
1.730576000000000000e+06
3.884590000000000000e+05
1.342596000000000000e+06
1.831135000000000000e+06
1.839807000000000000e+06
1.594995000000000000e+06
6.607740000000000000e+05
1.386888000000000000e+06
1.363399000000000000e+06
1.287147000000000000e+06
1.473969000000000000e+06
1.365273000000000000e+06
1.546737000000000000e+06
1.177108000000000000e+06
1.210930000000000000e+05
1.110116000000000000e+06
1.165336000000000000e+06
1.082167000000000000e+06
3.863170000000000000e+05
8.695860000000000000e+05
9.556430000000000000e+05
9.163730000000000000e+05
1.128637000000000000e+06
1.560975000000000000e+06
9.343090000000000000e+05
3.444120000000000000e+05
1.371828000000000000e+06
4.956000000000000000e+05
5.283700000000000000e+05
7.201550000000000000e+05
1.773047000000000000e+06
1.853244000000000000e+06
8.980600000000000000e+05
3.163040000000000000e+05
1.994850000000000000e+05
1.736090000000000000e+05
5.226160000000000000e+05
1.464982000000000000e+06
1.031865000000000000e+06
1.323456000000000000e+06
1.229461000000000000e+06
1.853228000000000000e+06
1.482606000000000000e+06
1.442102000000000000e+06
7.371450000000000000e+05
1.836133000000000000e+06
1.342038000000000000e+06
1.397939000000000000e+06
7.183910000000000000e+05
1.156958000000000000e+06
1.354535000000000000e+06
1.839914000000000000e+06
1.828262000000000000e+06
1.451276000000000000e+06
2.991340000000000000e+05
1.511769000000000000e+06
1.729403000000000000e+06
1.576279000000000000e+06
3.730700000000000000e+05
1.080352000000000000e+06
1.103253000000000000e+06
1.592651000000000000e+06
1.350157000000000000e+06
1.825390000000000000e+06
1.235543000000000000e+06
1.840270000000000000e+06
1.018562000000000000e+06
1.135024000000000000e+06
1.661296000000000000e+06
1.225279000000000000e+06
9.244620000000000000e+05
9.658900000000000000e+04
1.642945000000000000e+06
1.565606000000000000e+06
3.224640000000000000e+05
1.852942000000000000e+06
2.199710000000000000e+05
1.838258000000000000e+06
5.464790000000000000e+05
1.834419000000000000e+06
1.744745000000000000e+06
1.521357000000000000e+06
1.264800000000000000e+05
1.848789000000000000e+06
8.664360000000000000e+05
3.796640000000000000e+05
2.186640000000000000e+05
6.584590000000000000e+05
1.588722000000000000e+06
1.102600000000000000e+06
1.386730000000000000e+06
1.127806000000000000e+06
1.624177000000000000e+06
7.384370000000000000e+05
1.780157000000000000e+06
1.625450000000000000e+06
5.135490000000000000e+05
3.504570000000000000e+05
1.714955000000000000e+06
1.625459000000000000e+06
1.274120000000000000e+05
1.263864000000000000e+06
3.397580000000000000e+05
8.312040000000000000e+05
7.860930000000000000e+05
3.884520000000000000e+05
9.556400000000000000e+05
1.394739000000000000e+06
1.386788000000000000e+06
1.845827000000000000e+06
4.744250000000000000e+05
1.222127000000000000e+06
1.506453000000000000e+06
1.224400000000000000e+06
1.782875000000000000e+06
1.514393000000000000e+06
1.356394000000000000e+06
1.729601000000000000e+06
3.344800000000000000e+04
9.906590000000000000e+05
1.588230000000000000e+06
1.732410000000000000e+06
1.607674000000000000e+06
5.693750000000000000e+05
1.097225000000000000e+06
1.795587000000000000e+06
1.139259000000000000e+06
1.017582000000000000e+06
1.463074000000000000e+06
4.136100000000000000e+04
3.817760000000000000e+05
1.242598000000000000e+06
3.283340000000000000e+05
1.380427000000000000e+06
8.983410000000000000e+05
1.828548000000000000e+06
1.651222000000000000e+06
5.151170000000000000e+05
4.565110000000000000e+05
4.446300000000000000e+05
1.836672000000000000e+06
1.365101000000000000e+06
1.846249000000000000e+06
1.820658000000000000e+06
2.240720000000000000e+05
1.096227000000000000e+06
1.623479000000000000e+06
1.844780000000000000e+06
5.809600000000000000e+05
1.266607000000000000e+06
1.834589000000000000e+06
6.188140000000000000e+05
1.450789000000000000e+06
1.088397000000000000e+06
5.292520000000000000e+05
1.307817000000000000e+06
9.160510000000000000e+05
1.722288000000000000e+06
7.357920000000000000e+05
9.357760000000000000e+05
9.559420000000000000e+05
3.739960000000000000e+05
1.845545000000000000e+06
1.487374000000000000e+06
9.224740000000000000e+05
1.825651000000000000e+06
1.653628000000000000e+06
4.361700000000000000e+04
1.829339000000000000e+06
1.820855000000000000e+06
1.816204000000000000e+06
6.165770000000000000e+05
1.010389000000000000e+06
3.877380000000000000e+05
5.896670000000000000e+05
6.290680000000000000e+05
1.711343000000000000e+06
3.778480000000000000e+05
1.364032000000000000e+06
1.381770000000000000e+06
1.832811000000000000e+06
1.680863000000000000e+06
1.020600000000000000e+04
3.153240000000000000e+05
1.357870000000000000e+06
1.835694000000000000e+06
1.574904000000000000e+06
5.739450000000000000e+05
1.124295000000000000e+06
5.741700000000000000e+04
1.166376000000000000e+06
6.536080000000000000e+05
5.014850000000000000e+05
1.367401000000000000e+06
1.834287000000000000e+06
1.314326000000000000e+06
9.495320000000000000e+05
1.659339000000000000e+06
1.841882000000000000e+06
1.382090000000000000e+05
1.241616000000000000e+06
1.604632000000000000e+06
1.225204000000000000e+06
1.727177000000000000e+06
1.345608000000000000e+06
1.826221000000000000e+06
1.380097000000000000e+06
1.592370000000000000e+06
1.163402000000000000e+06
1.276258000000000000e+06
1.101841000000000000e+06
1.260928000000000000e+06
1.584915000000000000e+06
1.771510000000000000e+05
1.136518000000000000e+06
1.128410000000000000e+05
1.525925000000000000e+06
3.024810000000000000e+05
3.515920000000000000e+05
1.273880000000000000e+05
4.242640000000000000e+05
1.356226000000000000e+06
1.600779000000000000e+06
1.595627000000000000e+06
1.404060000000000000e+06
6.802590000000000000e+05
1.706823000000000000e+06
1.700993000000000000e+06
1.855371000000000000e+06
8.864080000000000000e+05
3.889180000000000000e+05
3.808180000000000000e+05
9.363470000000000000e+05
1.855832000000000000e+06
1.745757000000000000e+06
1.567795000000000000e+06
1.101317000000000000e+06
1.391699000000000000e+06
1.575027000000000000e+06
1.760634000000000000e+06
7.194680000000000000e+05
1.482066000000000000e+06
1.275271000000000000e+06
9.176280000000000000e+05
3.233370000000000000e+05
1.291556000000000000e+06
1.676225000000000000e+06
9.522600000000000000e+05
1.354543000000000000e+06
5.905880000000000000e+05
1.847292000000000000e+06
1.105340000000000000e+06
1.365684000000000000e+06
1.259606000000000000e+06
4.787930000000000000e+05
1.392317000000000000e+06
3.129600000000000000e+05
1.364179000000000000e+06
1.250077000000000000e+06
7.371680000000000000e+05
5.397870000000000000e+05
1.744151000000000000e+06
3.876590000000000000e+05
1.487216000000000000e+06
8.965440000000000000e+05
1.714856000000000000e+06
1.652174000000000000e+06
1.052362000000000000e+06
3.420060000000000000e+05
8.067750000000000000e+05
7.688640000000000000e+05
1.602146000000000000e+06
2.406050000000000000e+05
1.272033000000000000e+06
5.067270000000000000e+05
3.243560000000000000e+05
1.822444000000000000e+06
1.372036000000000000e+06
7.474400000000000000e+05
1.461856000000000000e+06
1.602427000000000000e+06
6.376890000000000000e+05
1.522353000000000000e+06
1.827560000000000000e+06
1.591064000000000000e+06
1.789365000000000000e+06
6.279170000000000000e+05
3.245970000000000000e+05
3.750510000000000000e+05
7.043370000000000000e+05
1.462627000000000000e+06
1.454038000000000000e+06
7.397510000000000000e+05
3.328190000000000000e+05
1.460006000000000000e+06
1.279675000000000000e+06
9.914640000000000000e+05
1.848343000000000000e+06
7.207740000000000000e+05
1.156640000000000000e+06
1.369879000000000000e+06
1.225497000000000000e+06
1.826374000000000000e+06
1.370254000000000000e+06
1.715849000000000000e+06
1.786150000000000000e+05
1.150508000000000000e+06
1.469000000000000000e+04
1.286660000000000000e+06
1.383550000000000000e+06
9.863000000000000000e+04
2.073380000000000000e+05
7.576330000000000000e+05
1.095305000000000000e+06
1.606336000000000000e+06
6.730130000000000000e+05
8.957900000000000000e+04
5.254970000000000000e+05
3.192380000000000000e+05
9.300520000000000000e+05
5.651720000000000000e+05
9.859900000000000000e+05
1.094399000000000000e+06
6.609750000000000000e+05
8.973690000000000000e+05
6.171120000000000000e+05
1.634708000000000000e+06
9.167740000000000000e+05
7.688870000000000000e+05
1.119197000000000000e+06
6.398610000000000000e+05
1.388167000000000000e+06
1.125158000000000000e+06
1.710601000000000000e+06
9.312180000000000000e+05
4.458440000000000000e+05
1.509060000000000000e+06
1.782334000000000000e+06
1.625051000000000000e+06
2.888250000000000000e+05
1.296796000000000000e+06
1.437351000000000000e+06
1.356364000000000000e+06
1.633828000000000000e+06
1.383220000000000000e+06
1.732646000000000000e+06
1.468259000000000000e+06
1.783141000000000000e+06
1.234893000000000000e+06
5.248660000000000000e+05
1.561860000000000000e+06
7.201020000000000000e+05
1.827868000000000000e+06
1.607651000000000000e+06
4.842200000000000000e+04
6.921300000000000000e+04
1.603351000000000000e+06
1.350300000000000000e+06
1.571852000000000000e+06
1.333060000000000000e+05
4.928530000000000000e+05
1.779357000000000000e+06
1.223880000000000000e+05
1.198170000000000000e+05
1.230366000000000000e+06
1.451298000000000000e+06
1.228577000000000000e+06
1.163750000000000000e+06
6.120490000000000000e+05
1.575084000000000000e+06
1.718690000000000000e+05
1.127475000000000000e+06
1.111377000000000000e+06
6.584070000000000000e+05
1.609649000000000000e+06
6.033780000000000000e+05
3.030830000000000000e+05
1.840395000000000000e+06
9.743810000000000000e+05
1.633441000000000000e+06
1.054949000000000000e+06
1.325140000000000000e+05
7.223760000000000000e+05
3.374460000000000000e+05
1.518082000000000000e+06
1.821727000000000000e+06
1.125554000000000000e+06
7.268230000000000000e+05
1.386841000000000000e+06
1.224473000000000000e+06
2.132990000000000000e+05
1.752102000000000000e+06
1.084137000000000000e+06
2.179820000000000000e+05
1.179410000000000000e+05
8.096590000000000000e+05
1.770154000000000000e+06
1.708383000000000000e+06
1.829441000000000000e+06
1.652698000000000000e+06
1.607729000000000000e+06
1.315750000000000000e+05
1.226322000000000000e+06
1.085022000000000000e+06
1.831041000000000000e+06
8.026700000000000000e+04
1.152196000000000000e+06
1.116687000000000000e+06
1.384419000000000000e+06
3.901100000000000000e+05
1.852991000000000000e+06
1.574848000000000000e+06
1.567429000000000000e+06
9.239810000000000000e+05
3.225320000000000000e+05
5.492070000000000000e+05
7.192470000000000000e+05
1.260242000000000000e+06
8.978650000000000000e+05
5.129640000000000000e+05
1.856618000000000000e+06
5.527970000000000000e+05
1.566442000000000000e+06
1.489011000000000000e+06
9.009800000000000000e+04
2.946900000000000000e+05
1.621776000000000000e+06
1.833117000000000000e+06
1.712503000000000000e+06
1.150674000000000000e+06
7.359430000000000000e+05
2.267750000000000000e+05
1.257106000000000000e+06
1.384359000000000000e+06
6.130940000000000000e+05
1.406720000000000000e+05
1.463947000000000000e+06
1.949520000000000000e+05
1.479098000000000000e+06
5.200800000000000000e+05
1.512424000000000000e+06
1.297535000000000000e+06
1.745270000000000000e+05
7.288370000000000000e+05
1.228528000000000000e+06
1.388687000000000000e+06
7.150400000000000000e+05
1.012359000000000000e+06
1.276464000000000000e+06
1.004013000000000000e+06
9.163610000000000000e+05
1.232204000000000000e+06
1.096296000000000000e+06
1.293820000000000000e+05
3.845000000000000000e+05
1.367546000000000000e+06
2.243570000000000000e+05
1.801118000000000000e+06
1.591289000000000000e+06
5.063680000000000000e+05
2.023500000000000000e+04
1.830330000000000000e+06
1.574091000000000000e+06
1.476700000000000000e+04
1.632625000000000000e+06
9.539850000000000000e+05
9.707200000000000000e+05
1.710110000000000000e+05
7.525430000000000000e+05
1.464619000000000000e+06
1.606702000000000000e+06
1.706376000000000000e+06
1.837014000000000000e+06
3.364210000000000000e+05
1.194660000000000000e+05
7.656910000000000000e+05
1.266984000000000000e+06
1.384860000000000000e+05
2.031070000000000000e+05
1.297128000000000000e+06
7.257000000000000000e+05
1.063363000000000000e+06
1.268313000000000000e+06
1.162775000000000000e+06
5.126220000000000000e+05
6.192870000000000000e+05
1.066800000000000000e+05
7.188290000000000000e+05
4.304980000000000000e+05
1.603059000000000000e+06
6.535280000000000000e+05
9.920890000000000000e+05
1.247339000000000000e+06
1.002230000000000000e+05
1.714482000000000000e+06
1.548084000000000000e+06
3.114540000000000000e+05
1.853050000000000000e+06
1.475940000000000000e+05
9.302110000000000000e+05
1.713105000000000000e+06
2.441700000000000000e+04
1.379390000000000000e+06
1.625387000000000000e+06
1.995340000000000000e+05
1.021500000000000000e+05
3.523300000000000000e+04
1.649214000000000000e+06
6.717760000000000000e+05
1.430992000000000000e+06
6.912210000000000000e+05
1.820468000000000000e+06
3.585860000000000000e+05
1.536936000000000000e+06
4.281420000000000000e+05
1.580532000000000000e+06
4.396160000000000000e+05
1.540119000000000000e+06
1.744819000000000000e+06
1.611173000000000000e+06
1.118677000000000000e+06
1.247361000000000000e+06
2.389210000000000000e+05
1.276315000000000000e+06
7.135720000000000000e+05
1.267060000000000000e+06
1.784890000000000000e+05
1.490462000000000000e+06
6.830150000000000000e+05
8.817770000000000000e+05
3.777270000000000000e+05
1.162512000000000000e+06
7.284900000000000000e+05
9.315470000000000000e+05
5.390340000000000000e+05
1.073510000000000000e+05
1.336928000000000000e+06
1.332431000000000000e+06
1.707066000000000000e+06
2.874220000000000000e+05
1.080241000000000000e+06
1.253417000000000000e+06
2.136160000000000000e+05
1.559010000000000000e+06
1.366401000000000000e+06
1.150070000000000000e+06
5.140410000000000000e+05
2.453270000000000000e+05
3.874780000000000000e+05
6.181110000000000000e+05
1.225979000000000000e+06
6.594800000000000000e+05
5.796530000000000000e+05
1.144812000000000000e+06
4.392480000000000000e+05
3.418300000000000000e+04
1.004130000000000000e+06
4.379400000000000000e+05
1.748523000000000000e+06
3.570200000000000000e+04
1.631925000000000000e+06
4.308200000000000000e+05
1.254022000000000000e+06
1.198519000000000000e+06
1.651748000000000000e+06
1.836152000000000000e+06
1.288912000000000000e+06
9.014850000000000000e+05
1.524483000000000000e+06
1.134703000000000000e+06
1.832326000000000000e+06
1.711014000000000000e+06
3.305710000000000000e+05
1.253472000000000000e+06
1.568774000000000000e+06
7.268520000000000000e+05
1.825865000000000000e+06
1.746716000000000000e+06
1.529296000000000000e+06
1.359930000000000000e+05
3.854700000000000000e+04
1.607586000000000000e+06
1.608518000000000000e+06
1.624855000000000000e+06
1.570431000000000000e+06
1.099281000000000000e+06
1.630116000000000000e+06
1.278396000000000000e+06
1.853790000000000000e+05
1.846790000000000000e+05
1.274635000000000000e+06
1.589146000000000000e+06
7.359580000000000000e+05
1.584025000000000000e+06
5.123070000000000000e+05
1.565885000000000000e+06
3.756680000000000000e+05
7.267240000000000000e+05
1.238676000000000000e+06
1.650870000000000000e+06
1.356801000000000000e+06
1.418902000000000000e+06
5.040290000000000000e+05
1.355132000000000000e+06
3.449330000000000000e+05
1.221699000000000000e+06
1.569469000000000000e+06
1.002283000000000000e+06
1.650672000000000000e+06
3.723790000000000000e+05
1.379479000000000000e+06
6.099050000000000000e+05
1.761317000000000000e+06
3.264910000000000000e+05
1.447241000000000000e+06
9.910170000000000000e+05
1.821127000000000000e+06
1.111568000000000000e+06
6.632400000000000000e+05
3.759670000000000000e+05
1.823577000000000000e+06
1.631714000000000000e+06
1.429042000000000000e+06
1.853079000000000000e+06
1.554942000000000000e+06
1.167800000000000000e+06
1.637202000000000000e+06
6.842480000000000000e+05
3.245840000000000000e+05
3.137370000000000000e+05
1.806655000000000000e+06
1.369238000000000000e+06
6.371660000000000000e+05
1.076714000000000000e+06
1.316048000000000000e+06
1.620284000000000000e+06
1.553253000000000000e+06
1.497356000000000000e+06
3.901500000000000000e+05
8.295390000000000000e+05
7.758540000000000000e+05
1.161425000000000000e+06
9.372780000000000000e+05
1.225091000000000000e+06
9.003820000000000000e+05
1.369453000000000000e+06
1.380655000000000000e+06
1.163042000000000000e+06
1.809967000000000000e+06
4.385850000000000000e+05
2.271690000000000000e+05
6.697350000000000000e+05
2.496130000000000000e+05
1.462449000000000000e+06
1.712184000000000000e+06
3.042850000000000000e+05
1.226045000000000000e+06
3.154830000000000000e+05
4.724400000000000000e+04
1.807576000000000000e+06
1.043536000000000000e+06
1.618674000000000000e+06
3.679800000000000000e+04
1.033509000000000000e+06
1.265135000000000000e+06
1.145900000000000000e+04
1.747200000000000000e+05
1.130564000000000000e+06
1.852465000000000000e+06
1.311160000000000000e+05
1.713918000000000000e+06
5.179110000000000000e+05
7.255590000000000000e+05
6.553960000000000000e+05
1.125282000000000000e+06
1.365582000000000000e+06
1.321019000000000000e+06
7.007610000000000000e+05
5.204090000000000000e+05
5.128200000000000000e+05
1.130982000000000000e+06
7.262750000000000000e+05
1.412090000000000000e+05
1.744427000000000000e+06
1.846094000000000000e+06
1.740768000000000000e+06
1.728879000000000000e+06
1.808471000000000000e+06
1.446941000000000000e+06
1.628620000000000000e+06
8.717160000000000000e+05
2.016780000000000000e+05
4.215060000000000000e+05
8.066100000000000000e+04
9.309780000000000000e+05
1.415522000000000000e+06
1.001519000000000000e+06
1.631049000000000000e+06
1.094031000000000000e+06
3.265270000000000000e+05
3.032790000000000000e+05
3.449930000000000000e+05
1.147521000000000000e+06
1.153806000000000000e+06
1.475638000000000000e+06
1.229690000000000000e+06
2.464260000000000000e+05
4.970700000000000000e+04
1.264599000000000000e+06
9.411450000000000000e+05
1.824734000000000000e+06
1.253441000000000000e+06
1.569573000000000000e+06
4.409430000000000000e+05
7.927670000000000000e+05
8.406500000000000000e+05
1.656897000000000000e+06
1.374798000000000000e+06
1.454005000000000000e+06
1.622259000000000000e+06
3.799190000000000000e+05
1.643769000000000000e+06
1.553080000000000000e+06
1.628344000000000000e+06
9.636230000000000000e+05
4.771430000000000000e+05
4.399920000000000000e+05
1.378907000000000000e+06
1.121895000000000000e+06
1.762119000000000000e+06
6.590290000000000000e+05
3.481740000000000000e+05
7.259190000000000000e+05
1.492488000000000000e+06
1.024255000000000000e+06
1.094233000000000000e+06
1.025277000000000000e+06
1.605466000000000000e+06
2.851000000000000000e+05
1.063580000000000000e+06
1.622742000000000000e+06
1.364885000000000000e+06
1.361054000000000000e+06
1.578540000000000000e+06
7.305210000000000000e+05
1.315270000000000000e+05
1.259782000000000000e+06
1.313706000000000000e+06
2.132300000000000000e+05
1.095167000000000000e+06
2.023280000000000000e+05
1.712575000000000000e+06
1.600875000000000000e+06
1.225185000000000000e+06
1.447274000000000000e+06
1.015101000000000000e+06
7.035080000000000000e+05
1.279255000000000000e+06
5.645450000000000000e+05
1.058196000000000000e+06
3.908390000000000000e+05
1.650680000000000000e+06
1.379410000000000000e+05
1.150312000000000000e+06
9.044720000000000000e+05
1.615594000000000000e+06
1.629260000000000000e+06
7.571290000000000000e+05
1.174510000000000000e+05
1.728710000000000000e+06
4.553270000000000000e+05
3.856600000000000000e+05
1.226963000000000000e+06
1.743540000000000000e+06
1.823854000000000000e+06
1.639022000000000000e+06
3.065850000000000000e+05
1.729180000000000000e+05
1.315162000000000000e+06
1.852036000000000000e+06
1.275215000000000000e+06
7.265300000000000000e+05
7.353120000000000000e+05
1.778648000000000000e+06
1.486449000000000000e+06
4.418750000000000000e+05
1.352303000000000000e+06
5.723280000000000000e+05
1.219898000000000000e+06
1.347194000000000000e+06
1.283950000000000000e+06
3.215630000000000000e+05
6.378080000000000000e+05
1.624845000000000000e+06
9.151350000000000000e+05
1.076262000000000000e+06
1.722004000000000000e+06
2.645160000000000000e+05
1.458578000000000000e+06
1.667002000000000000e+06
1.008450000000000000e+05
1.378153000000000000e+06
2.518510000000000000e+05
1.388137000000000000e+06
3.039660000000000000e+05
1.637661000000000000e+06
1.388727000000000000e+06
7.048010000000000000e+05
5.756320000000000000e+05
1.815097000000000000e+06
1.418973000000000000e+06
2.855150000000000000e+05
3.863090000000000000e+05
1.944180000000000000e+05
1.451053000000000000e+06
1.622086000000000000e+06
1.370023000000000000e+06
1.067387000000000000e+06
3.878280000000000000e+05
1.394209000000000000e+06
1.033330000000000000e+06
6.170340000000000000e+05
1.955930000000000000e+05
1.744027000000000000e+06
7.118900000000000000e+05
1.379900000000000000e+06
8.916980000000000000e+05
7.566510000000000000e+05
1.251065000000000000e+06
2.121360000000000000e+05
1.718480000000000000e+05
1.261024000000000000e+06
1.275860000000000000e+06
1.282325000000000000e+06
6.970350000000000000e+05
1.189387000000000000e+06
1.584018000000000000e+06
1.264616000000000000e+06
1.108053000000000000e+06
1.694501000000000000e+06
1.779856000000000000e+06
1.713428000000000000e+06
1.830665000000000000e+06
1.621604000000000000e+06
1.711278000000000000e+06
1.758627000000000000e+06
1.856193000000000000e+06
1.637390000000000000e+05
1.677508000000000000e+06
7.068220000000000000e+05
1.494977000000000000e+06
9.254720000000000000e+05
2.729600000000000000e+04
1.357551000000000000e+06
1.824584000000000000e+06
4.630970000000000000e+05
1.152461000000000000e+06
1.552959000000000000e+06
1.520518000000000000e+06
1.114318000000000000e+06
9.381680000000000000e+05
1.359444000000000000e+06
1.111764000000000000e+06
1.344440000000000000e+05
1.094989000000000000e+06
7.124910000000000000e+05
1.238122000000000000e+06
6.945960000000000000e+05
3.345800000000000000e+04
6.372460000000000000e+05
6.374000000000000000e+05
1.653838000000000000e+06
6.595110000000000000e+05
1.617996000000000000e+06
1.331919000000000000e+06
5.160900000000000000e+04
3.202260000000000000e+05
1.226110000000000000e+06
1.446930000000000000e+05
7.203080000000000000e+05
1.809565000000000000e+06
1.150130000000000000e+05
2.171320000000000000e+05
1.825625000000000000e+06
1.305532000000000000e+06
1.583875000000000000e+06
1.814602000000000000e+06
1.683071000000000000e+06
1.607939000000000000e+06
1.113957000000000000e+06
1.635030000000000000e+06
8.995300000000000000e+04
2.245170000000000000e+05
1.472381000000000000e+06
1.237880000000000000e+05
6.723470000000000000e+05
1.244262000000000000e+06
1.839826000000000000e+06
1.624129000000000000e+06
1.828720000000000000e+06
1.248010000000000000e+06
1.130890000000000000e+06
1.709310000000000000e+05
1.297718000000000000e+06
8.793430000000000000e+05
1.004684000000000000e+06
1.131565000000000000e+06
5.992770000000000000e+05
1.238795000000000000e+06
2.052250000000000000e+05
1.960830000000000000e+05
1.708794000000000000e+06
1.331184000000000000e+06
1.828607000000000000e+06
1.107078000000000000e+06
1.054460000000000000e+05
1.322763000000000000e+06
1.856840000000000000e+06
3.781470000000000000e+05
6.936500000000000000e+05
1.390545000000000000e+06
3.075240000000000000e+05
1.721804000000000000e+06
1.277389000000000000e+06
2.546660000000000000e+05
1.386001000000000000e+06
1.375432000000000000e+06
1.582699000000000000e+06
2.249540000000000000e+05
1.043521000000000000e+06
1.279566000000000000e+06
1.547742000000000000e+06
4.743910000000000000e+05
4.306000000000000000e+04
1.107945000000000000e+06
9.720930000000000000e+05
1.348140000000000000e+05
1.354870000000000000e+05
1.846315000000000000e+06
1.298059000000000000e+06
1.625330000000000000e+06
1.589565000000000000e+06
1.142426000000000000e+06
1.463275000000000000e+06
1.832151000000000000e+06
1.813817000000000000e+06
5.869880000000000000e+05
1.415937000000000000e+06
6.608380000000000000e+05
1.713787000000000000e+06
1.652332000000000000e+06
3.836700000000000000e+04
5.574090000000000000e+05
1.283275000000000000e+06
4.572300000000000000e+04
1.599967000000000000e+06
3.590270000000000000e+05
1.749529000000000000e+06
1.827177000000000000e+06
1.606930000000000000e+06
1.383206000000000000e+06
5.623790000000000000e+05
1.825271000000000000e+06
2.190300000000000000e+05
6.588150000000000000e+05
4.173500000000000000e+05
1.831252000000000000e+06
1.208559000000000000e+06
1.634105000000000000e+06
9.284880000000000000e+05
1.673079000000000000e+06
1.360227000000000000e+06
1.392222000000000000e+06
1.496190000000000000e+06
5.805440000000000000e+05
9.628780000000000000e+05
1.458548000000000000e+06
1.570142000000000000e+06
1.633695000000000000e+06
1.359963000000000000e+06
1.540413000000000000e+06
1.628911000000000000e+06
4.563390000000000000e+05
1.230524000000000000e+06
1.116206000000000000e+06
1.364426000000000000e+06
8.042280000000000000e+05
8.610090000000000000e+05
5.896610000000000000e+05
3.298900000000000000e+05
1.714661000000000000e+06
5.534800000000000000e+04
1.182610000000000000e+05
1.522700000000000000e+06
4.936280000000000000e+05
1.419262000000000000e+06
1.652205000000000000e+06
1.520561000000000000e+06
1.524030000000000000e+05
3.791330000000000000e+05
6.604220000000000000e+05
1.569057000000000000e+06
1.205630000000000000e+06
1.559014000000000000e+06
1.751294000000000000e+06
5.989400000000000000e+05
2.187600000000000000e+05
1.346575000000000000e+06
3.027140000000000000e+05
7.083310000000000000e+05
1.717289000000000000e+06
1.198343000000000000e+06
1.625206000000000000e+06
6.307690000000000000e+05
3.036310000000000000e+05
4.614460000000000000e+05
4.388540000000000000e+05
1.366448000000000000e+06
1.230764000000000000e+06
1.847698000000000000e+06
1.651831000000000000e+06
1.173161000000000000e+06
6.699600000000000000e+04
3.863710000000000000e+05
2.864500000000000000e+04
1.030015000000000000e+06
1.531507000000000000e+06
1.571930000000000000e+06
3.790580000000000000e+05
1.233547000000000000e+06
8.910180000000000000e+05
2.195720000000000000e+05
3.165660000000000000e+05
9.372630000000000000e+05
1.948150000000000000e+05
9.031810000000000000e+05
1.150511000000000000e+06
3.079470000000000000e+05
1.346179000000000000e+06
6.912900000000000000e+04
2.444340000000000000e+05
3.568780000000000000e+05
9.523840000000000000e+05
1.133800000000000000e+04
5.385160000000000000e+05
7.455820000000000000e+05
2.132470000000000000e+05
5.151800000000000000e+05
6.692380000000000000e+05
3.005550000000000000e+05
1.572361000000000000e+06
1.102916000000000000e+06
3.598800000000000000e+05
1.319816000000000000e+06
6.610970000000000000e+05
6.121580000000000000e+05
1.366281000000000000e+06
9.166460000000000000e+05
1.418299000000000000e+06
1.160906000000000000e+06
6.630870000000000000e+05
1.366842000000000000e+06
1.570171000000000000e+06
1.059582000000000000e+06
1.024514000000000000e+06
1.465766000000000000e+06
1.523820000000000000e+06
1.116319000000000000e+06
4.058920000000000000e+05
4.422590000000000000e+05
1.520290000000000000e+06
1.418204000000000000e+06
1.276436000000000000e+06
3.194060000000000000e+05
1.418377000000000000e+06
1.720830000000000000e+06
8.969960000000000000e+05
1.353690000000000000e+05
1.118200000000000000e+05
1.084021000000000000e+06
3.108000000000000000e+04
1.763542000000000000e+06
7.267720000000000000e+05
1.081333000000000000e+06
1.038770000000000000e+05
1.346507000000000000e+06
1.345860000000000000e+06
1.763268000000000000e+06
1.456546000000000000e+06
1.370470000000000000e+05
1.546662000000000000e+06
2.536500000000000000e+05
1.453102000000000000e+06
9.956480000000000000e+05
1.504275000000000000e+06
1.911080000000000000e+05
1.820888000000000000e+06
1.084696000000000000e+06
2.175410000000000000e+05
1.825980000000000000e+06
1.569990000000000000e+06
2.573810000000000000e+05
6.475720000000000000e+05
1.723157000000000000e+06
7.005120000000000000e+05
9.276980000000000000e+05
5.298430000000000000e+05
1.030939000000000000e+06
6.402930000000000000e+05
1.068033000000000000e+06
6.748930000000000000e+05
1.131917000000000000e+06
4.745460000000000000e+05
4.583330000000000000e+05
5.073130000000000000e+05
7.263950000000000000e+05
1.306444000000000000e+06
1.260096000000000000e+06
1.752334000000000000e+06
1.711107000000000000e+06
1.345550000000000000e+06
1.255407000000000000e+06
1.026125000000000000e+06
1.594571000000000000e+06
7.047440000000000000e+05
5.462100000000000000e+05
4.319110000000000000e+05
1.196880000000000000e+06
3.898790000000000000e+05
1.324469000000000000e+06
1.242788000000000000e+06
1.091840000000000000e+06
6.538170000000000000e+05
1.792208000000000000e+06
1.125579000000000000e+06
4.982740000000000000e+05
1.370444000000000000e+06
1.398872000000000000e+06
1.012723000000000000e+06
1.548971000000000000e+06
1.158224000000000000e+06
1.274333000000000000e+06
2.022390000000000000e+05
1.745099000000000000e+06
1.333220000000000000e+06
1.534900000000000000e+05
7.434160000000000000e+05
5.294080000000000000e+05
6.763880000000000000e+05
6.793640000000000000e+05
5.824170000000000000e+05
1.271710000000000000e+05
1.669905000000000000e+06
1.415460000000000000e+05
1.709880000000000000e+06
1.855531000000000000e+06
1.678978000000000000e+06
1.028658000000000000e+06
1.631420000000000000e+06
1.056448000000000000e+06
1.342597000000000000e+06
1.352971000000000000e+06
6.571500000000000000e+05
1.287320000000000000e+06
6.586220000000000000e+05
1.708269000000000000e+06
1.437255000000000000e+06
1.731721000000000000e+06
1.785197000000000000e+06
2.357690000000000000e+05
9.359160000000000000e+05
3.642350000000000000e+05
3.041910000000000000e+05
1.762698000000000000e+06
1.435422000000000000e+06
2.478550000000000000e+05
2.029410000000000000e+05
1.285455000000000000e+06
1.758574000000000000e+06
1.419244000000000000e+06
1.664084000000000000e+06
6.928520000000000000e+05
8.106600000000000000e+04
8.965200000000000000e+04
1.462599000000000000e+06
5.013540000000000000e+05
3.316790000000000000e+05
1.557780000000000000e+05
1.830549000000000000e+06
1.840709000000000000e+06
5.871680000000000000e+05
1.650558000000000000e+06
9.268820000000000000e+05
5.004150000000000000e+05
9.236600000000000000e+04
5.703770000000000000e+05
1.830173000000000000e+06
3.150380000000000000e+05
8.965960000000000000e+05
1.848410000000000000e+06
1.590180000000000000e+05
1.137142000000000000e+06
4.792700000000000000e+04
1.179859000000000000e+06
1.337770000000000000e+05
1.549357000000000000e+06
1.087465000000000000e+06
1.323083000000000000e+06
1.258759000000000000e+06
1.456857000000000000e+06
2.293710000000000000e+05
1.828272000000000000e+06
1.666389000000000000e+06
3.650030000000000000e+05
1.260776000000000000e+06
1.571404000000000000e+06
1.296808000000000000e+06
1.706437000000000000e+06
1.080175000000000000e+06
1.710242000000000000e+06
1.393141000000000000e+06
7.210880000000000000e+05
1.474721000000000000e+06
3.660790000000000000e+05
1.779527000000000000e+06
1.161320000000000000e+06
1.342986000000000000e+06
1.581510000000000000e+06
1.382549000000000000e+06
1.211356000000000000e+06
9.208140000000000000e+05
1.653701000000000000e+06
7.956560000000000000e+05
8.392820000000000000e+05
5.797860000000000000e+05
1.658113000000000000e+06
5.035900000000000000e+04
1.770436000000000000e+06
7.244770000000000000e+05
1.396172000000000000e+06
2.073730000000000000e+05
1.825317000000000000e+06
1.379818000000000000e+06
4.588350000000000000e+05
1.311493000000000000e+06
1.627861000000000000e+06
1.444976000000000000e+06
1.461388000000000000e+06
1.135478000000000000e+06
1.320746000000000000e+06
1.816899000000000000e+06
1.622178000000000000e+06
2.041900000000000000e+04
1.828610000000000000e+06
1.453566000000000000e+06
1.606708000000000000e+06
1.279738000000000000e+06
9.526840000000000000e+05
6.349450000000000000e+05
6.656150000000000000e+05
1.454403000000000000e+06
9.372340000000000000e+05
2.308020000000000000e+05
1.620457000000000000e+06
1.131528000000000000e+06
1.657087000000000000e+06
1.825076000000000000e+06
8.652600000000000000e+05
1.780763000000000000e+06
5.073300000000000000e+04
3.879550000000000000e+05
1.710876000000000000e+06
4.998970000000000000e+05
5.891810000000000000e+05
9.376710000000000000e+05
5.681880000000000000e+05
1.519974000000000000e+06
1.230791000000000000e+06
5.301230000000000000e+05
4.612780000000000000e+05
1.235886000000000000e+06
3.769920000000000000e+05
2.376800000000000000e+05
1.833003000000000000e+06
3.836300000000000000e+04
1.382134000000000000e+06
1.847935000000000000e+06
3.702760000000000000e+05
1.632056000000000000e+06
9.433770000000000000e+05
1.650711000000000000e+06
2.983000000000000000e+05
1.572563000000000000e+06
2.506610000000000000e+05
3.755790000000000000e+05
9.433610000000000000e+05
8.951800000000000000e+05
5.621860000000000000e+05
2.894460000000000000e+05
9.508510000000000000e+05
1.581370000000000000e+06
1.025187000000000000e+06
1.856442000000000000e+06
1.735110000000000000e+05
1.230947000000000000e+06
9.543830000000000000e+05
1.630243000000000000e+06
1.425248000000000000e+06
1.592589000000000000e+06
1.237267000000000000e+06
1.722478000000000000e+06
9.296650000000000000e+05
2.255790000000000000e+05
3.471240000000000000e+05
8.895300000000000000e+04
1.096790000000000000e+06
1.825930000000000000e+06
1.831736000000000000e+06
1.316656000000000000e+06
4.397860000000000000e+05
1.531701000000000000e+06
1.566079000000000000e+06
1.851091000000000000e+06
7.306700000000000000e+05
1.779432000000000000e+06
7.071440000000000000e+05
1.603087000000000000e+06
1.635913000000000000e+06
5.327460000000000000e+05
2.121110000000000000e+05
1.235098000000000000e+06
1.445257000000000000e+06
1.380817000000000000e+06
1.149883000000000000e+06
4.773420000000000000e+05
5.709310000000000000e+05
3.180990000000000000e+05
1.587356000000000000e+06
6.950390000000000000e+05
4.617060000000000000e+05
1.463138000000000000e+06
1.369053000000000000e+06
1.716669000000000000e+06
1.682974000000000000e+06
1.559235000000000000e+06
1.487382000000000000e+06
1.571540000000000000e+06
5.618990000000000000e+05
7.663230000000000000e+05
7.490370000000000000e+05
1.737896000000000000e+06
1.812755000000000000e+06
1.413716000000000000e+06
3.855500000000000000e+04
4.994460000000000000e+05
4.665680000000000000e+05
1.635035000000000000e+06
1.657508000000000000e+06
2.747780000000000000e+05
5.762500000000000000e+05
4.507460000000000000e+05
4.669110000000000000e+05
1.274389000000000000e+06
1.364958000000000000e+06
1.480599000000000000e+06
1.820570000000000000e+05
1.845193000000000000e+06
1.828732000000000000e+06
1.256560000000000000e+05
1.718486000000000000e+06
1.443019000000000000e+06
1.633543000000000000e+06
5.783440000000000000e+05
5.816380000000000000e+05
1.295347000000000000e+06
5.392630000000000000e+05
1.821742000000000000e+06
9.175690000000000000e+05
1.742991000000000000e+06
1.227088000000000000e+06
9.185100000000000000e+04
1.825719000000000000e+06
1.813120000000000000e+05
1.024212000000000000e+06
1.113350000000000000e+05
9.407230000000000000e+05
1.384501000000000000e+06
1.356892000000000000e+06
1.247843000000000000e+06
2.145690000000000000e+05
8.852540000000000000e+05
5.053660000000000000e+05
1.638413000000000000e+06
1.073570000000000000e+06
5.702630000000000000e+05
3.019960000000000000e+05
9.163030000000000000e+05
1.233312000000000000e+06
3.381630000000000000e+05
1.587910000000000000e+06
1.828229000000000000e+06
9.280480000000000000e+05
1.319229000000000000e+06
1.394460000000000000e+06
6.426290000000000000e+05
1.249673000000000000e+06
1.180120000000000000e+05
1.378542000000000000e+06
1.216431000000000000e+06
1.779434000000000000e+06
1.103390000000000000e+06
1.701860000000000000e+05
1.333964000000000000e+06
5.815380000000000000e+05
7.010570000000000000e+05
7.926400000000000000e+04
3.203380000000000000e+05
1.830714000000000000e+06
4.840210000000000000e+05
6.722010000000000000e+05
1.337924000000000000e+06
1.184500000000000000e+04
9.943200000000000000e+04
6.847320000000000000e+05
2.323880000000000000e+05
6.773130000000000000e+05
1.637775000000000000e+06
1.849685000000000000e+06
1.560365000000000000e+06
1.525499000000000000e+06
1.760742000000000000e+06
1.493136000000000000e+06
2.473330000000000000e+05
1.783054000000000000e+06
1.480950000000000000e+06
7.422960000000000000e+05
7.163590000000000000e+05
7.257900000000000000e+04
1.652044000000000000e+06
3.379040000000000000e+05
1.295029000000000000e+06
7.268600000000000000e+04
1.260641000000000000e+06
1.450677000000000000e+06
1.523462000000000000e+06
9.312780000000000000e+05
1.732477000000000000e+06
4.593640000000000000e+05
1.568710000000000000e+06
9.279220000000000000e+05
9.357100000000000000e+05
1.322932000000000000e+06
9.156040000000000000e+05
8.724940000000000000e+05
1.569187000000000000e+06
1.207952000000000000e+06
1.779347000000000000e+06
1.487300000000000000e+04
1.380253000000000000e+06
1.844166000000000000e+06
1.312238000000000000e+06
1.030586000000000000e+06
1.383866000000000000e+06
1.712945000000000000e+06
1.556096000000000000e+06
2.827870000000000000e+05
1.294720000000000000e+06
5.878000000000000000e+05
1.783280000000000000e+06
4.477230000000000000e+05
1.026986000000000000e+06
1.633715000000000000e+06
3.284550000000000000e+05
7.979600000000000000e+04
1.320068000000000000e+06
4.271530000000000000e+05
5.304120000000000000e+05
3.036540000000000000e+05
9.229860000000000000e+05
3.717720000000000000e+05
1.436216000000000000e+06
5.486590000000000000e+05
1.784242000000000000e+06
5.073700000000000000e+05
1.809442000000000000e+06
1.219261000000000000e+06
1.528241000000000000e+06
3.760890000000000000e+05
1.835110000000000000e+06
1.853161000000000000e+06
1.227384000000000000e+06
1.197329000000000000e+06
5.737810000000000000e+05
2.763500000000000000e+04
1.205070000000000000e+05
5.951750000000000000e+05
1.229195000000000000e+06
1.743354000000000000e+06
4.274560000000000000e+05
4.052360000000000000e+05
1.856530000000000000e+05
5.302440000000000000e+05
6.954530000000000000e+05
7.366390000000000000e+05
6.609200000000000000e+05
1.401448000000000000e+06
1.845761000000000000e+06
1.301366000000000000e+06
1.516332000000000000e+06
6.334440000000000000e+05
1.436166000000000000e+06
1.525067000000000000e+06
9.318900000000000000e+05
1.110283000000000000e+06
3.194560000000000000e+05
1.269928000000000000e+06
1.826425000000000000e+06
5.964450000000000000e+05
1.414657000000000000e+06
1.332077000000000000e+06
1.322195000000000000e+06
3.376770000000000000e+05
1.547529000000000000e+06
1.643372000000000000e+06
1.715629000000000000e+06
2.767110000000000000e+05
1.450831000000000000e+06
1.316522000000000000e+06
9.411190000000000000e+05
1.581044000000000000e+06
5.015740000000000000e+05
6.510090000000000000e+05
2.664150000000000000e+05
1.845982000000000000e+06
4.506070000000000000e+05
7.187750000000000000e+05
1.321128000000000000e+06
3.214400000000000000e+05
9.527130000000000000e+05
3.120080000000000000e+05
1.437651000000000000e+06
1.472009000000000000e+06
5.580720000000000000e+05
1.627442000000000000e+06
1.717857000000000000e+06
1.405415000000000000e+06
1.308770000000000000e+05
9.402100000000000000e+04
6.695900000000000000e+05
1.430360000000000000e+05
1.761515000000000000e+06
1.673936000000000000e+06
5.710700000000000000e+04
1.582842000000000000e+06
1.717662000000000000e+06
9.119100000000000000e+05
1.470176000000000000e+06
1.575178000000000000e+06
2.609550000000000000e+05
1.781442000000000000e+06
1.083807000000000000e+06
8.966130000000000000e+05
1.287158000000000000e+06
1.262536000000000000e+06
1.274540000000000000e+06
1.440267000000000000e+06
1.359217000000000000e+06
1.573671000000000000e+06
1.696449000000000000e+06
3.818020000000000000e+05
1.846123000000000000e+06
1.467947000000000000e+06
6.941880000000000000e+05
1.276443000000000000e+06
2.772970000000000000e+05
3.318510000000000000e+05
6.241980000000000000e+05
1.560731000000000000e+06
6.176980000000000000e+05
1.654762000000000000e+06
6.117140000000000000e+05
8.213700000000000000e+04
1.332194000000000000e+06
3.823510000000000000e+05
2.540720000000000000e+05
1.088325000000000000e+06
1.254337000000000000e+06
1.309280000000000000e+05
9.283860000000000000e+05
1.850600000000000000e+04
1.794968000000000000e+06
5.684230000000000000e+05
6.195400000000000000e+05
1.455502000000000000e+06
5.266790000000000000e+05
6.830730000000000000e+05
1.853345000000000000e+06
4.655230000000000000e+05
1.826569000000000000e+06
1.827840000000000000e+06
4.483450000000000000e+05
8.979600000000000000e+04
1.050653000000000000e+06
2.889820000000000000e+05
3.900260000000000000e+05
1.101124000000000000e+06
1.845922000000000000e+06
1.066250000000000000e+06
1.833254000000000000e+06
6.554360000000000000e+05
6.149670000000000000e+05
5.768160000000000000e+05
1.114938000000000000e+06
1.039784000000000000e+06
7.213110000000000000e+05
6.099480000000000000e+05
2.354250000000000000e+05
1.095313000000000000e+06
1.628493000000000000e+06
7.015050000000000000e+05
7.374780000000000000e+05
1.557172000000000000e+06
3.218440000000000000e+05
3.862840000000000000e+05
1.255183000000000000e+06
1.825847000000000000e+06
1.715045000000000000e+06
1.621986000000000000e+06
4.527950000000000000e+05
5.284570000000000000e+05
3.747050000000000000e+05
1.268858000000000000e+06
1.234172000000000000e+06
1.995940000000000000e+05
9.318910000000000000e+05
4.313110000000000000e+05
1.854393000000000000e+06
1.058900000000000000e+06
8.521000000000000000e+03
2.039360000000000000e+05
1.457994000000000000e+06
1.241966000000000000e+06
1.611915000000000000e+06
5.253200000000000000e+05
1.643402000000000000e+06
1.782985000000000000e+06
1.752466000000000000e+06
1.216952000000000000e+06
1.076613000000000000e+06
1.841320000000000000e+05
1.522790000000000000e+06
7.074840000000000000e+05
9.715480000000000000e+05
3.855440000000000000e+05
1.242535000000000000e+06
1.751511000000000000e+06
1.099429000000000000e+06
1.569857000000000000e+06
1.674222000000000000e+06
1.043659000000000000e+06
1.688828000000000000e+06
1.455082000000000000e+06
3.261500000000000000e+04
1.808607000000000000e+06
1.524273000000000000e+06
1.293231000000000000e+06
1.531692000000000000e+06
3.502270000000000000e+05
3.172710000000000000e+05
5.104810000000000000e+05
1.572550000000000000e+06
3.324940000000000000e+05
1.121910000000000000e+05
1.130846000000000000e+06
1.678938000000000000e+06
1.159181000000000000e+06
1.603912000000000000e+06
7.049510000000000000e+05
4.606490000000000000e+05
1.621943000000000000e+06
5.015700000000000000e+04
6.766410000000000000e+05
3.034430000000000000e+05
1.274758000000000000e+06
1.240444000000000000e+06
1.455009000000000000e+06
6.753120000000000000e+05
1.444403000000000000e+06
1.550914000000000000e+06
9.255030000000000000e+05
6.388860000000000000e+05
9.053100000000000000e+04
1.788217000000000000e+06
2.348350000000000000e+05
1.086900000000000000e+06
1.759428000000000000e+06
1.322606000000000000e+06
1.835884000000000000e+06
1.064770000000000000e+06
1.527406000000000000e+06
1.558700000000000000e+06
2.116260000000000000e+05
1.028905000000000000e+06
1.363357000000000000e+06
1.764109000000000000e+06
1.314024000000000000e+06
1.219871000000000000e+06
1.748512000000000000e+06
1.558147000000000000e+06
1.748475000000000000e+06
1.320170000000000000e+06
9.017300000000000000e+04
1.524819000000000000e+06
1.275299000000000000e+06
1.397135000000000000e+06
1.565444000000000000e+06
8.938900000000000000e+04
1.664888000000000000e+06
1.080497000000000000e+06
1.433711000000000000e+06
1.705233000000000000e+06
9.306300000000000000e+05
1.849016000000000000e+06
1.845729000000000000e+06
1.138719000000000000e+06
1.659706000000000000e+06
1.849182000000000000e+06
2.200270000000000000e+05
5.724770000000000000e+05
3.565690000000000000e+05
1.813722000000000000e+06
3.781430000000000000e+05
1.660133000000000000e+06
1.752316000000000000e+06
1.328194000000000000e+06
3.417450000000000000e+05
1.124516000000000000e+06
1.324805000000000000e+06
1.188906000000000000e+06
1.223160000000000000e+05
1.593437000000000000e+06
4.381580000000000000e+05
1.207511000000000000e+06
1.762248000000000000e+06
1.731637000000000000e+06
1.099240000000000000e+06
1.157492000000000000e+06
1.673264000000000000e+06
1.739131000000000000e+06
1.471830000000000000e+06
2.627700000000000000e+04
3.451080000000000000e+05
1.122677000000000000e+06
7.155480000000000000e+05
1.495287000000000000e+06
2.527190000000000000e+05
1.283306000000000000e+06
1.059767000000000000e+06
1.233085000000000000e+06
4.214910000000000000e+05
5.053130000000000000e+05
2.896210000000000000e+05
1.453825000000000000e+06
9.306190000000000000e+05
7.367230000000000000e+05
1.130562000000000000e+06
6.366610000000000000e+05
4.380240000000000000e+05
1.251017000000000000e+06
2.015310000000000000e+05
2.536070000000000000e+05
2.002000000000000000e+05
1.464688000000000000e+06
1.032706000000000000e+06
1.759004000000000000e+06
1.620701000000000000e+06
1.434310000000000000e+06
1.676679000000000000e+06
6.218970000000000000e+05
5.617050000000000000e+05
1.970340000000000000e+05
2.268600000000000000e+04
9.309000000000000000e+05
1.476321000000000000e+06
1.827288000000000000e+06
1.716383000000000000e+06
1.337185000000000000e+06
1.633683000000000000e+06
4.951320000000000000e+05
1.668479000000000000e+06
1.099190000000000000e+05
1.349761000000000000e+06
1.253098000000000000e+06
1.762341000000000000e+06
1.155936000000000000e+06
1.082703000000000000e+06
1.840658000000000000e+06
2.212420000000000000e+05
1.232201000000000000e+06
1.654473000000000000e+06
1.808599000000000000e+06
4.247880000000000000e+05
3.885260000000000000e+05
1.366427000000000000e+06
1.260366000000000000e+06
1.788175000000000000e+06
1.689961000000000000e+06
7.303400000000000000e+04
5.286870000000000000e+05
3.109890000000000000e+05
1.693606000000000000e+06
1.658030000000000000e+06
1.226517000000000000e+06
1.351063000000000000e+06
2.038720000000000000e+05
5.660620000000000000e+05
3.678830000000000000e+05
1.652500000000000000e+04
1.477937000000000000e+06
1.377202000000000000e+06
8.899620000000000000e+05
5.196350000000000000e+05
4.030040000000000000e+05
1.377690000000000000e+05
1.826484000000000000e+06
5.513920000000000000e+05
9.322790000000000000e+05
1.382966000000000000e+06
9.861300000000000000e+05
9.514070000000000000e+05
1.688354000000000000e+06
1.353396000000000000e+06
1.770857000000000000e+06
1.702800000000000000e+05
6.430070000000000000e+05
1.634069000000000000e+06
1.473981000000000000e+06
6.634850000000000000e+05
1.561609000000000000e+06
1.603156000000000000e+06
1.899010000000000000e+05
1.810048000000000000e+06
4.388800000000000000e+05
1.834152000000000000e+06
1.469116000000000000e+06
1.546011000000000000e+06
1.225103000000000000e+06
1.826963000000000000e+06
1.628943000000000000e+06
1.414045000000000000e+06
1.518109000000000000e+06
1.390470000000000000e+05
1.227170000000000000e+06
7.137250000000000000e+05
1.320878000000000000e+06
1.843796000000000000e+06
1.811320000000000000e+05
6.370260000000000000e+05
1.217416000000000000e+06
3.733600000000000000e+04
1.408950000000000000e+05
1.719800000000000000e+04
3.021370000000000000e+05
1.849712000000000000e+06
8.963070000000000000e+05
3.516760000000000000e+05
3.024100000000000000e+05
4.905740000000000000e+05
7.029800000000000000e+04
7.232590000000000000e+05
1.453791000000000000e+06
2.422290000000000000e+05
1.202900000000000000e+04
4.446200000000000000e+04
1.225984000000000000e+06
1.550507000000000000e+06
7.000420000000000000e+05
5.591500000000000000e+04
1.853405000000000000e+06
1.114209000000000000e+06
7.694460000000000000e+05
6.950320000000000000e+05
1.478887000000000000e+06
2.240230000000000000e+05
6.752690000000000000e+05
1.710086000000000000e+06
1.376310000000000000e+06
1.275128000000000000e+06
3.120440000000000000e+05
1.189516000000000000e+06
1.716429000000000000e+06
6.088400000000000000e+05
2.457960000000000000e+05
4.849600000000000000e+04
1.834770000000000000e+06
1.718990000000000000e+05
9.520190000000000000e+05
4.512460000000000000e+05
2.797670000000000000e+05
9.375660000000000000e+05
1.613853000000000000e+06
4.442810000000000000e+05
1.298208000000000000e+06
5.004400000000000000e+05
1.706541000000000000e+06
9.297390000000000000e+05
1.347299000000000000e+06
1.738420000000000000e+05
1.631857000000000000e+06
1.208048000000000000e+06
1.371787000000000000e+06
3.416530000000000000e+05
3.718500000000000000e+04
1.751354000000000000e+06
1.276754000000000000e+06
9.265500000000000000e+04
1.462291000000000000e+06
9.159700000000000000e+04
2.334770000000000000e+05
8.564400000000000000e+05
8.126140000000000000e+05
7.743650000000000000e+05
4.734920000000000000e+05
1.425921000000000000e+06
1.393954000000000000e+06
1.833138000000000000e+06
2.115230000000000000e+05
6.677950000000000000e+05
2.875700000000000000e+04
1.160059000000000000e+06
3.175800000000000000e+05
1.519239000000000000e+06
5.825510000000000000e+05
5.137620000000000000e+05
7.048180000000000000e+05
7.197610000000000000e+05
7.647460000000000000e+05
1.125179000000000000e+06
1.124172000000000000e+06
1.369242000000000000e+06
7.175460000000000000e+05
1.681865000000000000e+06
3.709700000000000000e+04
1.342145000000000000e+06
1.121898000000000000e+06
1.718349000000000000e+06
1.519124000000000000e+06
1.969170000000000000e+05
1.617970000000000000e+05
3.707610000000000000e+05
5.213520000000000000e+05
5.054260000000000000e+05
7.859000000000000000e+04
1.318836000000000000e+06
6.796160000000000000e+05
1.528705000000000000e+06
1.224966000000000000e+06
4.784900000000000000e+04
4.367090000000000000e+05
5.149300000000000000e+04
1.729848000000000000e+06
4.771600000000000000e+04
5.355800000000000000e+04
1.345341000000000000e+06
3.232880000000000000e+05
6.971660000000000000e+05
4.114620000000000000e+05
7.587460000000000000e+05
5.131610000000000000e+05
1.156121000000000000e+06
1.034100000000000000e+04
1.265442000000000000e+06
1.476829000000000000e+06
1.492651000000000000e+06
1.382251000000000000e+06
1.798030000000000000e+05
1.276799000000000000e+06
1.539444000000000000e+06
1.514428000000000000e+06
9.539130000000000000e+05
2.891200000000000000e+05
1.713195000000000000e+06
1.090670000000000000e+05
1.628708000000000000e+06
1.817303000000000000e+06
1.789680000000000000e+05
1.424510000000000000e+05
1.484999000000000000e+06
1.602576000000000000e+06
3.154140000000000000e+05
3.811730000000000000e+05
1.713029000000000000e+06
1.250808000000000000e+06
7.159310000000000000e+05
1.089894000000000000e+06
1.276559000000000000e+06
1.719786000000000000e+06
1.418228000000000000e+06
2.860980000000000000e+05
1.471460000000000000e+05
5.524570000000000000e+05
3.117120000000000000e+05
4.713840000000000000e+05
3.097120000000000000e+05
4.903240000000000000e+05
1.252301000000000000e+06
5.805380000000000000e+05
5.557400000000000000e+04
1.627498000000000000e+06
1.616429000000000000e+06
5.258230000000000000e+05
5.493480000000000000e+05
1.776019000000000000e+06
1.543507000000000000e+06
1.387382000000000000e+06
1.795931000000000000e+06
4.740600000000000000e+04
1.351012000000000000e+06
1.380435000000000000e+06
1.557202000000000000e+06
1.220251000000000000e+06
1.675577000000000000e+06
3.952300000000000000e+04
1.239050000000000000e+06
1.252323000000000000e+06
5.606700000000000000e+04
1.346546000000000000e+06
1.102432000000000000e+06
1.501904000000000000e+06
4.702700000000000000e+05
9.373400000000000000e+05
1.412608000000000000e+06
1.356133000000000000e+06
1.755575000000000000e+06
1.592130000000000000e+06
1.274421000000000000e+06
6.376530000000000000e+05
1.850624000000000000e+06
6.124880000000000000e+05
3.297630000000000000e+05
1.380365000000000000e+06
4.515640000000000000e+05
1.332006000000000000e+06
8.953590000000000000e+05
1.533296000000000000e+06
2.566700000000000000e+05
1.055230000000000000e+05
1.785126000000000000e+06
1.204208000000000000e+06
1.324102000000000000e+06
1.270733000000000000e+06
1.538840000000000000e+05
1.575542000000000000e+06
1.648750000000000000e+05
1.591002000000000000e+06
1.771804000000000000e+06
7.192710000000000000e+05
1.279152000000000000e+06
5.687630000000000000e+05
1.729333000000000000e+06
1.945080000000000000e+05
1.073299000000000000e+06
1.652097000000000000e+06
1.213154000000000000e+06
1.833718000000000000e+06
1.357619000000000000e+06
9.262390000000000000e+05
1.196150000000000000e+05
1.670660000000000000e+06
4.420820000000000000e+05
4.105270000000000000e+05
4.947670000000000000e+05
3.464700000000000000e+04
2.830310000000000000e+05
1.467155000000000000e+06
5.968480000000000000e+05
1.838729000000000000e+06
6.677650000000000000e+05
1.655722000000000000e+06
1.124747000000000000e+06
1.678954000000000000e+06
5.857260000000000000e+05
8.727000000000000000e+04
1.521842000000000000e+06
1.679264000000000000e+06
1.414793000000000000e+06
1.200445000000000000e+06
3.383480000000000000e+05
5.556800000000000000e+05
1.583527000000000000e+06
1.345422000000000000e+06
1.673138000000000000e+06
1.161885000000000000e+06
1.419400000000000000e+05
1.523264000000000000e+06
3.265170000000000000e+05
1.279763000000000000e+06
3.687700000000000000e+04
3.108550000000000000e+05
2.113310000000000000e+05
1.379177000000000000e+06
1.632658000000000000e+06
3.571670000000000000e+05
1.366451000000000000e+06
1.532351000000000000e+06
5.200260000000000000e+05
1.943280000000000000e+05
1.455649000000000000e+06
9.542630000000000000e+05
1.219008000000000000e+06
6.395700000000000000e+04
1.378800000000000000e+06
1.435891000000000000e+06
1.412180000000000000e+05
1.774814000000000000e+06
4.400350000000000000e+05
3.277030000000000000e+05
2.964590000000000000e+05
4.441980000000000000e+05
1.986170000000000000e+05
1.429069000000000000e+06
5.527620000000000000e+05
1.602560000000000000e+05
3.115040000000000000e+05
6.836450000000000000e+05
9.821610000000000000e+05
1.715759000000000000e+06
1.732850000000000000e+06
1.320301000000000000e+06
4.648240000000000000e+05
1.523001000000000000e+06
9.403150000000000000e+05
1.099738000000000000e+06
1.342200000000000000e+05
2.474450000000000000e+05
4.410830000000000000e+05
9.356510000000000000e+05
1.818152000000000000e+06
3.404040000000000000e+05
1.627144000000000000e+06
3.916660000000000000e+05
1.565348000000000000e+06
1.343576000000000000e+06
1.795411000000000000e+06
1.809531000000000000e+06
1.814427000000000000e+06
1.565068000000000000e+06
3.709910000000000000e+05
1.848998000000000000e+06
1.829382000000000000e+06
4.982890000000000000e+05
1.380271000000000000e+06
1.314165000000000000e+06
1.714836000000000000e+06
1.596639000000000000e+06
1.310797000000000000e+06
1.822263000000000000e+06
5.340630000000000000e+05
2.611770000000000000e+05
5.151840000000000000e+05
1.517510000000000000e+06
3.516190000000000000e+05
1.351470000000000000e+05
2.213810000000000000e+05
1.148608000000000000e+06
2.022890000000000000e+05
1.806614000000000000e+06
1.340765000000000000e+06
3.541050000000000000e+05
1.537506000000000000e+06
1.261351000000000000e+06
1.783137000000000000e+06
1.156580000000000000e+06
1.455952000000000000e+06
4.208230000000000000e+05
6.177190000000000000e+05
5.719630000000000000e+05
3.872580000000000000e+05
7.174200000000000000e+04
1.762554000000000000e+06
1.621544000000000000e+06
1.598615000000000000e+06
1.758030000000000000e+06
3.922050000000000000e+05
4.587200000000000000e+04
7.274930000000000000e+05
1.620668000000000000e+06
4.797340000000000000e+05
7.560150000000000000e+05
6.792430000000000000e+05
1.278086000000000000e+06
1.215270000000000000e+05
5.567690000000000000e+05
1.198059000000000000e+06
3.285790000000000000e+05
1.710473000000000000e+06
5.873440000000000000e+05
1.390900000000000000e+06
1.843241000000000000e+06
7.372720000000000000e+05
1.828728000000000000e+06
1.519812000000000000e+06
1.437912000000000000e+06
1.805719000000000000e+06
9.732620000000000000e+05
5.149780000000000000e+05
1.468400000000000000e+04
8.933220000000000000e+05
1.833825000000000000e+06
2.494880000000000000e+05
5.063220000000000000e+05
7.205420000000000000e+05
1.159938000000000000e+06
4.479000000000000000e+05
2.329730000000000000e+05
2.310330000000000000e+05
1.222220000000000000e+06
1.988170000000000000e+05
1.217000000000000000e+04
1.716903000000000000e+06
1.358533000000000000e+06
1.636056000000000000e+06
1.368805000000000000e+06
7.579860000000000000e+05
1.719182000000000000e+06
5.111450000000000000e+05
1.650792000000000000e+06
1.110390000000000000e+05
1.818189000000000000e+06
1.819826000000000000e+06
1.341065000000000000e+06
4.456060000000000000e+05
1.957200000000000000e+05
7.356380000000000000e+05
1.221659000000000000e+06
1.271174000000000000e+06
1.843304000000000000e+06
1.090330000000000000e+05
5.906040000000000000e+05
1.779465000000000000e+06
1.512969000000000000e+06
9.146600000000000000e+05
1.852569000000000000e+06
5.216090000000000000e+05
1.316253000000000000e+06
1.373102000000000000e+06
4.770830000000000000e+05
4.908130000000000000e+05
5.592600000000000000e+05
1.345728000000000000e+06
2.082620000000000000e+05
1.298449000000000000e+06
6.926970000000000000e+05
1.255389000000000000e+06
3.509400000000000000e+05
5.618320000000000000e+05
1.831523000000000000e+06
3.406090000000000000e+05
1.030104000000000000e+06
2.059000000000000000e+05
1.518598000000000000e+06
1.490979000000000000e+06
6.762830000000000000e+05
2.291130000000000000e+05
5.212030000000000000e+05
1.473137000000000000e+06
1.366542000000000000e+06
1.088128000000000000e+06
1.852782000000000000e+06
1.790858000000000000e+06
1.111478000000000000e+06
1.828424000000000000e+06
1.414977000000000000e+06
1.622740000000000000e+05
1.571148000000000000e+06
1.389810000000000000e+06
1.632909000000000000e+06
1.833993000000000000e+06
1.481784000000000000e+06
3.245350000000000000e+05
3.778630000000000000e+05
1.088484000000000000e+06
9.167160000000000000e+05
2.868210000000000000e+05
1.760555000000000000e+06
9.612050000000000000e+05
1.624290000000000000e+06
1.219996000000000000e+06
4.577080000000000000e+05
1.259193000000000000e+06
1.655538000000000000e+06
1.653737000000000000e+06
3.014560000000000000e+05
1.488317000000000000e+06
8.380300000000000000e+04
3.902360000000000000e+05
7.123630000000000000e+05
1.659558000000000000e+06
1.323479000000000000e+06
1.838670000000000000e+06
1.359050000000000000e+05
1.555200000000000000e+04
9.382460000000000000e+05
1.633689000000000000e+06
5.102560000000000000e+05
3.593960000000000000e+05
5.040300000000000000e+05
1.613900000000000000e+06
3.201020000000000000e+05
1.534654000000000000e+06
3.836230000000000000e+05
1.214058000000000000e+06
1.729166000000000000e+06
1.510253000000000000e+06
1.685644000000000000e+06
3.733820000000000000e+05
1.106431000000000000e+06
2.407930000000000000e+05
5.836460000000000000e+05
3.588930000000000000e+05
8.096400000000000000e+04
2.167300000000000000e+05
1.684370000000000000e+06
6.161420000000000000e+05
8.402300000000000000e+05
7.780660000000000000e+05
8.097980000000000000e+05
8.700920000000000000e+05
2.949450000000000000e+05
8.965230000000000000e+05
3.095780000000000000e+05
1.240820000000000000e+06
1.414339000000000000e+06
1.367029000000000000e+06
1.493501000000000000e+06
1.166730000000000000e+06
1.654581000000000000e+06
1.415059000000000000e+06
1.584400000000000000e+04
1.788580000000000000e+05
9.286600000000000000e+05
1.838179000000000000e+06
1.220401000000000000e+06
1.123450000000000000e+05
1.424832000000000000e+06
3.884250000000000000e+05
1.927740000000000000e+05
1.722110000000000000e+06
1.279288000000000000e+06
1.257286000000000000e+06
1.532587000000000000e+06
5.392290000000000000e+05
1.633894000000000000e+06
2.295300000000000000e+05
1.853818000000000000e+06
2.201880000000000000e+05
1.666117000000000000e+06
1.595960000000000000e+05
8.385120000000000000e+05
8.020670000000000000e+05
1.689750000000000000e+05
3.412460000000000000e+05
1.204195000000000000e+06
1.782464000000000000e+06
1.497425000000000000e+06
7.025700000000000000e+05
1.379633000000000000e+06
6.186660000000000000e+05
1.727560000000000000e+06
1.801179000000000000e+06
1.533370000000000000e+06
1.746122000000000000e+06
1.209165000000000000e+06
1.166190000000000000e+06
1.354010000000000000e+05
1.568495000000000000e+06
1.306570000000000000e+06
1.782564000000000000e+06
1.038992000000000000e+06
1.322350000000000000e+06
1.717748000000000000e+06
1.192651000000000000e+06
1.744567000000000000e+06
1.157172000000000000e+06
1.565275000000000000e+06
5.841430000000000000e+05
1.603595000000000000e+06
9.353240000000000000e+05
1.848179000000000000e+06
1.391740000000000000e+05
3.189030000000000000e+05
1.260150000000000000e+05
1.215745000000000000e+06
1.242397000000000000e+06
1.851606000000000000e+06
1.772827000000000000e+06
1.419353000000000000e+06
1.623340000000000000e+06
6.175570000000000000e+05
5.761000000000000000e+03
6.529200000000000000e+05
1.830454000000000000e+06
3.738770000000000000e+05
1.382344000000000000e+06
3.232050000000000000e+05
1.150211000000000000e+06
1.248675000000000000e+06
3.510300000000000000e+04
2.778870000000000000e+05
1.709260000000000000e+06
1.027192000000000000e+06
1.325038000000000000e+06
1.344834000000000000e+06
1.479900000000000000e+05
1.638933000000000000e+06
3.880290000000000000e+05
1.298315000000000000e+06
1.291830000000000000e+05
4.393220000000000000e+05
6.648200000000000000e+05
1.761574000000000000e+06
1.719040000000000000e+05
1.130300000000000000e+04
1.763870000000000000e+05
5.227530000000000000e+05
1.648530000000000000e+06
1.533353000000000000e+06
1.799540000000000000e+06
2.578540000000000000e+05
9.996620000000000000e+05
3.055600000000000000e+04
6.630620000000000000e+05
6.691680000000000000e+05
6.422890000000000000e+05
1.305870000000000000e+05
1.635408000000000000e+06
1.305300000000000000e+05
1.843132000000000000e+06
5.504250000000000000e+05
3.099100000000000000e+05
3.229620000000000000e+05
1.487393000000000000e+06
1.827801000000000000e+06
1.380417000000000000e+06
4.355310000000000000e+05
1.489520000000000000e+06
2.953710000000000000e+05
1.343750000000000000e+06
1.660821000000000000e+06
7.063310000000000000e+05
9.300230000000000000e+05
1.071783000000000000e+06
1.063865000000000000e+06
1.457290000000000000e+06
1.204928000000000000e+06
6.399600000000000000e+05
4.939030000000000000e+05
1.709405000000000000e+06
1.718098000000000000e+06
4.152650000000000000e+05
1.824221000000000000e+06
1.429340000000000000e+05
3.501060000000000000e+05
1.425265000000000000e+06
1.328892000000000000e+06
1.268686000000000000e+06
6.780410000000000000e+05
6.329800000000000000e+05
1.778761000000000000e+06
7.001480000000000000e+05
1.324022000000000000e+06
6.884450000000000000e+05
6.620470000000000000e+05
1.151738000000000000e+06
1.603821000000000000e+06
7.487090000000000000e+05
1.599615000000000000e+06
8.968870000000000000e+05
1.340660000000000000e+05
1.612070000000000000e+05
1.555433000000000000e+06
6.684870000000000000e+05
1.274680000000000000e+06
1.556121000000000000e+06
2.254700000000000000e+05
7.193760000000000000e+05
1.828111000000000000e+06
1.027715000000000000e+06
1.090580000000000000e+05
1.613591000000000000e+06
1.732855000000000000e+06
1.678779000000000000e+06
1.655167000000000000e+06
6.593500000000000000e+04
1.343287000000000000e+06
5.399730000000000000e+05
2.245100000000000000e+05
6.714530000000000000e+05
1.464797000000000000e+06
1.357580000000000000e+06
5.514510000000000000e+05
1.371305000000000000e+06
1.385157000000000000e+06
1.478870000000000000e+06
1.223431000000000000e+06
1.349511000000000000e+06
1.333299000000000000e+06
1.769010000000000000e+06
1.683163000000000000e+06
1.674340000000000000e+06
1.554488000000000000e+06
1.653313000000000000e+06
2.331830000000000000e+05
1.474617000000000000e+06
1.425356000000000000e+06
4.120880000000000000e+05
1.523195000000000000e+06
1.210061000000000000e+06
5.900140000000000000e+05
5.797420000000000000e+05
1.166157000000000000e+06
1.824164000000000000e+06
5.294130000000000000e+05
1.819983000000000000e+06
1.700847000000000000e+06
5.680270000000000000e+05
1.445597000000000000e+06
4.951300000000000000e+05
3.687220000000000000e+05
1.686690000000000000e+06
1.279576000000000000e+06
1.595864000000000000e+06
4.835870000000000000e+05
3.299410000000000000e+05
4.324400000000000000e+04
6.323870000000000000e+05
1.520461000000000000e+06
1.737977000000000000e+06
1.818487000000000000e+06
1.077562000000000000e+06
1.435423000000000000e+06
2.909540000000000000e+05
1.473924000000000000e+06
1.347420000000000000e+06
1.703949000000000000e+06
2.902530000000000000e+05
1.744309000000000000e+06
1.669400000000000000e+04
1.883300000000000000e+05
1.487250000000000000e+06
1.760772000000000000e+06
1.291089000000000000e+06
4.077590000000000000e+05
4.261940000000000000e+05
1.512710000000000000e+05
1.415473000000000000e+06
1.853606000000000000e+06
6.016200000000000000e+05
1.697094000000000000e+06
1.665837000000000000e+06
7.369040000000000000e+05
1.122980000000000000e+05
1.850741000000000000e+06
1.252592000000000000e+06
8.914790000000000000e+05
2.690080000000000000e+05
1.832192000000000000e+06
2.225920000000000000e+05
1.418539000000000000e+06
2.256750000000000000e+05
3.648870000000000000e+05
5.880700000000000000e+05
1.130739000000000000e+06
1.247317000000000000e+06
4.934810000000000000e+05
1.257084000000000000e+06
3.166130000000000000e+05
1.521562000000000000e+06
6.721400000000000000e+05
8.981800000000000000e+04
1.284384000000000000e+06
1.524451000000000000e+06
1.285185000000000000e+06
7.071740000000000000e+05
4.208110000000000000e+05
6.778800000000000000e+05
1.734081000000000000e+06
1.369510000000000000e+05
1.768806000000000000e+06
1.151099000000000000e+06
1.547016000000000000e+06
4.171150000000000000e+05
1.740691000000000000e+06
1.456786000000000000e+06
1.788457000000000000e+06
1.443264000000000000e+06
1.826714000000000000e+06
3.143260000000000000e+05
1.213500000000000000e+04
1.549030000000000000e+05
5.327170000000000000e+05
1.222677000000000000e+06
1.818126000000000000e+06
5.586520000000000000e+05
1.380295000000000000e+06
1.417554000000000000e+06
1.377154000000000000e+06
1.130907000000000000e+06
1.159628000000000000e+06
2.520150000000000000e+05
1.235646000000000000e+06
1.257413000000000000e+06
1.497202000000000000e+06
2.356850000000000000e+05
1.613775000000000000e+06
5.096330000000000000e+05
5.252100000000000000e+04
1.479912000000000000e+06
2.911730000000000000e+05
2.121600000000000000e+05
1.204940000000000000e+05
1.330299000000000000e+06
4.514360000000000000e+05
5.881580000000000000e+05
2.861720000000000000e+05
1.625092000000000000e+06
3.217730000000000000e+05
1.441046000000000000e+06
6.123190000000000000e+05
1.670282000000000000e+06
1.252308000000000000e+06
5.819270000000000000e+05
5.976720000000000000e+05
1.213226000000000000e+06
1.671396000000000000e+06
1.164299000000000000e+06
7.829900000000000000e+04
1.338950000000000000e+05
1.648210000000000000e+05
3.815620000000000000e+05
7.978400000000000000e+04
1.114768000000000000e+06
1.221180000000000000e+06
2.314260000000000000e+05
2.851150000000000000e+05
1.454374000000000000e+06
1.595850000000000000e+06
1.127150000000000000e+06
1.370153000000000000e+06
9.694590000000000000e+05
3.034120000000000000e+05
1.595998000000000000e+06
1.426652000000000000e+06
6.683780000000000000e+05
1.064687000000000000e+06
3.880250000000000000e+05
1.354379000000000000e+06
1.157773000000000000e+06
6.591090000000000000e+05
1.319716000000000000e+06
1.721321000000000000e+06
1.607585000000000000e+06
9.035810000000000000e+05
1.323144000000000000e+06
1.825606000000000000e+06
1.182964000000000000e+06
9.276790000000000000e+05
1.206816000000000000e+06
3.780800000000000000e+04
3.540820000000000000e+05
8.048200000000000000e+04
1.086055000000000000e+06
8.966040000000000000e+05
1.139717000000000000e+06
1.571956000000000000e+06
1.656320000000000000e+06
4.201500000000000000e+05
1.733479000000000000e+06
2.071960000000000000e+05
5.066000000000000000e+04
1.001320000000000000e+05
2.578860000000000000e+05
1.813576000000000000e+06
1.702100000000000000e+04
7.055360000000000000e+05
1.450536000000000000e+06
1.252039000000000000e+06
2.356440000000000000e+05
5.296970000000000000e+05
1.668450000000000000e+06
4.601870000000000000e+05
4.646210000000000000e+05
1.711391000000000000e+06
5.127000000000000000e+05
1.805249000000000000e+06
1.629693000000000000e+06
7.202210000000000000e+05
4.128530000000000000e+05
6.329650000000000000e+05
1.818057000000000000e+06
1.734666000000000000e+06
1.653322000000000000e+06
1.848661000000000000e+06
5.302490000000000000e+05
1.382259000000000000e+06
1.443029000000000000e+06
1.345897000000000000e+06
2.255860000000000000e+05
1.850699000000000000e+06
1.622574000000000000e+06
1.060067000000000000e+06
1.770590000000000000e+05
4.730660000000000000e+05
1.209118000000000000e+06
5.224930000000000000e+05
1.129362000000000000e+06
9.527470000000000000e+05
3.476100000000000000e+04
1.663576000000000000e+06
3.964020000000000000e+05
1.039430000000000000e+05
1.337007000000000000e+06
1.998440000000000000e+05
6.609260000000000000e+05
6.782570000000000000e+05
5.087590000000000000e+05
1.760153000000000000e+06
1.443405000000000000e+06
1.670694000000000000e+06
1.369420000000000000e+06
1.150507000000000000e+06
5.875370000000000000e+05
1.395510000000000000e+05
3.724740000000000000e+05
4.514220000000000000e+05
1.844645000000000000e+06
9.426380000000000000e+05
1.758431000000000000e+06
1.943720000000000000e+05
1.634275000000000000e+06
1.588268000000000000e+06
1.615845000000000000e+06
1.475007000000000000e+06
1.732701000000000000e+06
1.383104000000000000e+06
9.246430000000000000e+05
9.942710000000000000e+05
5.797870000000000000e+05
1.376299000000000000e+06
1.463300000000000000e+05
1.232777000000000000e+06
1.662261000000000000e+06
2.808130000000000000e+05
3.887340000000000000e+05
1.549849000000000000e+06
1.308680000000000000e+05
1.355152000000000000e+06
1.510174000000000000e+06
1.626921000000000000e+06
6.616640000000000000e+05
5.207810000000000000e+05
1.684114000000000000e+06
5.604310000000000000e+05
1.586090000000000000e+05
1.477997000000000000e+06
1.707279000000000000e+06
1.276801000000000000e+06
6.691180000000000000e+05
2.369830000000000000e+05
1.775472000000000000e+06
1.298001000000000000e+06
1.631135000000000000e+06
1.413864000000000000e+06
3.508660000000000000e+05
1.540188000000000000e+06
1.238188000000000000e+06
1.415931000000000000e+06
1.767825000000000000e+06
1.643973000000000000e+06
1.643488000000000000e+06
1.805750000000000000e+06
1.265200000000000000e+06
1.722340000000000000e+06
5.122620000000000000e+05
7.182790000000000000e+05
2.463560000000000000e+05
1.219414000000000000e+06
4.623990000000000000e+05
1.729629000000000000e+06
4.414400000000000000e+04
1.075581000000000000e+06
4.608740000000000000e+05
1.507540000000000000e+06
1.659941000000000000e+06
8.520640000000000000e+05
3.229880000000000000e+05
1.250141000000000000e+06
3.888750000000000000e+05
1.714451000000000000e+06
1.759978000000000000e+06
1.373309000000000000e+06
1.833044000000000000e+06
8.850680000000000000e+05
1.737368000000000000e+06
1.206903000000000000e+06
1.800018000000000000e+06
1.620739000000000000e+06
1.324519000000000000e+06
