1.831190000000000000e+06
1.828987000000000000e+06
1.792924000000000000e+06
9.194010000000000000e+05
2.399840000000000000e+05
9.366530000000000000e+05
7.290140000000000000e+05
1.466863000000000000e+06
5.566000000000000000e+04
1.830051000000000000e+06
1.802336000000000000e+06
1.269138000000000000e+06
1.670360000000000000e+06
1.421586000000000000e+06
1.194660000000000000e+06
1.757741000000000000e+06
1.529525000000000000e+06
1.758773000000000000e+06
1.280445000000000000e+06
1.530550000000000000e+05
3.969700000000000000e+05
3.050860000000000000e+05
3.056150000000000000e+05
1.456420000000000000e+05
1.629496000000000000e+06
1.660012000000000000e+06
1.550718000000000000e+06
2.479780000000000000e+05
3.522240000000000000e+05
5.004320000000000000e+05
1.392320000000000000e+06
4.228020000000000000e+05
4.305190000000000000e+05
1.137483000000000000e+06
1.773641000000000000e+06
4.126890000000000000e+05
1.643638000000000000e+06
1.562246000000000000e+06
1.365300000000000000e+05
5.166360000000000000e+05
2.649550000000000000e+05
4.043830000000000000e+05
3.799090000000000000e+05
1.481334000000000000e+06
6.947250000000000000e+05
1.448460000000000000e+05
1.506292000000000000e+06
1.799291000000000000e+06
1.106033000000000000e+06
6.108320000000000000e+05
2.374400000000000000e+05
9.505800000000000000e+04
5.448400000000000000e+05
1.270080000000000000e+06
1.772082000000000000e+06
1.684065000000000000e+06
1.374677000000000000e+06
3.170740000000000000e+05
5.248530000000000000e+05
1.710567000000000000e+06
1.939240000000000000e+05
1.489641000000000000e+06
3.803990000000000000e+05
8.878000000000000000e+03
1.839225000000000000e+06
1.792217000000000000e+06
1.466287000000000000e+06
1.521384000000000000e+06
9.958820000000000000e+05
1.778937000000000000e+06
