7.206420000000000000e+05
1.443233000000000000e+06
9.685010000000000000e+05
1.218607000000000000e+06
1.306191000000000000e+06
8.980000000000000000e+05
8.966110000000000000e+05
3.123260000000000000e+05
6.489450000000000000e+05
1.666180000000000000e+05
5.611100000000000000e+05
7.636070000000000000e+05
1.436632000000000000e+06
6.958400000000000000e+05
1.794425000000000000e+06
8.086300000000000000e+04
6.919540000000000000e+05
1.758205000000000000e+06
2.227880000000000000e+05
4.372080000000000000e+05
8.185000000000000000e+03
1.356765000000000000e+06
3.781980000000000000e+05
4.369610000000000000e+05
2.996760000000000000e+05
2.963870000000000000e+05
1.580359000000000000e+06
1.593449000000000000e+06
1.798046000000000000e+06
7.046520000000000000e+05
1.795918000000000000e+06
1.430951000000000000e+06
8.819990000000000000e+05
1.777785000000000000e+06
6.980330000000000000e+05
5.065030000000000000e+05
1.623700000000000000e+04
1.424758000000000000e+06
1.002100000000000000e+06
1.803824000000000000e+06
2.285650000000000000e+05
1.668431000000000000e+06
1.455288000000000000e+06
1.279084000000000000e+06
2.582340000000000000e+05
1.656100000000000000e+06
1.311892000000000000e+06
1.244600000000000000e+04
2.001640000000000000e+05
9.566530000000000000e+05
3.306180000000000000e+05
9.232510000000000000e+05
1.250797000000000000e+06
6.903460000000000000e+05
1.728849000000000000e+06
1.580959000000000000e+06
1.003772000000000000e+06
1.385275000000000000e+06
1.837489000000000000e+06
1.601255000000000000e+06
1.392144000000000000e+06
1.278672000000000000e+06
4.720690000000000000e+05
1.222344000000000000e+06
1.282842000000000000e+06
1.426355000000000000e+06
8.746430000000000000e+05
5.552020000000000000e+05
1.371931000000000000e+06
6.781470000000000000e+05
1.643740000000000000e+06
9.369370000000000000e+05
1.579797000000000000e+06
5.160800000000000000e+05
5.249830000000000000e+05
1.221199000000000000e+06
8.823710000000000000e+05
9.349490000000000000e+05
1.588725000000000000e+06
5.237580000000000000e+05
1.316150000000000000e+05
1.181090000000000000e+05
1.426289000000000000e+06
1.586717000000000000e+06
8.831000000000000000e+03
8.902720000000000000e+05
1.164376000000000000e+06
1.349310000000000000e+05
2.481590000000000000e+05
1.137514000000000000e+06
7.266160000000000000e+05
7.000780000000000000e+05
1.215953000000000000e+06
3.053870000000000000e+05
2.931200000000000000e+04
1.439565000000000000e+06
2.933700000000000000e+04
1.400616000000000000e+06
1.758871000000000000e+06
1.779839000000000000e+06
1.564121000000000000e+06
9.654900000000000000e+05
5.042380000000000000e+05
1.952700000000000000e+04
1.307190000000000000e+05
1.218303000000000000e+06
1.711215000000000000e+06
