1.851172000000000000e+06
1.116186000000000000e+06
1.116008000000000000e+06
8.719020000000000000e+05
7.304320000000000000e+05
8.702640000000000000e+05
7.754690000000000000e+05
8.214340000000000000e+05
9.612740000000000000e+05
1.522907000000000000e+06
1.569874000000000000e+06
1.227999000000000000e+06
1.292956000000000000e+06
1.362448000000000000e+06
3.861420000000000000e+05
9.665740000000000000e+05
7.286090000000000000e+05
7.279580000000000000e+05
1.112194000000000000e+06
8.661670000000000000e+05
1.115972000000000000e+06
6.991430000000000000e+05
1.851397000000000000e+06
1.007410000000000000e+05
2.873740000000000000e+05
1.363897000000000000e+06
1.661726000000000000e+06
1.851134000000000000e+06
1.632094000000000000e+06
1.847876000000000000e+06
1.118270000000000000e+06
9.645430000000000000e+05
1.469288000000000000e+06
4.214910000000000000e+05
1.567684000000000000e+06
1.523264000000000000e+06
1.353103000000000000e+06
3.634870000000000000e+05
3.126250000000000000e+05
1.387385000000000000e+06
9.092380000000000000e+05
1.484711000000000000e+06
1.333747000000000000e+06
4.938710000000000000e+05
7.271740000000000000e+05
1.018231000000000000e+06
1.613986000000000000e+06
2.038540000000000000e+05
9.544190000000000000e+05
1.006837000000000000e+06
3.623430000000000000e+05
1.463074000000000000e+06
1.560975000000000000e+06
7.281790000000000000e+05
4.208110000000000000e+05
1.346546000000000000e+06
1.024693000000000000e+06
1.830894000000000000e+06
1.357007000000000000e+06
3.143620000000000000e+05
3.847930000000000000e+05
7.305460000000000000e+05
1.056997000000000000e+06
1.851273000000000000e+06
1.660734000000000000e+06
3.481740000000000000e+05
1.891800000000000000e+04
3.658800000000000000e+04
6.675430000000000000e+05
1.522401000000000000e+06
1.719700000000000000e+04
1.219478000000000000e+06
7.278720000000000000e+05
7.303400000000000000e+04
1.732552000000000000e+06
1.004684000000000000e+06
7.353510000000000000e+05
1.034691000000000000e+06
1.129752000000000000e+06
6.609200000000000000e+05
1.333055000000000000e+06
1.260270000000000000e+06
5.867670000000000000e+05
1.386180000000000000e+06
2.659100000000000000e+05
2.037800000000000000e+05
1.827539000000000000e+06
1.352303000000000000e+06
3.460790000000000000e+05
1.268313000000000000e+06
1.112497000000000000e+06
1.850751000000000000e+06
3.027140000000000000e+05
8.834020000000000000e+05
1.003874000000000000e+06
1.260242000000000000e+06
1.355350000000000000e+05
3.144050000000000000e+05
1.800265000000000000e+06
6.056530000000000000e+05
1.834124000000000000e+06
9.613460000000000000e+05
1.320477000000000000e+06
1.274333000000000000e+06
1.651039000000000000e+06
2.434510000000000000e+05
1.379354000000000000e+06
8.866020000000000000e+05
3.644510000000000000e+05
2.202200000000000000e+05
7.513120000000000000e+05
1.198210000000000000e+05
1.530006000000000000e+06
4.507460000000000000e+05
2.245490000000000000e+05
1.117820000000000000e+06
1.823854000000000000e+06
3.831150000000000000e+05
1.811396000000000000e+06
8.962710000000000000e+05
1.846267000000000000e+06
1.388172000000000000e+06
1.703512000000000000e+06
1.108053000000000000e+06
8.050100000000000000e+04
1.709260000000000000e+06
5.588420000000000000e+05
1.681828000000000000e+06
9.176280000000000000e+05
1.851235000000000000e+06
7.733720000000000000e+05
6.192790000000000000e+05
1.556200000000000000e+04
3.406080000000000000e+05
2.073420000000000000e+05
7.076570000000000000e+05
4.456060000000000000e+05
7.328880000000000000e+05
3.724800000000000000e+04
3.223870000000000000e+05
9.715650000000000000e+05
7.388880000000000000e+05
1.822437000000000000e+06
1.106938000000000000e+06
7.348220000000000000e+05
1.457994000000000000e+06
1.961500000000000000e+04
3.720700000000000000e+04
3.032790000000000000e+05
1.006105000000000000e+06
1.854549000000000000e+06
5.664740000000000000e+05
1.800138000000000000e+06
3.105820000000000000e+05
1.034094000000000000e+06
3.884360000000000000e+05
6.265930000000000000e+05
1.660807000000000000e+06
9.356760000000000000e+05
3.504610000000000000e+05
1.233697000000000000e+06
2.441700000000000000e+04
1.388164000000000000e+06
1.054490000000000000e+05
7.444000000000000000e+05
1.829700000000000000e+06
1.615959000000000000e+06
1.772694000000000000e+06
8.965850000000000000e+05
1.601285000000000000e+06
1.710231000000000000e+06
3.241170000000000000e+05
1.352610000000000000e+05
1.873800000000000000e+04
4.302920000000000000e+05
3.404040000000000000e+05
1.565561000000000000e+06
1.375986000000000000e+06
1.061376000000000000e+06
1.115182000000000000e+06
3.157960000000000000e+05
1.723790000000000000e+05
6.555480000000000000e+05
1.634040000000000000e+05
1.091520000000000000e+05
7.168560000000000000e+05
1.576638000000000000e+06
5.306940000000000000e+05
3.816600000000000000e+04
9.287980000000000000e+05
7.336410000000000000e+05
1.355507000000000000e+06
1.123630000000000000e+05
2.740720000000000000e+05
6.615950000000000000e+05
1.651261000000000000e+06
1.615369000000000000e+06
1.824556000000000000e+06
1.580762000000000000e+06
1.623729000000000000e+06
2.723700000000000000e+04
1.846034000000000000e+06
1.569111000000000000e+06
1.615590000000000000e+06
1.388194000000000000e+06
1.195410000000000000e+05
4.459640000000000000e+05
1.713275000000000000e+06
5.557400000000000000e+04
5.498330000000000000e+05
1.489347000000000000e+06
1.652222000000000000e+06
5.307210000000000000e+05
3.783850000000000000e+05
1.051973000000000000e+06
5.848920000000000000e+05
1.463269000000000000e+06
1.474818000000000000e+06
7.806620000000000000e+05
8.190110000000000000e+05
8.545170000000000000e+05
9.926890000000000000e+05
9.624700000000000000e+05
6.284570000000000000e+05
1.522082000000000000e+06
9.005110000000000000e+05
5.896860000000000000e+05
6.529100000000000000e+05
1.237267000000000000e+06
9.312780000000000000e+05
1.616046000000000000e+06
1.756109000000000000e+06
1.667090000000000000e+06
1.335345000000000000e+06
1.256440000000000000e+06
1.362591000000000000e+06
9.675490000000000000e+05
1.565394000000000000e+06
1.280359000000000000e+06
1.758121000000000000e+06
3.375090000000000000e+05
1.387183000000000000e+06
1.601246000000000000e+06
1.581380000000000000e+06
1.357497000000000000e+06
1.450433000000000000e+06
9.893170000000000000e+05
3.015780000000000000e+05
1.566238000000000000e+06
5.302110000000000000e+05
1.126493000000000000e+06
6.590350000000000000e+05
1.604635000000000000e+06
1.504133000000000000e+06
1.752102000000000000e+06
1.222164000000000000e+06
7.831250000000000000e+05
8.145920000000000000e+05
1.617098000000000000e+06
1.639170000000000000e+06
9.664970000000000000e+05
1.160724000000000000e+06
1.097380000000000000e+05
5.808300000000000000e+05
4.560940000000000000e+05
1.430543000000000000e+06
9.488960000000000000e+05
1.696934000000000000e+06
1.712545000000000000e+06
1.161714000000000000e+06
1.640515000000000000e+06
4.405920000000000000e+05
1.722224000000000000e+06
1.378300000000000000e+05
7.284010000000000000e+05
1.166088000000000000e+06
1.297489000000000000e+06
1.955310000000000000e+05
3.393960000000000000e+05
1.632704000000000000e+06
3.859310000000000000e+05
2.628450000000000000e+05
1.393100000000000000e+05
6.571990000000000000e+05
6.677950000000000000e+05
1.270465000000000000e+06
1.850034000000000000e+06
1.183220000000000000e+05
4.389820000000000000e+05
6.391000000000000000e+03
1.978560000000000000e+05
1.322606000000000000e+06
1.163647000000000000e+06
1.617354000000000000e+06
8.981460000000000000e+05
1.094031000000000000e+06
9.694100000000000000e+04
2.475900000000000000e+04
6.922920000000000000e+05
3.820170000000000000e+05
9.497290000000000000e+05
1.820658000000000000e+06
2.496260000000000000e+05
1.373013000000000000e+06
4.870460000000000000e+05
6.845170000000000000e+05
1.659657000000000000e+06
1.323570000000000000e+06
3.792840000000000000e+05
1.008750000000000000e+05
7.268600000000000000e+04
1.497317000000000000e+06
4.278470000000000000e+05
1.849817000000000000e+06
7.232620000000000000e+05
1.624838000000000000e+06
3.680940000000000000e+05
1.615898000000000000e+06
3.005340000000000000e+05
1.424525000000000000e+06
8.882030000000000000e+05
1.750660000000000000e+06
1.570757000000000000e+06
2.873020000000000000e+05
5.830300000000000000e+04
1.691041000000000000e+06
3.153070000000000000e+05
1.121330000000000000e+05
5.334870000000000000e+05
1.706759000000000000e+06
1.845761000000000000e+06
7.333640000000000000e+05
1.206329000000000000e+06
1.254458000000000000e+06
1.163852000000000000e+06
1.114761000000000000e+06
8.734510000000000000e+05
1.353102000000000000e+06
1.259854000000000000e+06
1.588230000000000000e+06
9.425600000000000000e+05
7.625940000000000000e+05
1.706235000000000000e+06
4.173500000000000000e+05
2.474450000000000000e+05
1.523195000000000000e+06
1.603059000000000000e+06
2.817100000000000000e+05
4.389450000000000000e+05
1.851352000000000000e+06
1.467575000000000000e+06
3.759670000000000000e+05
3.808180000000000000e+05
4.935560000000000000e+05
1.294714000000000000e+06
1.225372000000000000e+06
1.968150000000000000e+05
4.489140000000000000e+05
4.392660000000000000e+05
1.734160000000000000e+05
1.488298000000000000e+06
1.232587000000000000e+06
1.652338000000000000e+06
4.509700000000000000e+04
8.067750000000000000e+05
7.688640000000000000e+05
4.398290000000000000e+05
1.591016000000000000e+06
1.391155000000000000e+06
1.559214000000000000e+06
1.833267000000000000e+06
1.605678000000000000e+06
1.099015000000000000e+06
1.106462000000000000e+06
1.200547000000000000e+06
1.673809000000000000e+06
1.606930000000000000e+06
1.728468000000000000e+06
1.397135000000000000e+06
1.778256000000000000e+06
2.686720000000000000e+05
1.030932000000000000e+06
6.947900000000000000e+05
5.769950000000000000e+05
1.596518000000000000e+06
1.625387000000000000e+06
1.488313000000000000e+06
7.169200000000000000e+04
1.221824000000000000e+06
9.544160000000000000e+05
1.082300000000000000e+05
1.631761000000000000e+06
4.676390000000000000e+05
6.608380000000000000e+05
1.637849000000000000e+06
1.771292000000000000e+06
1.240490000000000000e+05
5.272050000000000000e+05
1.358681000000000000e+06
1.686765000000000000e+06
8.982620000000000000e+05
1.765330000000000000e+05
8.961230000000000000e+05
9.162020000000000000e+05
9.663060000000000000e+05
1.293068000000000000e+06
1.544231000000000000e+06
1.368743000000000000e+06
1.639185000000000000e+06
8.942750000000000000e+05
2.485400000000000000e+04
1.493023000000000000e+06
2.947180000000000000e+05
1.371896000000000000e+06
1.651732000000000000e+06
1.357870000000000000e+06
3.584850000000000000e+05
8.938900000000000000e+04
1.146946000000000000e+06
1.651889000000000000e+06
1.590072000000000000e+06
1.732632000000000000e+06
1.987500000000000000e+04
1.478667000000000000e+06
1.624705000000000000e+06
2.758080000000000000e+05
1.641683000000000000e+06
1.670843000000000000e+06
1.663241000000000000e+06
1.801531000000000000e+06
2.979860000000000000e+05
6.699840000000000000e+05
1.551433000000000000e+06
1.103101000000000000e+06
1.447800000000000000e+04
1.366193000000000000e+06
9.546510000000000000e+05
1.852030000000000000e+05
1.665076000000000000e+06
1.207589000000000000e+06
7.439400000000000000e+05
1.081132000000000000e+06
1.143727000000000000e+06
1.347501000000000000e+06
7.242910000000000000e+05
9.289380000000000000e+05
9.631980000000000000e+05
1.729583000000000000e+06
2.972120000000000000e+05
7.326180000000000000e+05
4.444610000000000000e+05
9.031600000000000000e+04
1.780634000000000000e+06
7.288370000000000000e+05
1.225185000000000000e+06
6.385120000000000000e+05
1.230335000000000000e+06
1.103546000000000000e+06
1.194530000000000000e+06
1.227164000000000000e+06
5.293180000000000000e+05
1.080876000000000000e+06
5.151800000000000000e+05
1.730201000000000000e+06
2.354700000000000000e+04
3.669430000000000000e+05
1.043968000000000000e+06
1.102493000000000000e+06
7.047000000000000000e+03
1.182422000000000000e+06
1.286505000000000000e+06
1.646664000000000000e+06
3.017940000000000000e+05
