5.611170000000000000e+05
7.206420000000000000e+05
3.122220000000000000e+05
1.436632000000000000e+06
3.821810000000000000e+05
2.247980000000000000e+05
1.759549000000000000e+06
1.282842000000000000e+06
4.372080000000000000e+05
3.760400000000000000e+05
9.566530000000000000e+05
4.369610000000000000e+05
9.340170000000000000e+05
8.966110000000000000e+05
9.442970000000000000e+05
1.430951000000000000e+06
1.426289000000000000e+06
1.625100000000000000e+04
8.833550000000000000e+05
1.420939000000000000e+06
2.578110000000000000e+05
9.818600000000000000e+05
1.843313000000000000e+06
1.218607000000000000e+06
1.222344000000000000e+06
1.594566000000000000e+06
1.388633000000000000e+06
3.306130000000000000e+05
7.636070000000000000e+05
2.227880000000000000e+05
2.582340000000000000e+05
1.758096000000000000e+06
1.244600000000000000e+04
6.961520000000000000e+05
3.886200000000000000e+05
2.321400000000000000e+05
1.781284000000000000e+06
1.858660000000000000e+05
1.208608000000000000e+06
1.637550000000000000e+06
1.422454000000000000e+06
1.750562000000000000e+06
1.306191000000000000e+06
1.583169000000000000e+06
1.618153000000000000e+06
9.539130000000000000e+05
1.262400000000000000e+04
1.174950000000000000e+05
1.384178000000000000e+06
5.249830000000000000e+05
1.616140000000000000e+05
1.198815000000000000e+06
3.869850000000000000e+05
1.022789000000000000e+06
1.803824000000000000e+06
6.971380000000000000e+05
1.437810000000000000e+06
1.638491000000000000e+06
1.758109000000000000e+06
1.395989000000000000e+06
1.399580000000000000e+06
4.720690000000000000e+05
1.785556000000000000e+06
3.639290000000000000e+05
3.753660000000000000e+05
3.175740000000000000e+05
1.210374000000000000e+06
9.685010000000000000e+05
7.072680000000000000e+05
1.616320000000000000e+06
2.348740000000000000e+05
1.728849000000000000e+06
2.285650000000000000e+05
1.221199000000000000e+06
1.846475000000000000e+06
2.536980000000000000e+05
1.799242000000000000e+06
1.580359000000000000e+06
1.851991000000000000e+06
3.712110000000000000e+05
9.232510000000000000e+05
1.439418000000000000e+06
5.061900000000000000e+05
3.318820000000000000e+05
1.255128000000000000e+06
1.348805000000000000e+06
9.714150000000000000e+05
1.258893000000000000e+06
1.019463000000000000e+06
1.490784000000000000e+06
1.341430000000000000e+05
1.818487000000000000e+06
1.749925000000000000e+06
1.713603000000000000e+06
4.426530000000000000e+05
1.138252000000000000e+06
1.212824000000000000e+06
1.580959000000000000e+06
4.528070000000000000e+05
1.356765000000000000e+06
1.247655000000000000e+06
2.995350000000000000e+05
9.816350000000000000e+05
