1.208608000000000000e+06
5.611100000000000000e+05
1.306628000000000000e+06
4.369610000000000000e+05
3.122220000000000000e+05
6.960560000000000000e+05
1.174950000000000000e+05
2.995350000000000000e+05
1.616320000000000000e+06
6.837570000000000000e+05
2.247980000000000000e+05
7.206420000000000000e+05
1.594566000000000000e+06
8.966110000000000000e+05
1.420830000000000000e+06
8.807710000000000000e+05
1.057711000000000000e+06
1.208386000000000000e+06
9.818600000000000000e+05
4.720690000000000000e+05
1.138252000000000000e+06
1.422454000000000000e+06
9.539190000000000000e+05
5.249830000000000000e+05
1.759549000000000000e+06
1.728849000000000000e+06
1.443148000000000000e+06
2.578110000000000000e+05
1.282842000000000000e+06
5.056800000000000000e+05
1.625400000000000000e+04
7.585110000000000000e+05
9.340170000000000000e+05
1.858660000000000000e+05
3.306130000000000000e+05
1.369805000000000000e+06
1.222344000000000000e+06
9.274320000000000000e+05
1.557616000000000000e+06
1.212824000000000000e+06
1.602936000000000000e+06
7.072680000000000000e+05
1.428998000000000000e+06
6.902580000000000000e+05
3.175740000000000000e+05
1.068100000000000000e+04
9.401480000000000000e+05
1.112893000000000000e+06
1.137514000000000000e+06
4.372080000000000000e+05
1.616140000000000000e+05
1.785556000000000000e+06
2.996760000000000000e+05
1.316150000000000000e+05
1.127667000000000000e+06
9.792440000000000000e+05
1.583649000000000000e+06
1.210374000000000000e+06
1.462601000000000000e+06
1.851991000000000000e+06
1.388633000000000000e+06
1.218607000000000000e+06
1.242215000000000000e+06
2.628600000000000000e+05
1.238889000000000000e+06
2.567130000000000000e+05
1.618153000000000000e+06
1.739343000000000000e+06
9.566530000000000000e+05
1.772920000000000000e+05
1.436431000000000000e+06
1.758109000000000000e+06
1.748596000000000000e+06
1.144809000000000000e+06
1.356765000000000000e+06
1.220958000000000000e+06
5.952830000000000000e+05
1.824717000000000000e+06
1.022789000000000000e+06
1.850250000000000000e+05
2.304820000000000000e+05
1.666180000000000000e+05
2.227840000000000000e+05
5.071130000000000000e+05
1.623700000000000000e+04
6.783650000000000000e+05
8.185000000000000000e+03
1.214121000000000000e+06
2.582340000000000000e+05
5.869120000000000000e+05
1.841223000000000000e+06
1.599280000000000000e+05
2.326470000000000000e+05
6.959350000000000000e+05
1.834827000000000000e+06
1.395989000000000000e+06
1.281647000000000000e+06
1.631925000000000000e+06
1.267458000000000000e+06
