1.851172000000000000e+06
7.303140000000000000e+05
1.116245000000000000e+06
1.227791000000000000e+06
8.732720000000000000e+05
8.281720000000000000e+05
7.909450000000000000e+05
1.851397000000000000e+06
9.659260000000000000e+05
3.854300000000000000e+05
6.529210000000000000e+05
8.717800000000000000e+05
7.568390000000000000e+05
1.623305000000000000e+06
1.851346000000000000e+06
9.619690000000000000e+05
9.544190000000000000e+05
3.571400000000000000e+04
7.268450000000000000e+05
1.851288000000000000e+06
7.310580000000000000e+05
1.360940000000000000e+06
9.612740000000000000e+05
1.849265000000000000e+06
1.364337000000000000e+06
3.241170000000000000e+05
1.522846000000000000e+06
1.852544000000000000e+06
7.279580000000000000e+05
1.569874000000000000e+06
1.116008000000000000e+06
1.850751000000000000e+06
1.851134000000000000e+06
1.850582000000000000e+06
9.546510000000000000e+05
2.256560000000000000e+05
1.379354000000000000e+06
3.831150000000000000e+05
7.271740000000000000e+05
7.287390000000000000e+05
4.398290000000000000e+05
1.850756000000000000e+06
3.143070000000000000e+05
1.846034000000000000e+06
1.364779000000000000e+06
1.622116000000000000e+06
8.661670000000000000e+05
8.696090000000000000e+05
9.781420000000000000e+05
1.116031000000000000e+06
1.225509000000000000e+06
1.356575000000000000e+06
1.352650000000000000e+05
1.783250000000000000e+06
7.281790000000000000e+05
1.387667000000000000e+06
3.145140000000000000e+05
8.867060000000000000e+05
1.824778000000000000e+06
7.294790000000000000e+05
8.791080000000000000e+05
9.545710000000000000e+05
1.003558000000000000e+06
1.008570000000000000e+05
1.121717000000000000e+06
1.227164000000000000e+06
1.225919000000000000e+06
1.845976000000000000e+06
6.530650000000000000e+05
1.475494000000000000e+06
4.389570000000000000e+05
9.005110000000000000e+05
1.379582000000000000e+06
1.710226000000000000e+06
1.845332000000000000e+06
8.834020000000000000e+05
9.092380000000000000e+05
1.228307000000000000e+06
1.679034000000000000e+06
3.136020000000000000e+05
1.112225000000000000e+06
1.118007000000000000e+06
3.809900000000000000e+05
6.537490000000000000e+05
1.715179000000000000e+06
1.651261000000000000e+06
7.353220000000000000e+05
5.474690000000000000e+05
8.312620000000000000e+05
7.849840000000000000e+05
9.809030000000000000e+05
2.036150000000000000e+05
8.962710000000000000e+05
1.578800000000000000e+04
3.150750000000000000e+05
1.591016000000000000e+06
1.111238000000000000e+06
9.350250000000000000e+05
1.226681000000000000e+06
6.056530000000000000e+05
1.356800000000000000e+06
1.850467000000000000e+06
1.415250000000000000e+06
3.423810000000000000e+05
9.574910000000000000e+05
1.606288000000000000e+06
1.115732000000000000e+06
1.852771000000000000e+06
1.364366000000000000e+06
7.325670000000000000e+05
9.754450000000000000e+05
1.822665000000000000e+06
3.124200000000000000e+05
1.851273000000000000e+06
1.838490000000000000e+06
2.891520000000000000e+05
7.733700000000000000e+05
8.145920000000000000e+05
1.715819000000000000e+06
1.621538000000000000e+06
3.836970000000000000e+05
3.879080000000000000e+05
1.450873000000000000e+06
1.229032000000000000e+06
7.463910000000000000e+05
1.254433000000000000e+06
1.631734000000000000e+06
3.866410000000000000e+05
1.353103000000000000e+06
1.847877000000000000e+06
1.276427000000000000e+06
9.663060000000000000e+05
1.180200000000000000e+04
1.457927000000000000e+06
1.112305000000000000e+06
1.605490000000000000e+06
7.297990000000000000e+05
1.005770000000000000e+06
1.019831000000000000e+06
1.575585000000000000e+06
1.129752000000000000e+06
1.109041000000000000e+06
8.982250000000000000e+05
1.853126000000000000e+06
3.128640000000000000e+05
3.058320000000000000e+05
9.891650000000000000e+05
1.362591000000000000e+06
1.850680000000000000e+06
1.163647000000000000e+06
1.126493000000000000e+06
1.852683000000000000e+06
8.961230000000000000e+05
1.383012000000000000e+06
9.493610000000000000e+05
3.226360000000000000e+05
1.252112000000000000e+06
5.114710000000000000e+05
1.714533000000000000e+06
7.412760000000000000e+05
9.271840000000000000e+05
7.527680000000000000e+05
1.005158000000000000e+06
7.266230000000000000e+05
1.522703000000000000e+06
8.823500000000000000e+05
6.317860000000000000e+05
1.782877000000000000e+06
6.695900000000000000e+05
1.844859000000000000e+06
7.342710000000000000e+05
1.829700000000000000e+06
1.521434000000000000e+06
2.473760000000000000e+05
3.140890000000000000e+05
5.896670000000000000e+05
2.642020000000000000e+05
1.386180000000000000e+06
1.121029000000000000e+06
9.487290000000000000e+05
1.624530000000000000e+06
1.018231000000000000e+06
9.804480000000000000e+05
9.497290000000000000e+05
1.225168000000000000e+06
1.250077000000000000e+06
4.393290000000000000e+05
1.226333000000000000e+06
2.104510000000000000e+05
6.399860000000000000e+05
1.852538000000000000e+06
3.792840000000000000e+05
1.274471000000000000e+06
1.147990000000000000e+06
1.123520000000000000e+06
1.171044000000000000e+06
4.304980000000000000e+05
1.851631000000000000e+06
6.026580000000000000e+05
1.519135000000000000e+06
9.274200000000000000e+05
1.607220000000000000e+06
9.645430000000000000e+05
1.387183000000000000e+06
7.327610000000000000e+05
1.362635000000000000e+06
1.752102000000000000e+06
1.732641000000000000e+06
1.030330000000000000e+06
1.163219000000000000e+06
1.839979000000000000e+06
1.564721000000000000e+06
1.851440000000000000e+06
1.229361000000000000e+06
1.835931000000000000e+06
9.993720000000000000e+05
8.804130000000000000e+05
1.424503000000000000e+06
1.813099000000000000e+06
3.504610000000000000e+05
1.771292000000000000e+06
1.248010000000000000e+06
1.225114000000000000e+06
1.826374000000000000e+06
9.515600000000000000e+05
1.850461000000000000e+06
1.378800000000000000e+06
1.493136000000000000e+06
1.397141000000000000e+06
1.601246000000000000e+06
7.399940000000000000e+05
1.632286000000000000e+06
3.865910000000000000e+05
4.411400000000000000e+05
6.635280000000000000e+05
1.732632000000000000e+06
6.611560000000000000e+05
1.758121000000000000e+06
1.853345000000000000e+06
1.227857000000000000e+06
6.607310000000000000e+05
1.391164000000000000e+06
6.615950000000000000e+05
5.360950000000000000e+05
2.488580000000000000e+05
1.108053000000000000e+06
5.283700000000000000e+05
1.384471000000000000e+06
6.386320000000000000e+05
2.107450000000000000e+05
1.824325000000000000e+06
8.273980000000000000e+05
7.783060000000000000e+05
8.611490000000000000e+05
8.886630000000000000e+05
1.522258000000000000e+06
3.820170000000000000e+05
5.067270000000000000e+05
1.717483000000000000e+06
2.474450000000000000e+05
7.264800000000000000e+05
1.380097000000000000e+06
3.191410000000000000e+05
1.003955000000000000e+06
1.279819000000000000e+06
1.714031000000000000e+06
1.576279000000000000e+06
1.371400000000000000e+04
1.565606000000000000e+06
2.194870000000000000e+05
4.388950000000000000e+05
7.356680000000000000e+05
5.698090000000000000e+05
7.892600000000000000e+05
8.585950000000000000e+05
8.212490000000000000e+05
7.733720000000000000e+05
1.367401000000000000e+06
1.840746000000000000e+06
1.487216000000000000e+06
3.245970000000000000e+05
4.308990000000000000e+05
9.551790000000000000e+05
6.536640000000000000e+05
1.625521000000000000e+06
2.518510000000000000e+05
7.355140000000000000e+05
3.778930000000000000e+05
1.365372000000000000e+06
3.471100000000000000e+04
1.268313000000000000e+06
1.206857000000000000e+06
1.227328000000000000e+06
3.344800000000000000e+04
7.702450000000000000e+05
1.469000000000000000e+04
1.135024000000000000e+06
1.118515000000000000e+06
6.410940000000000000e+05
1.376279000000000000e+06
9.914640000000000000e+05
1.388164000000000000e+06
1.051973000000000000e+06
1.838290000000000000e+06
7.288390000000000000e+05
8.646470000000000000e+05
8.287690000000000000e+05
7.963050000000000000e+05
1.708269000000000000e+06
9.763870000000000000e+05
4.466620000000000000e+05
1.659657000000000000e+06
1.784242000000000000e+06
1.013295000000000000e+06
7.188290000000000000e+05
6.567500000000000000e+05
9.454360000000000000e+05
1.020600000000000000e+04
6.949860000000000000e+05
1.160332000000000000e+06
1.155133000000000000e+06
1.231283000000000000e+06
8.945030000000000000e+05
1.353177000000000000e+06
6.188140000000000000e+05
4.317460000000000000e+05
3.183100000000000000e+05
3.518050000000000000e+05
3.856600000000000000e+05
1.347295000000000000e+06
1.588722000000000000e+06
4.741670000000000000e+05
3.455920000000000000e+05
1.259782000000000000e+06
2.872080000000000000e+05
8.661050000000000000e+05
8.203840000000000000e+05
1.244470000000000000e+06
7.269660000000000000e+05
1.103253000000000000e+06
1.006295000000000000e+06
5.651720000000000000e+05
4.997480000000000000e+05
1.642945000000000000e+06
1.275251000000000000e+06
1.745107000000000000e+06
1.827301000000000000e+06
9.613750000000000000e+05
1.315222000000000000e+06
7.260630000000000000e+05
3.877410000000000000e+05
1.790640000000000000e+06
5.128200000000000000e+05
1.763542000000000000e+06
3.115200000000000000e+05
1.112883000000000000e+06
3.878280000000000000e+05
3.157960000000000000e+05
7.207740000000000000e+05
1.146114000000000000e+06
1.779856000000000000e+06
1.189419000000000000e+06
8.809210000000000000e+05
1.002985000000000000e+06
9.420730000000000000e+05
9.359850000000000000e+05
1.761859000000000000e+06
1.221839000000000000e+06
3.147720000000000000e+05
1.028659000000000000e+06
7.118900000000000000e+05
1.712659000000000000e+06
1.244262000000000000e+06
9.244620000000000000e+05
1.751320000000000000e+06
2.461690000000000000e+05
1.270562000000000000e+06
3.778480000000000000e+05
1.853244000000000000e+06
5.385160000000000000e+05
1.624995000000000000e+06
3.835920000000000000e+05
1.342596000000000000e+06
1.782882000000000000e+06
1.830192000000000000e+06
1.022621000000000000e+06
8.965850000000000000e+05
3.723790000000000000e+05
2.321560000000000000e+05
1.276443000000000000e+06
1.782334000000000000e+06
2.574550000000000000e+05
1.822125000000000000e+06
1.848364000000000000e+06
9.522760000000000000e+05
1.233563000000000000e+06
1.822487000000000000e+06
1.851971000000000000e+06
1.177108000000000000e+06
1.364032000000000000e+06
1.364958000000000000e+06
7.209210000000000000e+05
9.230690000000000000e+05
1.198907000000000000e+06
8.906700000000000000e+04
7.341600000000000000e+05
1.365101000000000000e+06
1.566501000000000000e+06
1.603941000000000000e+06
1.622469000000000000e+06
1.634708000000000000e+06
1.465089000000000000e+06
1.018831000000000000e+06
6.822370000000000000e+05
2.719500000000000000e+04
3.578400000000000000e+04
5.307210000000000000e+05
1.548084000000000000e+06
1.124295000000000000e+06
1.004684000000000000e+06
1.122919000000000000e+06
1.637202000000000000e+06
9.077910000000000000e+05
3.628700000000000000e+04
1.174534000000000000e+06
1.388855000000000000e+06
1.024981000000000000e+06
9.239810000000000000e+05
1.368509000000000000e+06
7.392360000000000000e+05
1.238736000000000000e+06
1.845871000000000000e+06
1.125016000000000000e+06
1.816204000000000000e+06
6.590580000000000000e+05
1.722285000000000000e+06
1.592370000000000000e+06
1.783141000000000000e+06
9.544160000000000000e+05
3.739960000000000000e+05
1.846190000000000000e+06
4.446480000000000000e+05
1.080352000000000000e+06
1.716878000000000000e+06
1.281794000000000000e+06
1.849442000000000000e+06
4.506070000000000000e+05
9.688260000000000000e+05
1.531507000000000000e+06
1.365273000000000000e+06
6.117140000000000000e+05
6.609200000000000000e+05
1.741844000000000000e+06
3.866270000000000000e+05
7.706020000000000000e+05
1.834589000000000000e+06
1.818230000000000000e+05
1.773047000000000000e+06
1.755389000000000000e+06
1.274828000000000000e+06
7.324720000000000000e+05
5.492070000000000000e+05
2.121360000000000000e+05
1.273160000000000000e+05
1.388167000000000000e+06
1.781442000000000000e+06
1.098154000000000000e+06
1.762007000000000000e+06
3.884220000000000000e+05
6.991430000000000000e+05
9.625160000000000000e+05
3.212670000000000000e+05
3.884520000000000000e+05
2.978940000000000000e+05
6.766410000000000000e+05
1.744296000000000000e+06
1.117940000000000000e+06
1.478200000000000000e+04
7.284900000000000000e+05
2.193870000000000000e+05
1.709536000000000000e+06
1.161425000000000000e+06
1.520290000000000000e+06
2.906220000000000000e+05
1.653628000000000000e+06
1.198170000000000000e+05
1.253983000000000000e+06
1.711906000000000000e+06
1.625126000000000000e+06
1.657071000000000000e+06
3.313380000000000000e+05
7.384370000000000000e+05
1.010128000000000000e+06
1.240044000000000000e+06
1.625511000000000000e+06
5.302440000000000000e+05
1.151006000000000000e+06
7.367800000000000000e+05
1.225344000000000000e+06
3.901500000000000000e+05
1.732631000000000000e+06
1.806655000000000000e+06
3.874780000000000000e+05
1.824001000000000000e+06
1.779527000000000000e+06
1.374798000000000000e+06
1.017582000000000000e+06
1.103400000000000000e+06
1.249750000000000000e+06
9.669280000000000000e+05
1.820855000000000000e+06
3.879550000000000000e+05
1.826221000000000000e+06
1.829958000000000000e+06
1.364426000000000000e+06
1.620802000000000000e+06
6.897800000000000000e+04
3.660790000000000000e+05
1.361203000000000000e+06
1.457994000000000000e+06
1.055080000000000000e+05
3.049180000000000000e+05
1.274933000000000000e+06
1.073570000000000000e+06
4.360040000000000000e+05
2.232410000000000000e+05
4.565110000000000000e+05
2.245170000000000000e+05
9.929830000000000000e+05
3.823510000000000000e+05
1.369238000000000000e+06
1.855371000000000000e+06
1.727714000000000000e+06
1.458143000000000000e+06
6.663600000000000000e+05
7.183470000000000000e+05
1.267060000000000000e+06
1.278023000000000000e+06
4.392660000000000000e+05
1.702545000000000000e+06
1.210930000000000000e+05
1.682003000000000000e+06
1.488313000000000000e+06
1.352303000000000000e+06
4.433440000000000000e+05
1.720241000000000000e+06
2.991350000000000000e+05
1.565983000000000000e+06
9.086780000000000000e+05
1.832916000000000000e+06
6.591440000000000000e+05
1.575027000000000000e+06
9.361570000000000000e+05
2.680740000000000000e+05
4.772820000000000000e+05
2.118620000000000000e+05
3.039660000000000000e+05
5.151800000000000000e+05
4.593640000000000000e+05
1.631109000000000000e+06
6.123190000000000000e+05
1.748523000000000000e+06
1.852465000000000000e+06
6.571990000000000000e+05
9.874140000000000000e+05
1.375267000000000000e+06
1.648943000000000000e+06
8.067750000000000000e+05
7.688640000000000000e+05
9.364550000000000000e+05
6.484210000000000000e+05
1.785008000000000000e+06
1.093849000000000000e+06
1.459762000000000000e+06
1.624373000000000000e+06
1.073510000000000000e+05
1.350054000000000000e+06
5.702850000000000000e+05
2.251790000000000000e+05
1.094031000000000000e+06
1.848362000000000000e+06
8.942750000000000000e+05
1.397939000000000000e+06
1.198423000000000000e+06
5.150570000000000000e+05
1.841747000000000000e+06
9.057290000000000000e+05
1.093669000000000000e+06
3.863710000000000000e+05
1.728879000000000000e+06
1.354430000000000000e+05
1.225582000000000000e+06
1.852660000000000000e+06
1.475638000000000000e+06
2.859790000000000000e+05
1.754175000000000000e+06
1.473969000000000000e+06
3.862840000000000000e+05
1.580532000000000000e+06
3.162370000000000000e+05
1.588230000000000000e+06
1.708383000000000000e+06
1.836192000000000000e+06
1.745208000000000000e+06
7.197200000000000000e+05
1.561609000000000000e+06
7.192470000000000000e+05
6.521200000000000000e+05
1.628344000000000000e+06
2.013000000000000000e+04
1.838258000000000000e+06
1.719800000000000000e+04
1.591064000000000000e+06
2.946900000000000000e+05
1.762164000000000000e+06
1.853079000000000000e+06
1.522401000000000000e+06
1.705373000000000000e+06
3.066630000000000000e+05
1.823563000000000000e+06
1.380817000000000000e+06
1.713641000000000000e+06
3.388180000000000000e+05
3.071910000000000000e+05
1.365684000000000000e+06
9.312180000000000000e+05
1.525925000000000000e+06
1.853245000000000000e+06
1.319229000000000000e+06
1.823854000000000000e+06
1.319185000000000000e+06
1.238676000000000000e+06
1.453290000000000000e+06
1.359798000000000000e+06
1.119197000000000000e+06
2.402110000000000000e+05
1.603664000000000000e+06
3.642350000000000000e+05
1.556096000000000000e+06
1.470176000000000000e+06
9.559420000000000000e+05
9.488970000000000000e+05
8.925020000000000000e+05
6.541630000000000000e+05
5.394320000000000000e+05
1.152196000000000000e+06
1.718690000000000000e+05
1.828548000000000000e+06
1.743540000000000000e+06
1.254022000000000000e+06
2.618800000000000000e+05
1.680481000000000000e+06
7.268150000000000000e+05
1.060878000000000000e+06
4.456060000000000000e+05
7.203090000000000000e+05
4.731600000000000000e+04
7.397510000000000000e+05
1.627442000000000000e+06
1.152787000000000000e+06
9.260350000000000000e+05
6.842480000000000000e+05
1.560975000000000000e+06
1.125004000000000000e+06
3.481740000000000000e+05
1.204208000000000000e+06
1.758627000000000000e+06
1.461856000000000000e+06
5.388210000000000000e+05
1.805196000000000000e+06
4.527950000000000000e+05
1.830173000000000000e+06
7.629010000000000000e+05
1.260867000000000000e+06
6.370410000000000000e+05
1.632098000000000000e+06
1.714836000000000000e+06
1.388814000000000000e+06
2.348350000000000000e+05
9.284880000000000000e+05
8.965820000000000000e+05
1.099015000000000000e+06
1.278396000000000000e+06
8.958340000000000000e+05
1.783085000000000000e+06
1.366281000000000000e+06
1.736480000000000000e+05
1.632609000000000000e+06
2.039000000000000000e+04
6.492760000000000000e+05
4.612780000000000000e+05
1.620457000000000000e+06
1.848483000000000000e+06
1.391473000000000000e+06
1.128686000000000000e+06
1.780157000000000000e+06
3.732060000000000000e+05
1.292373000000000000e+06
1.255016000000000000e+06
1.415059000000000000e+06
1.827539000000000000e+06
1.352390000000000000e+05
1.828179000000000000e+06
9.356510000000000000e+05
3.032790000000000000e+05
1.494977000000000000e+06
1.457396000000000000e+06
1.017543000000000000e+06
4.173500000000000000e+05
1.488113000000000000e+06
1.744819000000000000e+06
1.412090000000000000e+05
1.850330000000000000e+05
1.224400000000000000e+06
2.329730000000000000e+05
2.128970000000000000e+05
1.245861000000000000e+06
1.760153000000000000e+06
1.273900000000000000e+05
1.279101000000000000e+06
3.049950000000000000e+05
1.397498000000000000e+06
1.569657000000000000e+06
1.715628000000000000e+06
1.455502000000000000e+06
3.746740000000000000e+05
1.584818000000000000e+06
1.353102000000000000e+06
5.348930000000000000e+05
1.836672000000000000e+06
3.176740000000000000e+05
1.229698000000000000e+06
1.677028000000000000e+06
1.298208000000000000e+06
1.760742000000000000e+06
1.624741000000000000e+06
1.625064000000000000e+06
7.213110000000000000e+05
1.624436000000000000e+06
3.576800000000000000e+04
1.315750000000000000e+05
1.549357000000000000e+06
1.519595000000000000e+06
1.487374000000000000e+06
1.696934000000000000e+06
3.698070000000000000e+05
9.548540000000000000e+05
1.601285000000000000e+06
1.340840000000000000e+05
1.770154000000000000e+06
3.027020000000000000e+05
2.248770000000000000e+05
1.833267000000000000e+06
9.515880000000000000e+05
6.656840000000000000e+05
1.275535000000000000e+06
3.418300000000000000e+04
2.888250000000000000e+05
1.849685000000000000e+06
1.043536000000000000e+06
1.482756000000000000e+06
1.558611000000000000e+06
1.592130000000000000e+06
1.333690000000000000e+06
1.282397000000000000e+06
1.522929000000000000e+06
1.805750000000000000e+06
5.014850000000000000e+05
1.252468000000000000e+06
1.370284000000000000e+06
1.140108000000000000e+06
1.743976000000000000e+06
1.015320000000000000e+06
1.492651000000000000e+06
7.219300000000000000e+05
1.745978000000000000e+06
1.045960000000000000e+05
1.228577000000000000e+06
2.073380000000000000e+05
1.764026000000000000e+06
1.995400000000000000e+05
1.192651000000000000e+06
1.736090000000000000e+05
1.365582000000000000e+06
8.936850000000000000e+05
3.261500000000000000e+04
1.870880000000000000e+05
9.655600000000000000e+04
1.647100000000000000e+06
6.569580000000000000e+05
1.607642000000000000e+06
1.717321000000000000e+06
3.884110000000000000e+05
5.049790000000000000e+05
1.620796000000000000e+06
8.694830000000000000e+05
5.464380000000000000e+05
1.622876000000000000e+06
1.379243000000000000e+06
6.604220000000000000e+05
1.528805000000000000e+06
1.514178000000000000e+06
7.357920000000000000e+05
1.845545000000000000e+06
3.163460000000000000e+05
1.004013000000000000e+06
1.362760000000000000e+05
1.137152000000000000e+06
9.924870000000000000e+05
1.628943000000000000e+06
2.240190000000000000e+05
1.228519000000000000e+06
1.712503000000000000e+06
1.831135000000000000e+06
1.188880000000000000e+06
1.107945000000000000e+06
5.067140000000000000e+05
1.643769000000000000e+06
1.156958000000000000e+06
6.734630000000000000e+05
1.676318000000000000e+06
1.368957000000000000e+06
1.630116000000000000e+06
4.669110000000000000e+05
1.333220000000000000e+06
9.540100000000000000e+05
1.277035000000000000e+06
1.630581000000000000e+06
1.715843000000000000e+06
1.559709000000000000e+06
1.830330000000000000e+06
1.415522000000000000e+06
2.860980000000000000e+05
1.574091000000000000e+06
1.476175000000000000e+06
4.593250000000000000e+05
1.337683000000000000e+06
1.435182000000000000e+06
6.608380000000000000e+05
3.032680000000000000e+05
7.275230000000000000e+05
4.627630000000000000e+05
1.179858000000000000e+06
1.547742000000000000e+06
7.913560000000000000e+05
8.466140000000000000e+05
9.910290000000000000e+05
2.128310000000000000e+05
1.819347000000000000e+06
7.924400000000000000e+04
7.992300000000000000e+04
1.221726000000000000e+06
1.482579000000000000e+06
4.170490000000000000e+05
1.695530000000000000e+05
9.343090000000000000e+05
6.821450000000000000e+05
1.653701000000000000e+06
1.364179000000000000e+06
1.354535000000000000e+06
1.522909000000000000e+06
3.896490000000000000e+05
1.448057000000000000e+06
1.476141000000000000e+06
1.101035000000000000e+06
3.949240000000000000e+05
1.808607000000000000e+06
5.180710000000000000e+05
3.781430000000000000e+05
2.947180000000000000e+05
1.463074000000000000e+06
1.266918000000000000e+06
1.706878000000000000e+06
8.756340000000000000e+05
3.592660000000000000e+05
1.714091000000000000e+06
1.156646000000000000e+06
1.537478000000000000e+06
6.830730000000000000e+05
1.835694000000000000e+06
1.651290000000000000e+05
4.745460000000000000e+05
1.018414000000000000e+06
1.221494000000000000e+06
1.714856000000000000e+06
9.270420000000000000e+05
1.386055000000000000e+06
1.720607000000000000e+06
8.469270000000000000e+05
8.085580000000000000e+05
1.134703000000000000e+06
1.248650000000000000e+05
1.615432000000000000e+06
1.381778000000000000e+06
3.713500000000000000e+04
2.804200000000000000e+05
1.108812000000000000e+06
1.425320000000000000e+06
1.589462000000000000e+06
1.711343000000000000e+06
1.591200000000000000e+05
1.227642000000000000e+06
9.316220000000000000e+05
3.863170000000000000e+05
1.063580000000000000e+06
1.752334000000000000e+06
6.890430000000000000e+05
1.145900000000000000e+04
1.266607000000000000e+06
1.346415000000000000e+06
2.193240000000000000e+05
1.221623000000000000e+06
1.436224000000000000e+06
1.268335000000000000e+06
1.096296000000000000e+06
1.492934000000000000e+06
1.206819000000000000e+06
1.832935000000000000e+06
2.873460000000000000e+05
1.584915000000000000e+06
1.763102000000000000e+06
5.805440000000000000e+05
1.095933000000000000e+06
1.384713000000000000e+06
1.720274000000000000e+06
1.351063000000000000e+06
1.763742000000000000e+06
9.279340000000000000e+05
6.928520000000000000e+05
6.177190000000000000e+05
1.278220000000000000e+05
1.758431000000000000e+06
1.058514000000000000e+06
3.753090000000000000e+05
1.855832000000000000e+06
3.720700000000000000e+04
1.708794000000000000e+06
1.730576000000000000e+06
1.114971000000000000e+06
5.725250000000000000e+05
4.270170000000000000e+05
6.535280000000000000e+05
1.226322000000000000e+06
1.767446000000000000e+06
1.388135000000000000e+06
4.366580000000000000e+05
1.035913000000000000e+06
1.242598000000000000e+06
1.774103000000000000e+06
8.796850000000000000e+05
1.651831000000000000e+06
1.782564000000000000e+06
1.752618000000000000e+06
3.880290000000000000e+05
9.523840000000000000e+05
1.237400000000000000e+04
1.833609000000000000e+06
1.350903000000000000e+06
7.656910000000000000e+05
1.343576000000000000e+06
1.600030000000000000e+06
3.813120000000000000e+05
1.722004000000000000e+06
6.095610000000000000e+05
5.053130000000000000e+05
1.694662000000000000e+06
1.476700000000000000e+04
1.678853000000000000e+06
9.169220000000000000e+05
1.224640000000000000e+06
4.572300000000000000e+04
1.671854000000000000e+06
1.606336000000000000e+06
1.844773000000000000e+06
1.821127000000000000e+06
4.936280000000000000e+05
1.709456000000000000e+06
1.774690000000000000e+06
2.322170000000000000e+05
3.079470000000000000e+05
2.457960000000000000e+05
7.345360000000000000e+05
4.787930000000000000e+05
1.824928000000000000e+06
1.371918000000000000e+06
1.248675000000000000e+06
6.692380000000000000e+05
1.611987000000000000e+06
7.288370000000000000e+05
3.901100000000000000e+05
6.588980000000000000e+05
5.741700000000000000e+04
1.661296000000000000e+06
5.708970000000000000e+05
3.108550000000000000e+05
1.493898000000000000e+06
1.390130000000000000e+05
1.740606000000000000e+06
1.225162000000000000e+06
1.568325000000000000e+06
1.595739000000000000e+06
4.380240000000000000e+05
9.670750000000000000e+05
1.825390000000000000e+06
6.628800000000000000e+05
1.651222000000000000e+06
1.391575000000000000e+06
1.519836000000000000e+06
1.267205000000000000e+06
7.259190000000000000e+05
1.417423000000000000e+06
2.895060000000000000e+05
7.672140000000000000e+05
9.381680000000000000e+05
3.717720000000000000e+05
1.714559000000000000e+06
5.324990000000000000e+05
1.454050000000000000e+06
5.587760000000000000e+05
6.811310000000000000e+05
1.371787000000000000e+06
8.295390000000000000e+05
7.837730000000000000e+05
1.286505000000000000e+06
1.278072000000000000e+06
5.842380000000000000e+05
1.760634000000000000e+06
8.993730000000000000e+05
3.729540000000000000e+05
1.086830000000000000e+05
1.383866000000000000e+06
3.321070000000000000e+05
1.593437000000000000e+06
1.360768000000000000e+06
6.616640000000000000e+05
9.044720000000000000e+05
9.254000000000000000e+03
1.919790000000000000e+05
1.845827000000000000e+06
1.944180000000000000e+05
5.896610000000000000e+05
1.319257000000000000e+06
5.292520000000000000e+05
3.345800000000000000e+04
1.521357000000000000e+06
8.857730000000000000e+05
7.187780000000000000e+05
1.082167000000000000e+06
2.490030000000000000e+05
1.159628000000000000e+06
9.361700000000000000e+04
5.797080000000000000e+05
2.925250000000000000e+05
4.367090000000000000e+05
5.034170000000000000e+05
1.102576000000000000e+06
1.406720000000000000e+05
1.710601000000000000e+06
5.149050000000000000e+05
1.607729000000000000e+06
1.030445000000000000e+06
1.276258000000000000e+06
1.352280000000000000e+05
1.253634000000000000e+06
1.574848000000000000e+06
1.136518000000000000e+06
4.998970000000000000e+05
7.277880000000000000e+05
1.380435000000000000e+06
1.223431000000000000e+06
9.919590000000000000e+05
1.856530000000000000e+05
1.101803000000000000e+06
1.719081000000000000e+06
3.966200000000000000e+04
1.808378000000000000e+06
3.459000000000000000e+05
1.766654000000000000e+06
1.029570000000000000e+05
3.397110000000000000e+05
1.333045000000000000e+06
1.717857000000000000e+06
1.227305000000000000e+06
5.340630000000000000e+05
1.784468000000000000e+06
1.377199000000000000e+06
1.512531000000000000e+06
1.372732000000000000e+06
8.717160000000000000e+05
2.536070000000000000e+05
6.475720000000000000e+05
2.029410000000000000e+05
4.393220000000000000e+05
1.164197000000000000e+06
1.446930000000000000e+05
3.397580000000000000e+05
6.137440000000000000e+05
1.845761000000000000e+06
1.066800000000000000e+05
1.445257000000000000e+06
3.185760000000000000e+05
3.714010000000000000e+05
2.246600000000000000e+05
1.657560000000000000e+06
1.841346000000000000e+06
1.297696000000000000e+06
1.729570000000000000e+06
1.846249000000000000e+06
1.273880000000000000e+05
7.367230000000000000e+05
4.372300000000000000e+04
1.712945000000000000e+06
1.633441000000000000e+06
1.795587000000000000e+06
1.476163000000000000e+06
1.751930000000000000e+06
2.038800000000000000e+05
1.080942000000000000e+06
2.294930000000000000e+05
1.357551000000000000e+06
1.822444000000000000e+06
3.622780000000000000e+05
6.649810000000000000e+05
7.001480000000000000e+05
3.101540000000000000e+05
1.427859000000000000e+06
4.946910000000000000e+05
5.040290000000000000e+05
1.818189000000000000e+06
5.527970000000000000e+05
5.512190000000000000e+05
1.818057000000000000e+06
1.297847000000000000e+06
1.125158000000000000e+06
1.254892000000000000e+06
1.413806000000000000e+06
1.603778000000000000e+06
1.356226000000000000e+06
2.391480000000000000e+05
1.356949000000000000e+06
1.206414000000000000e+06
1.379016000000000000e+06
3.585900000000000000e+04
3.791330000000000000e+05
9.014850000000000000e+05
5.102560000000000000e+05
1.733209000000000000e+06
1.260928000000000000e+06
1.354543000000000000e+06
1.725527000000000000e+06
1.574904000000000000e+06
1.341260000000000000e+05
3.566180000000000000e+05
9.508510000000000000e+05
1.854444000000000000e+06
1.985360000000000000e+05
4.382190000000000000e+05
9.130220000000000000e+05
1.230366000000000000e+06
9.402100000000000000e+04
1.066309000000000000e+06
2.113310000000000000e+05
1.806944000000000000e+06
3.153240000000000000e+05
5.868660000000000000e+05
6.584590000000000000e+05
6.536080000000000000e+05
1.584025000000000000e+06
1.228528000000000000e+06
1.367407000000000000e+06
1.743354000000000000e+06
1.806831000000000000e+06
1.055507000000000000e+06
1.491386000000000000e+06
6.549110000000000000e+05
1.531692000000000000e+06
1.097380000000000000e+05
1.366898000000000000e+06
2.931640000000000000e+05
1.831252000000000000e+06
1.628400000000000000e+06
2.357690000000000000e+05
1.635718000000000000e+06
1.349371000000000000e+06
6.189180000000000000e+05
1.191721000000000000e+06
1.054490000000000000e+05
7.030550000000000000e+05
1.528705000000000000e+06
1.755936000000000000e+06
2.527190000000000000e+05
4.614460000000000000e+05
1.479098000000000000e+06
1.356394000000000000e+06
2.964400000000000000e+05
1.391866000000000000e+06
1.504275000000000000e+06
1.230323000000000000e+06
1.716348000000000000e+06
2.548640000000000000e+05
4.400350000000000000e+05
1.648240000000000000e+05
1.114298000000000000e+06
1.491379000000000000e+06
1.261019000000000000e+06
5.229480000000000000e+05
1.279738000000000000e+06
2.855100000000000000e+05
4.563390000000000000e+05
1.113786000000000000e+06
1.479900000000000000e+05
1.419262000000000000e+06
3.717580000000000000e+05
3.474820000000000000e+05
1.249507000000000000e+06
5.245220000000000000e+05
6.664670000000000000e+05
1.379479000000000000e+06
5.113230000000000000e+05
1.347020000000000000e+05
1.660343000000000000e+06
1.079801000000000000e+06
3.793320000000000000e+05
8.065000000000000000e+04
1.320746000000000000e+06
2.580530000000000000e+05
1.166087000000000000e+06
1.755211000000000000e+06
7.171170000000000000e+05
5.953300000000000000e+05
1.414657000000000000e+06
1.624312000000000000e+06
1.685904000000000000e+06
1.824584000000000000e+06
5.517310000000000000e+05
9.363900000000000000e+05
1.712896000000000000e+06
1.297718000000000000e+06
1.830665000000000000e+06
3.867990000000000000e+05
1.572100000000000000e+06
5.646800000000000000e+05
4.149740000000000000e+05
1.364346000000000000e+06
1.230335000000000000e+06
6.414800000000000000e+05
1.530390000000000000e+05
1.224245000000000000e+06
1.620668000000000000e+06
3.019960000000000000e+05
1.820658000000000000e+06
5.013540000000000000e+05
3.173540000000000000e+05
1.711107000000000000e+06
1.187720000000000000e+06
1.836820000000000000e+06
9.630400000000000000e+05
1.472420000000000000e+05
1.417421000000000000e+06
1.547877000000000000e+06
3.147920000000000000e+05
3.914360000000000000e+05
2.453270000000000000e+05
5.598500000000000000e+04
1.565494000000000000e+06
6.941880000000000000e+05
3.100620000000000000e+05
3.232880000000000000e+05
1.602427000000000000e+06
1.091563000000000000e+06
1.127475000000000000e+06
1.637842000000000000e+06
1.821727000000000000e+06
1.481990000000000000e+06
9.069500000000000000e+04
4.417980000000000000e+05
7.265600000000000000e+05
6.595110000000000000e+05
1.845729000000000000e+06
1.625092000000000000e+06
3.245350000000000000e+05
1.622791000000000000e+06
1.578658000000000000e+06
7.386670000000000000e+05
1.848903000000000000e+06
1.763268000000000000e+06
4.507460000000000000e+05
6.730130000000000000e+05
1.156640000000000000e+06
1.002283000000000000e+06
1.765421000000000000e+06
3.128170000000000000e+05
1.275271000000000000e+06
9.543390000000000000e+05
1.530389000000000000e+06
1.372720000000000000e+06
1.130729000000000000e+06
5.871680000000000000e+05
9.302110000000000000e+05
1.151290000000000000e+06
2.082620000000000000e+05
1.062485000000000000e+06
1.347420000000000000e+06
1.076673000000000000e+06
8.170900000000000000e+04
4.732450000000000000e+05
7.257510000000000000e+05
1.547529000000000000e+06
1.242651000000000000e+06
1.758574000000000000e+06
1.107660000000000000e+06
9.160510000000000000e+05
1.845904000000000000e+06
9.242070000000000000e+05
1.569990000000000000e+06
1.770436000000000000e+06
1.237267000000000000e+06
1.534900000000000000e+05
1.794968000000000000e+06
1.712764000000000000e+06
6.752690000000000000e+05
1.331919000000000000e+06
1.223880000000000000e+05
2.645160000000000000e+05
4.379400000000000000e+05
3.154830000000000000e+05
1.809967000000000000e+06
1.708341000000000000e+06
2.205030000000000000e+05
1.853224000000000000e+06
7.404290000000000000e+05
5.623090000000000000e+05
1.810119000000000000e+06
2.018900000000000000e+04
7.191340000000000000e+05
1.600149000000000000e+06
2.047280000000000000e+05
1.032940000000000000e+05
7.255590000000000000e+05
3.888750000000000000e+05
1.333964000000000000e+06
1.253417000000000000e+06
1.323456000000000000e+06
6.245030000000000000e+05
7.291700000000000000e+04
1.346250000000000000e+06
3.055600000000000000e+04
1.060524000000000000e+06
7.661510000000000000e+05
5.244220000000000000e+05
1.650672000000000000e+06
1.418920000000000000e+06
1.225096000000000000e+06
1.851091000000000000e+06
3.687220000000000000e+05
5.120680000000000000e+05
8.981460000000000000e+05
1.725372000000000000e+06
1.813722000000000000e+06
1.673138000000000000e+06
1.324144000000000000e+06
3.417450000000000000e+05
1.144610000000000000e+06
8.853910000000000000e+05
5.759890000000000000e+05
1.753190000000000000e+06
1.379292000000000000e+06
1.225207000000000000e+06
4.551910000000000000e+05
4.713840000000000000e+05
1.068033000000000000e+06
1.806614000000000000e+06
1.264800000000000000e+05
1.640200000000000000e+06
1.192753000000000000e+06
1.208559000000000000e+06
1.205630000000000000e+06
1.603340000000000000e+06
1.563477000000000000e+06
5.392630000000000000e+05
9.926500000000000000e+05
1.184500000000000000e+04
1.699828000000000000e+06
2.422290000000000000e+05
1.569111000000000000e+06
1.882110000000000000e+05
1.472009000000000000e+06
1.363357000000000000e+06
1.768899000000000000e+06
1.656833000000000000e+06
2.039360000000000000e+05
1.378090000000000000e+06
1.383636000000000000e+06
1.752316000000000000e+06
1.088721000000000000e+06
1.832255000000000000e+06
1.793963000000000000e+06
3.142830000000000000e+05
6.153860000000000000e+05
1.637646000000000000e+06
1.716984000000000000e+06
1.786150000000000000e+05
1.226045000000000000e+06
1.772383000000000000e+06
1.490808000000000000e+06
7.657620000000000000e+05
1.275215000000000000e+06
1.421266000000000000e+06
3.749080000000000000e+05
1.315785000000000000e+06
1.714955000000000000e+06
1.656897000000000000e+06
4.381790000000000000e+05
1.847292000000000000e+06
1.490306000000000000e+06
9.003820000000000000e+05
2.280930000000000000e+05
1.128410000000000000e+05
1.527594000000000000e+06
1.840181000000000000e+06
1.852987000000000000e+06
2.497000000000000000e+04
5.723000000000000000e+05
3.476100000000000000e+04
1.760772000000000000e+06
3.120080000000000000e+05
1.090330000000000000e+05
9.522600000000000000e+04
1.764109000000000000e+06
1.582630000000000000e+06
1.454329000000000000e+06
7.158400000000000000e+05
1.129670000000000000e+06
9.033980000000000000e+05
7.469970000000000000e+05
1.230524000000000000e+06
1.322865000000000000e+06
1.832843000000000000e+06
1.656591000000000000e+06
1.314024000000000000e+06
3.527350000000000000e+05
4.744470000000000000e+05
4.201500000000000000e+05
1.545493000000000000e+06
1.779432000000000000e+06
1.524483000000000000e+06
6.946320000000000000e+05
1.005034000000000000e+06
1.571852000000000000e+06
2.520150000000000000e+05
1.488317000000000000e+06
1.820888000000000000e+06
7.565130000000000000e+05
2.337440000000000000e+05
1.716069000000000000e+06
1.624129000000000000e+06
1.847330000000000000e+06
5.154940000000000000e+05
1.219687000000000000e+06
5.515080000000000000e+05
2.772970000000000000e+05
1.276799000000000000e+06
1.383723000000000000e+06
4.391400000000000000e+04
1.833708000000000000e+06
1.523264000000000000e+06
7.033620000000000000e+05
9.538640000000000000e+05
8.944000000000000000e+05
1.833825000000000000e+06
7.257900000000000000e+04
5.599630000000000000e+05
1.685644000000000000e+06
1.507543000000000000e+06
3.265270000000000000e+05
1.351012000000000000e+06
5.212030000000000000e+05
4.696540000000000000e+05
1.366193000000000000e+06
9.279220000000000000e+05
2.644800000000000000e+05
5.809600000000000000e+05
1.250860000000000000e+06
1.848406000000000000e+06
1.791650000000000000e+06
6.830820000000000000e+05
1.346507000000000000e+06
1.559669000000000000e+06
1.841882000000000000e+06
3.021370000000000000e+05
1.988170000000000000e+05
1.697754000000000000e+06
1.267520000000000000e+06
3.811800000000000000e+04
6.653710000000000000e+05
1.161521000000000000e+06
1.540119000000000000e+06
1.320477000000000000e+06
6.774260000000000000e+05
7.956560000000000000e+05
8.392820000000000000e+05
1.080497000000000000e+06
4.690880000000000000e+05
1.852646000000000000e+06
2.659100000000000000e+05
3.079060000000000000e+05
3.793780000000000000e+05
4.905650000000000000e+05
1.765330000000000000e+05
1.615548000000000000e+06
1.229195000000000000e+06
1.631135000000000000e+06
2.444340000000000000e+05
3.699100000000000000e+04
1.041159000000000000e+06
5.808180000000000000e+05
1.158224000000000000e+06
8.850140000000000000e+05
1.365824000000000000e+06
1.294813000000000000e+06
3.283340000000000000e+05
1.240760000000000000e+06
1.471262000000000000e+06
9.265500000000000000e+04
1.660367000000000000e+06
1.229461000000000000e+06
1.247140000000000000e+06
1.096809000000000000e+06
1.773459000000000000e+06
1.778386000000000000e+06
1.592412000000000000e+06
1.681780000000000000e+05
3.884850000000000000e+05
2.642750000000000000e+05
8.973690000000000000e+05
9.254720000000000000e+05
6.176980000000000000e+05
1.096249000000000000e+06
5.316260000000000000e+05
4.030040000000000000e+05
1.660807000000000000e+06
1.229083000000000000e+06
1.445605000000000000e+06
3.878080000000000000e+05
1.658113000000000000e+06
1.751294000000000000e+06
1.539444000000000000e+06
5.301230000000000000e+05
1.777933000000000000e+06
3.513580000000000000e+05
1.840526000000000000e+06
1.783873000000000000e+06
1.782244000000000000e+06
2.242330000000000000e+05
9.512540000000000000e+05
1.082145000000000000e+06
2.291130000000000000e+05
1.270444000000000000e+06
2.113060000000000000e+05
5.817530000000000000e+05
1.494833000000000000e+06
9.376690000000000000e+05
1.461210000000000000e+06
4.262330000000000000e+05
1.572047000000000000e+06
1.012460000000000000e+06
6.291650000000000000e+05
4.471890000000000000e+05
1.451298000000000000e+06
1.515325000000000000e+06
1.671029000000000000e+06
7.179950000000000000e+05
1.150560000000000000e+06
1.060530000000000000e+06
1.311160000000000000e+05
1.819983000000000000e+06
1.304958000000000000e+06
8.965440000000000000e+05
4.448600000000000000e+04
1.825260000000000000e+06
5.062200000000000000e+05
1.193119000000000000e+06
9.258750000000000000e+05
1.202900000000000000e+04
1.101425000000000000e+06
5.534800000000000000e+04
1.219996000000000000e+06
1.827525000000000000e+06
1.147693000000000000e+06
1.623937000000000000e+06
3.275830000000000000e+05
1.058900000000000000e+06
1.043659000000000000e+06
1.593601000000000000e+06
5.488000000000000000e+04
1.714482000000000000e+06
1.710726000000000000e+06
1.130890000000000000e+06
1.166157000000000000e+06
1.852991000000000000e+06
1.077329000000000000e+06
1.574049000000000000e+06
1.259606000000000000e+06
2.889820000000000000e+05
7.263950000000000000e+05
1.217000000000000000e+04
1.833890000000000000e+06
6.557230000000000000e+05
2.858650000000000000e+05
9.522600000000000000e+05
1.423760000000000000e+05
1.031116000000000000e+06
1.538840000000000000e+05
1.254950000000000000e+05
1.154398000000000000e+06
1.310324000000000000e+06
3.707600000000000000e+05
5.334290000000000000e+05
2.227400000000000000e+04
1.086900000000000000e+06
1.263864000000000000e+06
8.969680000000000000e+05
7.351040000000000000e+05
1.213500000000000000e+04
1.834720000000000000e+06
8.836140000000000000e+05
1.477937000000000000e+06
1.255200000000000000e+05
1.699508000000000000e+06
1.109771000000000000e+06
1.067317000000000000e+06
6.893530000000000000e+05
1.597268000000000000e+06
1.071710000000000000e+05
6.122180000000000000e+05
4.516370000000000000e+05
1.246250000000000000e+06
1.592220000000000000e+06
1.625387000000000000e+06
1.523146000000000000e+06
2.744700000000000000e+04
1.808355000000000000e+06
1.337561000000000000e+06
1.840200000000000000e+04
1.691541000000000000e+06
5.061960000000000000e+05
4.316920000000000000e+05
2.345130000000000000e+05
1.565885000000000000e+06
1.277651000000000000e+06
1.568564000000000000e+06
6.637260000000000000e+05
1.462599000000000000e+06
1.523195000000000000e+06
1.629260000000000000e+06
2.661320000000000000e+05
7.359670000000000000e+05
2.377070000000000000e+05
6.845170000000000000e+05
1.162775000000000000e+06
1.521842000000000000e+06
1.511890000000000000e+06
6.080110000000000000e+05
1.232196000000000000e+06
1.125353000000000000e+06
4.520160000000000000e+05
1.650680000000000000e+06
1.355913000000000000e+06
1.659973000000000000e+06
1.528174000000000000e+06
9.163730000000000000e+05
1.474598000000000000e+06
7.359580000000000000e+05
1.049790000000000000e+05
3.409840000000000000e+05
1.820468000000000000e+06
1.476451000000000000e+06
1.745693000000000000e+06
9.287980000000000000e+05
1.673264000000000000e+06
1.592861000000000000e+06
7.279480000000000000e+05
1.188806000000000000e+06
9.167740000000000000e+05
1.570431000000000000e+06
1.464688000000000000e+06
1.743651000000000000e+06
1.840270000000000000e+06
1.685389000000000000e+06
1.735890000000000000e+05
3.202830000000000000e+05
1.518088000000000000e+06
3.192380000000000000e+05
1.517809000000000000e+06
5.371260000000000000e+05
2.497440000000000000e+05
1.182610000000000000e+05
1.152565000000000000e+06
9.361980000000000000e+05
1.345059000000000000e+06
3.449330000000000000e+05
3.150380000000000000e+05
1.073363000000000000e+06
1.474617000000000000e+06
1.657508000000000000e+06
1.384501000000000000e+06
1.711014000000000000e+06
1.836133000000000000e+06
1.643092000000000000e+06
1.366401000000000000e+06
1.075205000000000000e+06
1.169562000000000000e+06
1.347349000000000000e+06
1.635171000000000000e+06
1.854549000000000000e+06
1.779357000000000000e+06
1.834447000000000000e+06
1.230764000000000000e+06
1.256593000000000000e+06
1.460325000000000000e+06
7.201550000000000000e+05
1.080130000000000000e+05
1.997510000000000000e+05
5.073130000000000000e+05
1.537005000000000000e+06
1.839826000000000000e+06
7.076180000000000000e+05
1.071879000000000000e+06
1.826159000000000000e+06
3.214120000000000000e+05
1.745099000000000000e+06
1.203949000000000000e+06
5.465250000000000000e+05
1.722250000000000000e+06
7.124910000000000000e+05
1.258768000000000000e+06
3.403950000000000000e+05
2.374280000000000000e+05
3.334400000000000000e+04
1.831580000000000000e+06
6.722560000000000000e+05
1.718406000000000000e+06
2.052250000000000000e+05
1.255389000000000000e+06
2.566700000000000000e+05
3.539510000000000000e+05
1.716127000000000000e+06
1.404060000000000000e+06
6.610970000000000000e+05
4.397860000000000000e+05
2.741060000000000000e+05
6.180970000000000000e+05
1.379429000000000000e+06
4.384960000000000000e+05
1.834205000000000000e+06
1.834374000000000000e+06
1.024514000000000000e+06
1.653385000000000000e+06
1.547761000000000000e+06
1.318400000000000000e+04
3.379540000000000000e+05
1.390900000000000000e+06
1.058196000000000000e+06
1.539226000000000000e+06
1.654460000000000000e+05
3.719550000000000000e+05
1.239770000000000000e+05
3.232050000000000000e+05
1.314326000000000000e+06
3.643200000000000000e+04
8.656230000000000000e+05
1.628620000000000000e+06
1.235543000000000000e+06
8.980270000000000000e+05
7.238810000000000000e+05
1.457633000000000000e+06
1.785126000000000000e+06
1.078889000000000000e+06
4.410830000000000000e+05
3.173420000000000000e+05
1.546737000000000000e+06
5.313000000000000000e+05
1.722295000000000000e+06
5.585400000000000000e+04
2.681570000000000000e+05
2.255790000000000000e+05
1.636056000000000000e+06
9.472520000000000000e+05
1.625459000000000000e+06
1.573671000000000000e+06
1.704574000000000000e+06
1.650711000000000000e+06
3.285790000000000000e+05
3.786560000000000000e+05
8.982300000000000000e+04
1.387013000000000000e+06
1.165336000000000000e+06
5.399730000000000000e+05
1.389389000000000000e+06
1.677878000000000000e+06
5.248120000000000000e+05
1.789365000000000000e+06
1.667002000000000000e+06
8.968900000000000000e+05
6.594800000000000000e+05
1.713029000000000000e+06
1.783054000000000000e+06
1.010670000000000000e+05
5.759250000000000000e+05
2.642660000000000000e+05
1.226963000000000000e+06
4.959270000000000000e+05
6.775410000000000000e+05
1.969300000000000000e+05
7.012090000000000000e+05
1.567503000000000000e+06
1.785980000000000000e+05
1.567660000000000000e+06
1.226110000000000000e+06
3.855440000000000000e+05
3.823120000000000000e+05
1.847574000000000000e+06
3.849680000000000000e+05
5.031770000000000000e+05
1.309540000000000000e+05
1.119415000000000000e+06
5.389680000000000000e+05
6.416700000000000000e+04
1.479912000000000000e+06
1.356503000000000000e+06
3.570620000000000000e+05
9.578400000000000000e+05
2.442100000000000000e+05
