1.401052000000000000e+06
7.060900000000000000e+05
1.244600000000000000e+04
5.680300000000000000e+04
1.643663000000000000e+06
1.085116000000000000e+06
5.061900000000000000e+05
7.206420000000000000e+05
1.777785000000000000e+06
2.247980000000000000e+05
1.788451000000000000e+06
1.560010000000000000e+05
8.819990000000000000e+05
2.829000000000000000e+03
2.133400000000000000e+04
1.252984000000000000e+06
1.743586000000000000e+06
5.639900000000000000e+04
1.325980000000000000e+05
1.759549000000000000e+06
8.086300000000000000e+04
1.366010000000000000e+05
1.639721000000000000e+06
5.864170000000000000e+05
1.831190000000000000e+06
1.781284000000000000e+06
1.023079000000000000e+06
4.414500000000000000e+04
5.641800000000000000e+04
1.047778000000000000e+06
1.643740000000000000e+06
5.357870000000000000e+05
1.768553000000000000e+06
1.120244000000000000e+06
2.072930000000000000e+05
1.630859000000000000e+06
3.652690000000000000e+05
2.992260000000000000e+05
1.586717000000000000e+06
1.591613000000000000e+06
1.728849000000000000e+06
1.301400000000000000e+04
1.750562000000000000e+06
2.503760000000000000e+05
1.165100000000000000e+04
1.068100000000000000e+04
6.771980000000000000e+05
1.569210000000000000e+05
1.217500000000000000e+05
5.337330000000000000e+05
1.526878000000000000e+06
1.818265000000000000e+06
1.417457000000000000e+06
1.251392000000000000e+06
1.213204000000000000e+06
1.786666000000000000e+06
1.640739000000000000e+06
6.523690000000000000e+05
3.228430000000000000e+05
4.907720000000000000e+05
1.638491000000000000e+06
1.289531000000000000e+06
1.849647000000000000e+06
8.980000000000000000e+05
1.342281000000000000e+06
1.641487000000000000e+06
2.501630000000000000e+05
1.593449000000000000e+06
2.986780000000000000e+05
1.843079000000000000e+06
1.647610000000000000e+06
6.416830000000000000e+05
8.995960000000000000e+05
1.003772000000000000e+06
1.463114000000000000e+06
3.005700000000000000e+05
1.794947000000000000e+06
1.266140000000000000e+06
1.795757000000000000e+06
