1.851190000000000000e+06
7.706630000000000000e+05
1.116239000000000000e+06
8.685570000000000000e+05
8.297450000000000000e+05
7.304320000000000000e+05
9.656900000000000000e+05
1.227907000000000000e+06
3.854300000000000000e+05
1.851397000000000000e+06
1.379354000000000000e+06
1.569874000000000000e+06
1.623729000000000000e+06
9.544230000000000000e+05
6.529490000000000000e+05
8.719020000000000000e+05
3.570700000000000000e+04
9.624700000000000000e+05
1.710226000000000000e+06
7.268450000000000000e+05
1.522846000000000000e+06
9.604380000000000000e+05
1.008570000000000000e+05
1.849265000000000000e+06
1.112225000000000000e+06
3.241170000000000000e+05
1.116008000000000000e+06
1.851134000000000000e+06
2.256430000000000000e+05
8.661670000000000000e+05
7.591620000000000000e+05
9.806710000000000000e+05
4.398290000000000000e+05
4.389820000000000000e+05
7.279580000000000000e+05
1.115972000000000000e+06
1.823957000000000000e+06
9.088470000000000000e+05
1.632094000000000000e+06
4.389080000000000000e+05
1.846034000000000000e+06
9.926890000000000000e+05
1.450873000000000000e+06
7.303940000000000000e+05
1.622116000000000000e+06
7.286090000000000000e+05
3.144050000000000000e+05
1.601246000000000000e+06
1.163433000000000000e+06
1.771164000000000000e+06
1.474818000000000000e+06
7.271740000000000000e+05
1.268313000000000000e+06
9.628080000000000000e+05
1.356575000000000000e+06
1.851352000000000000e+06
1.556200000000000000e+04
7.324600000000000000e+05
1.387385000000000000e+06
8.790900000000000000e+05
1.782877000000000000e+06
9.891650000000000000e+05
8.975630000000000000e+05
1.361695000000000000e+06
1.367546000000000000e+06
7.697970000000000000e+05
9.005110000000000000e+05
1.276427000000000000e+06
4.946960000000000000e+05
8.851000000000000000e+05
1.109041000000000000e+06
4.456060000000000000e+05
1.845976000000000000e+06
4.208110000000000000e+05
1.604635000000000000e+06
3.157960000000000000e+05
1.113043000000000000e+06
1.851235000000000000e+06
9.681390000000000000e+05
2.636060000000000000e+05
1.852544000000000000e+06
8.962710000000000000e+05
3.792330000000000000e+05
1.364366000000000000e+06
1.387183000000000000e+06
1.651261000000000000e+06
7.281790000000000000e+05
1.367700000000000000e+04
1.414104000000000000e+06
1.851288000000000000e+06
9.632030000000000000e+05
2.037260000000000000e+05
1.388855000000000000e+06
1.849817000000000000e+06
9.545710000000000000e+05
1.254260000000000000e+06
1.850751000000000000e+06
3.801910000000000000e+05
1.208710000000000000e+05
1.121654000000000000e+06
1.225509000000000000e+06
1.022354000000000000e+06
3.137810000000000000e+05
1.751320000000000000e+06
9.546510000000000000e+05
2.873740000000000000e+05
9.914640000000000000e+05
1.274828000000000000e+06
5.114710000000000000e+05
1.712659000000000000e+06
1.493136000000000000e+06
3.145140000000000000e+05
1.846884000000000000e+06
4.317460000000000000e+05
6.635280000000000000e+05
7.388880000000000000e+05
1.560975000000000000e+06
8.834020000000000000e+05
1.457927000000000000e+06
1.624373000000000000e+06
1.790640000000000000e+06
1.099015000000000000e+06
1.051973000000000000e+06
4.389450000000000000e+05
6.663600000000000000e+05
1.822437000000000000e+06
1.255016000000000000e+06
4.507460000000000000e+05
1.635381000000000000e+06
9.497290000000000000e+05
8.103150000000000000e+05
7.887350000000000000e+05
3.126020000000000000e+05
1.135024000000000000e+06
2.374280000000000000e+05
1.129752000000000000e+06
1.376279000000000000e+06
1.029973000000000000e+06
1.685644000000000000e+06
1.637202000000000000e+06
2.202200000000000000e+05
1.169893000000000000e+06
1.574904000000000000e+06
1.115530000000000000e+06
4.937030000000000000e+05
1.378800000000000000e+06
3.816790000000000000e+05
7.278720000000000000e+05
1.112565000000000000e+06
1.013721000000000000e+06
2.193240000000000000e+05
1.829700000000000000e+06
1.010713000000000000e+06
2.192100000000000000e+05
1.177108000000000000e+06
1.001994000000000000e+06
4.445570000000000000e+05
1.729570000000000000e+06
1.522703000000000000e+06
1.248010000000000000e+06
3.032790000000000000e+05
1.121029000000000000e+06
1.225919000000000000e+06
4.306450000000000000e+05
1.266420000000000000e+05
7.287390000000000000e+05
1.849951000000000000e+06
1.375986000000000000e+06
2.981710000000000000e+05
1.700323000000000000e+06
1.352650000000000000e+05
1.337007000000000000e+06
3.437310000000000000e+05
1.840200000000000000e+04
1.708383000000000000e+06
5.150570000000000000e+05
1.850582000000000000e+06
7.266230000000000000e+05
1.118007000000000000e+06
3.820170000000000000e+05
1.090860000000000000e+06
9.544160000000000000e+05
1.379582000000000000e+06
9.284880000000000000e+05
1.732632000000000000e+06
1.622298000000000000e+06
1.631761000000000000e+06
4.938710000000000000e+05
1.620802000000000000e+06
1.858510000000000000e+05
9.411190000000000000e+05
1.291077000000000000e+06
1.714533000000000000e+06
1.319229000000000000e+06
1.364337000000000000e+06
6.695900000000000000e+05
1.841747000000000000e+06
1.356800000000000000e+06
1.852538000000000000e+06
1.760742000000000000e+06
6.607740000000000000e+05
3.107920000000000000e+05
9.859900000000000000e+05
1.267060000000000000e+06
3.877410000000000000e+05
1.576528000000000000e+06
1.252112000000000000e+06
1.851273000000000000e+06
3.687700000000000000e+04
1.626033000000000000e+06
6.399860000000000000e+05
1.120023000000000000e+06
3.831150000000000000e+05
9.754450000000000000e+05
1.783099000000000000e+06
3.461420000000000000e+05
1.752334000000000000e+06
1.447800000000000000e+04
4.173500000000000000e+05
3.888090000000000000e+05
1.838290000000000000e+06
1.225392000000000000e+06
3.152910000000000000e+05
4.433440000000000000e+05
1.783141000000000000e+06
1.389269000000000000e+06
2.121360000000000000e+05
9.486780000000000000e+05
1.106161000000000000e+06
1.678853000000000000e+06
2.417460000000000000e+05
9.515600000000000000e+05
1.850330000000000000e+05
3.491900000000000000e+05
1.745107000000000000e+06
1.713742000000000000e+06
3.505110000000000000e+05
1.384471000000000000e+06
1.260270000000000000e+06
1.830192000000000000e+06
1.824811000000000000e+06
1.627970000000000000e+06
1.397141000000000000e+06
1.846249000000000000e+06
9.857020000000000000e+05
1.712503000000000000e+06
1.353103000000000000e+06
3.724800000000000000e+04
1.630359000000000000e+06
1.732641000000000000e+06
1.783802000000000000e+06
3.870840000000000000e+05
8.676670000000000000e+05
1.094031000000000000e+06
1.706235000000000000e+06
1.003520000000000000e+06
3.213970000000000000e+05
1.838515000000000000e+06
2.172020000000000000e+05
1.126493000000000000e+06
1.566820000000000000e+06
1.097380000000000000e+05
5.790800000000000000e+05
4.811190000000000000e+05
1.693606000000000000e+06
1.367401000000000000e+06
8.332980000000000000e+05
8.639520000000000000e+05
7.956860000000000000e+05
1.696934000000000000e+06
1.358041000000000000e+06
1.388128000000000000e+06
1.186520000000000000e+06
1.230117000000000000e+06
1.833609000000000000e+06
1.226333000000000000e+06
7.333640000000000000e+05
1.253983000000000000e+06
5.292520000000000000e+05
9.444460000000000000e+05
1.625521000000000000e+06
2.402110000000000000e+05
9.543770000000000000e+05
4.409430000000000000e+05
1.994850000000000000e+05
1.227903000000000000e+06
9.874140000000000000e+05
1.518548000000000000e+06
1.564721000000000000e+06
4.532240000000000000e+05
4.325420000000000000e+05
1.238705000000000000e+06
1.487216000000000000e+06
1.531507000000000000e+06
1.415250000000000000e+06
1.758121000000000000e+06
1.222127000000000000e+06
1.624530000000000000e+06
5.251000000000000000e+04
2.242330000000000000e+05
3.858140000000000000e+05
4.527950000000000000e+05
6.463870000000000000e+05
1.679034000000000000e+06
7.359880000000000000e+05
1.719081000000000000e+06
1.457994000000000000e+06
1.365829000000000000e+06
1.575840000000000000e+06
2.030310000000000000e+05
1.087465000000000000e+06
1.826221000000000000e+06
9.381680000000000000e+05
2.037610000000000000e+05
1.080442000000000000e+06
1.642945000000000000e+06
1.813563000000000000e+06
4.308990000000000000e+05
1.745978000000000000e+06
1.588874000000000000e+06
1.161048000000000000e+06
1.238736000000000000e+06
1.709456000000000000e+06
4.523230000000000000e+05
1.374798000000000000e+06
1.574812000000000000e+06
5.253200000000000000e+05
6.947900000000000000e+05
6.631240000000000000e+05
1.163219000000000000e+06
1.101035000000000000e+06
1.280121000000000000e+06
1.435182000000000000e+06
1.709536000000000000e+06
1.412090000000000000e+05
7.688420000000000000e+05
6.619730000000000000e+05
3.471100000000000000e+04
7.015230000000000000e+05
1.227328000000000000e+06
1.835180000000000000e+06
1.206857000000000000e+06
1.035882000000000000e+06
1.277700000000000000e+06
1.228307000000000000e+06
3.293640000000000000e+05
1.460325000000000000e+06
4.593640000000000000e+05
1.525670000000000000e+06
1.635035000000000000e+06
1.714836000000000000e+06
1.343576000000000000e+06
1.772632000000000000e+06
1.487374000000000000e+06
1.065036000000000000e+06
1.232170000000000000e+05
7.288390000000000000e+05
1.058196000000000000e+06
1.783054000000000000e+06
5.695130000000000000e+05
4.215060000000000000e+05
3.878280000000000000e+05
2.945000000000000000e+05
4.875640000000000000e+05
1.853161000000000000e+06
7.356680000000000000e+05
9.763870000000000000e+05
1.047940000000000000e+05
1.266918000000000000e+06
1.591016000000000000e+06
1.333028000000000000e+06
1.228519000000000000e+06
1.772398000000000000e+06
1.522213000000000000e+06
9.543830000000000000e+05
6.537990000000000000e+05
1.628620000000000000e+06
1.482076000000000000e+06
1.224770000000000000e+06
1.637661000000000000e+06
9.003820000000000000e+05
1.708966000000000000e+06
7.869780000000000000e+05
8.181480000000000000e+05
3.739960000000000000e+05
9.411150000000000000e+05
1.581100000000000000e+04
1.364821000000000000e+06
6.609200000000000000e+05
1.260615000000000000e+06
7.184150000000000000e+05
1.635764000000000000e+06
1.021580000000000000e+05
1.682893000000000000e+06
1.623937000000000000e+06
7.771800000000000000e+04
3.039660000000000000e+05
3.455920000000000000e+05
1.229461000000000000e+06
2.479260000000000000e+05
2.329730000000000000e+05
7.118900000000000000e+05
1.417180000000000000e+06
1.521434000000000000e+06
1.393140000000000000e+06
5.307210000000000000e+05
4.574140000000000000e+05
3.879080000000000000e+05
7.165460000000000000e+05
1.763531000000000000e+06
4.506070000000000000e+05
1.337955000000000000e+06
1.309877000000000000e+06
3.720700000000000000e+04
1.253865000000000000e+06
3.328190000000000000e+05
1.682351000000000000e+06
1.424497000000000000e+06
1.352317000000000000e+06
5.891720000000000000e+05
6.830690000000000000e+05
1.845764000000000000e+06
6.802590000000000000e+05
1.832935000000000000e+06
2.949450000000000000e+05
1.817261000000000000e+06
7.325730000000000000e+05
1.244262000000000000e+06
1.634344000000000000e+06
1.782882000000000000e+06
1.752817000000000000e+06
1.161425000000000000e+06
1.826374000000000000e+06
3.622780000000000000e+05
1.495287000000000000e+06
7.657100000000000000e+05
1.706878000000000000e+06
1.760634000000000000e+06
3.609140000000000000e+05
4.997480000000000000e+05
3.518290000000000000e+05
1.060530000000000000e+06
1.242396000000000000e+06
1.732604000000000000e+06
1.819347000000000000e+06
1.716429000000000000e+06
1.112883000000000000e+06
1.772842000000000000e+06
1.344918000000000000e+06
4.474720000000000000e+05
6.386320000000000000e+05
3.836970000000000000e+05
1.820855000000000000e+06
1.630583000000000000e+06
1.637467000000000000e+06
8.809570000000000000e+05
9.493610000000000000e+05
1.380367000000000000e+06
9.583000000000000000e+05
1.253417000000000000e+06
3.195610000000000000e+05
1.510174000000000000e+06
1.800265000000000000e+06
1.537005000000000000e+06
1.856530000000000000e+05
1.744427000000000000e+06
6.554630000000000000e+05
6.608380000000000000e+05
5.808300000000000000e+05
1.086830000000000000e+05
1.397209000000000000e+06
1.197194000000000000e+06
1.198509000000000000e+06
1.644175000000000000e+06
5.444640000000000000e+05
2.518510000000000000e+05
1.675813000000000000e+06
4.392660000000000000e+05
1.426241000000000000e+06
1.268484000000000000e+06
2.128310000000000000e+05
1.066800000000000000e+05
1.766590000000000000e+05
5.896670000000000000e+05
1.252468000000000000e+06
3.728730000000000000e+05
1.229361000000000000e+06
7.158400000000000000e+05
1.352280000000000000e+05
1.125004000000000000e+06
1.040743000000000000e+06
5.857390000000000000e+05
3.506080000000000000e+05
1.189387000000000000e+06
1.831135000000000000e+06
1.123228000000000000e+06
1.263180000000000000e+05
4.437800000000000000e+04
1.368509000000000000e+06
9.359850000000000000e+05
5.302110000000000000e+05
1.549357000000000000e+06
6.611560000000000000e+05
9.957690000000000000e+05
4.583750000000000000e+05
3.714010000000000000e+05
2.441700000000000000e+04
4.966380000000000000e+05
3.414560000000000000e+05
8.961230000000000000e+05
1.369053000000000000e+06
9.348700000000000000e+05
1.827301000000000000e+06
1.717483000000000000e+06
1.018414000000000000e+06
1.639485000000000000e+06
5.055530000000000000e+05
1.770436000000000000e+06
2.680740000000000000e+05
6.505530000000000000e+05
3.418300000000000000e+04
9.244620000000000000e+05
1.473906000000000000e+06
1.205567000000000000e+06
1.044133000000000000e+06
1.685911000000000000e+06
1.378898000000000000e+06
1.713052000000000000e+06
1.570142000000000000e+06
1.054490000000000000e+05
1.250693000000000000e+06
1.676225000000000000e+06
1.748218000000000000e+06
2.474450000000000000e+05
1.754380000000000000e+05
1.772450000000000000e+05
1.633507000000000000e+06
8.969960000000000000e+05
1.816253000000000000e+06
1.584915000000000000e+06
4.367090000000000000e+05
1.320746000000000000e+06
3.884520000000000000e+05
1.225165000000000000e+06
1.403475000000000000e+06
1.205998000000000000e+06
1.519135000000000000e+06
1.346546000000000000e+06
1.852042000000000000e+06
3.856600000000000000e+05
1.852771000000000000e+06
1.852757000000000000e+06
1.201488000000000000e+06
1.489563000000000000e+06
1.743540000000000000e+06
1.834205000000000000e+06
1.682003000000000000e+06
1.780682000000000000e+06
1.164563000000000000e+06
1.998440000000000000e+05
2.872080000000000000e+05
1.650444000000000000e+06
9.224290000000000000e+05
5.953300000000000000e+05
7.679050000000000000e+05
2.855380000000000000e+05
1.523264000000000000e+06
1.147990000000000000e+06
1.458143000000000000e+06
1.243937000000000000e+06
1.702545000000000000e+06
1.827798000000000000e+06
2.113060000000000000e+05
1.562605000000000000e+06
1.455502000000000000e+06
2.016110000000000000e+05
5.546410000000000000e+05
3.487290000000000000e+05
1.277722000000000000e+06
1.712945000000000000e+06
1.358681000000000000e+06
5.606700000000000000e+04
1.280112000000000000e+06
1.130907000000000000e+06
7.924200000000000000e+04
5.102560000000000000e+05
5.461780000000000000e+05
1.524640000000000000e+05
1.830173000000000000e+06
3.415590000000000000e+05
3.164090000000000000e+05
1.522258000000000000e+06
1.323585000000000000e+06
1.714559000000000000e+06
1.463240000000000000e+06
4.355310000000000000e+05
1.832916000000000000e+06
3.778480000000000000e+05
1.615845000000000000e+06
1.298404000000000000e+06
1.782334000000000000e+06
7.373240000000000000e+05
1.139259000000000000e+06
1.324362000000000000e+06
1.492651000000000000e+06
5.302440000000000000e+05
3.732060000000000000e+05
5.151800000000000000e+05
1.570010000000000000e+06
1.728879000000000000e+06
1.320894000000000000e+06
1.488870000000000000e+06
1.606146000000000000e+06
1.311933000000000000e+06
4.354070000000000000e+05
1.113368000000000000e+06
3.079470000000000000e+05
1.046101000000000000e+06
1.024728000000000000e+06
1.575205000000000000e+06
1.226681000000000000e+06
1.230335000000000000e+06
1.222948000000000000e+06
5.594240000000000000e+05
1.823854000000000000e+06
1.421185000000000000e+06
1.881410000000000000e+05
1.276258000000000000e+06
1.005770000000000000e+06
9.242070000000000000e+05
5.355800000000000000e+04
3.727950000000000000e+05
1.251245000000000000e+06
1.046946000000000000e+06
1.935060000000000000e+05
1.382209000000000000e+06
1.710771000000000000e+06
1.230640000000000000e+06
1.820658000000000000e+06
1.849685000000000000e+06
1.565674000000000000e+06
4.387760000000000000e+05
1.161439000000000000e+06
2.251790000000000000e+05
7.288970000000000000e+05
1.391153000000000000e+06
8.807530000000000000e+05
4.991400000000000000e+05
1.565885000000000000e+06
2.240190000000000000e+05
8.171610000000000000e+05
7.757900000000000000e+05
1.354763000000000000e+06
1.784242000000000000e+06
8.804130000000000000e+05
6.181210000000000000e+05
1.315192000000000000e+06
1.590207000000000000e+06
1.492934000000000000e+06
2.439400000000000000e+04
3.669430000000000000e+05
6.658040000000000000e+05
1.955310000000000000e+05
1.471830000000000000e+06
1.569990000000000000e+06
5.805440000000000000e+05
1.603059000000000000e+06
3.506400000000000000e+05
1.651862000000000000e+06
1.710601000000000000e+06
3.570200000000000000e+04
1.420363000000000000e+06
7.963050000000000000e+05
8.597780000000000000e+05
8.287690000000000000e+05
4.772390000000000000e+05
1.621538000000000000e+06
1.229543000000000000e+06
1.607220000000000000e+06
1.558342000000000000e+06
7.843200000000000000e+04
6.615950000000000000e+05
5.385440000000000000e+05
1.487728000000000000e+06
1.561860000000000000e+06
1.226045000000000000e+06
9.274200000000000000e+05
1.754563000000000000e+06
1.364346000000000000e+06
5.767520000000000000e+05
1.813483000000000000e+06
1.461856000000000000e+06
1.466781000000000000e+06
1.581341000000000000e+06
4.347390000000000000e+05
2.475900000000000000e+04
1.386180000000000000e+06
4.427790000000000000e+05
6.328900000000000000e+05
4.713840000000000000e+05
1.565606000000000000e+06
2.947180000000000000e+05
1.203000000000000000e+05
6.544810000000000000e+05
1.043536000000000000e+06
1.094989000000000000e+06
3.167910000000000000e+05
1.105646000000000000e+06
8.951740000000000000e+05
1.518109000000000000e+06
1.713720000000000000e+06
3.880940000000000000e+05
1.761259000000000000e+06
9.168700000000000000e+04
5.856170000000000000e+05
1.476175000000000000e+06
5.336280000000000000e+05
3.611330000000000000e+05
2.618800000000000000e+05
1.810119000000000000e+06
1.382270000000000000e+05
1.479900000000000000e+05
1.772976000000000000e+06
1.567660000000000000e+06
1.816531000000000000e+06
8.968190000000000000e+05
7.348220000000000000e+05
1.366281000000000000e+06
1.180592000000000000e+06
4.465100000000000000e+04
6.374670000000000000e+05
4.692670000000000000e+05
1.824928000000000000e+06
3.024100000000000000e+05
1.242462000000000000e+06
1.409710000000000000e+05
1.351012000000000000e+06
4.265520000000000000e+05
3.093460000000000000e+05
1.380435000000000000e+06
1.003874000000000000e+06
5.520520000000000000e+05
1.537478000000000000e+06
3.810320000000000000e+05
3.517260000000000000e+05
1.661726000000000000e+06
3.495730000000000000e+05
1.712764000000000000e+06
1.125016000000000000e+06
5.529120000000000000e+05
4.521880000000000000e+05
7.327610000000000000e+05
1.763869000000000000e+06
1.652332000000000000e+06
1.640109000000000000e+06
1.338110000000000000e+06
3.036310000000000000e+05
6.571990000000000000e+05
3.855440000000000000e+05
6.529200000000000000e+05
6.604220000000000000e+05
3.845000000000000000e+05
1.565494000000000000e+06
1.519595000000000000e+06
1.779856000000000000e+06
1.742246000000000000e+06
1.827539000000000000e+06
1.451298000000000000e+06
1.783350000000000000e+05
1.091563000000000000e+06
3.699100000000000000e+04
1.284005000000000000e+06
1.274013000000000000e+06
1.373843000000000000e+06
1.709801000000000000e+06
1.853244000000000000e+06
1.556096000000000000e+06
4.446480000000000000e+05
1.571975000000000000e+06
1.574903000000000000e+06
1.738247000000000000e+06
1.127475000000000000e+06
1.419417000000000000e+06
1.828179000000000000e+06
3.418660000000000000e+05
4.555820000000000000e+05
1.416641000000000000e+06
3.865270000000000000e+05
3.481700000000000000e+04
1.376931000000000000e+06
6.897800000000000000e+04
1.762119000000000000e+06
9.056840000000000000e+05
1.319185000000000000e+06
6.683850000000000000e+05
1.672996000000000000e+06
3.923300000000000000e+05
3.187020000000000000e+05
1.417423000000000000e+06
3.962920000000000000e+05
1.259606000000000000e+06
4.640380000000000000e+05
3.863090000000000000e+05
1.717662000000000000e+06
1.605413000000000000e+06
1.331770000000000000e+06
1.768190000000000000e+05
6.692380000000000000e+05
7.228660000000000000e+05
6.416700000000000000e+04
1.197304000000000000e+06
1.526951000000000000e+06
7.462940000000000000e+05
2.644800000000000000e+05
1.110116000000000000e+06
5.664740000000000000e+05
1.709260000000000000e+06
1.242394000000000000e+06
1.486060000000000000e+05
1.146359000000000000e+06
1.812755000000000000e+06
1.085345000000000000e+06
7.402360000000000000e+05
1.838258000000000000e+06
1.274471000000000000e+06
1.248986000000000000e+06
2.115230000000000000e+05
1.538264000000000000e+06
5.113230000000000000e+05
9.237800000000000000e+04
1.111568000000000000e+06
1.828548000000000000e+06
1.430270000000000000e+05
1.323595000000000000e+06
4.483450000000000000e+05
1.593828000000000000e+06
1.322606000000000000e+06
1.383012000000000000e+06
3.058320000000000000e+05
1.193190000000000000e+06
1.600136000000000000e+06
2.038740000000000000e+05
4.405920000000000000e+05
1.643574000000000000e+06
6.594800000000000000e+05
9.343090000000000000e+05
1.167293000000000000e+06
3.509960000000000000e+05
8.936040000000000000e+05
2.388000000000000000e+05
1.148608000000000000e+06
1.270444000000000000e+06
6.653700000000000000e+05
5.128200000000000000e+05
1.392757000000000000e+06
1.607729000000000000e+06
1.749098000000000000e+06
1.237400000000000000e+04
1.524819000000000000e+06
1.446848000000000000e+06
3.777270000000000000e+05
9.925710000000000000e+05
1.601285000000000000e+06
3.484020000000000000e+05
1.705891000000000000e+06
4.959270000000000000e+05
1.986400000000000000e+04
6.056530000000000000e+05
1.584818000000000000e+06
1.580762000000000000e+06
1.364958000000000000e+06
1.840938000000000000e+06
1.159221000000000000e+06
8.212490000000000000e+05
8.585950000000000000e+05
1.426925000000000000e+06
1.600030000000000000e+06
3.823510000000000000e+05
2.073380000000000000e+05
1.087874000000000000e+06
5.406030000000000000e+05
1.117940000000000000e+06
1.838179000000000000e+06
6.102940000000000000e+05
8.050100000000000000e+04
4.214910000000000000e+05
1.073570000000000000e+06
1.840727000000000000e+06
1.833284000000000000e+06
5.581310000000000000e+05
8.965850000000000000e+05
1.332077000000000000e+06
1.237318000000000000e+06
7.201550000000000000e+05
1.772822000000000000e+06
1.324272000000000000e+06
1.206816000000000000e+06
1.331919000000000000e+06
1.058514000000000000e+06
3.126520000000000000e+05
2.548640000000000000e+05
1.213420000000000000e+05
1.568325000000000000e+06
6.376260000000000000e+05
1.445605000000000000e+06
1.301106000000000000e+06
5.248490000000000000e+05
1.332194000000000000e+06
2.939840000000000000e+05
7.273240000000000000e+05
3.797930000000000000e+05
6.820350000000000000e+05
1.853079000000000000e+06
2.294930000000000000e+05
1.561412000000000000e+06
1.630615000000000000e+06
1.145251000000000000e+06
1.213438000000000000e+06
2.534110000000000000e+05
