1.851190000000000000e+06
1.116159000000000000e+06
1.207551000000000000e+06
1.561549000000000000e+06
1.034138000000000000e+06
8.390210000000000000e+05
8.685070000000000000e+05
7.901710000000000000e+05
9.665740000000000000e+05
4.208110000000000000e+05
1.660807000000000000e+06
1.463074000000000000e+06
1.846267000000000000e+06
7.279580000000000000e+05
1.196779000000000000e+06
1.696596000000000000e+06
1.416424000000000000e+06
1.268313000000000000e+06
7.316300000000000000e+05
1.484711000000000000e+06
1.227788000000000000e+06
1.402316000000000000e+06
1.569874000000000000e+06
1.237267000000000000e+06
4.864910000000000000e+05
1.706759000000000000e+06
4.938330000000000000e+05
1.024331000000000000e+06
1.829700000000000000e+06
1.333203000000000000e+06
1.252143000000000000e+06
1.522907000000000000e+06
1.632094000000000000e+06
3.447950000000000000e+05
1.576638000000000000e+06
1.569111000000000000e+06
1.474818000000000000e+06
1.115540000000000000e+06
6.005960000000000000e+05
1.416501000000000000e+06
1.256440000000000000e+06
9.630760000000000000e+05
8.719020000000000000e+05
1.199878000000000000e+06
1.424587000000000000e+06
6.869000000000000000e+03
5.151800000000000000e+05
1.338295000000000000e+06
3.847930000000000000e+05
1.018231000000000000e+06
1.202410000000000000e+05
7.576100000000000000e+05
1.468896000000000000e+06
1.260652000000000000e+06
1.400057000000000000e+06
3.485960000000000000e+05
4.574500000000000000e+04
1.254341000000000000e+06
2.949450000000000000e+05
1.632470000000000000e+06
1.005034000000000000e+06
1.320548000000000000e+06
2.475900000000000000e+04
1.846249000000000000e+06
1.004650000000000000e+06
3.759670000000000000e+05
9.986530000000000000e+05
4.690910000000000000e+05
1.196150000000000000e+05
1.116008000000000000e+06
1.332194000000000000e+06
2.758080000000000000e+05
1.660734000000000000e+06
1.692745000000000000e+06
3.884360000000000000e+05
2.162900000000000000e+04
3.406080000000000000e+05
1.845968000000000000e+06
4.572300000000000000e+04
1.849583000000000000e+06
7.263200000000000000e+05
1.472385000000000000e+06
7.281790000000000000e+05
1.826532000000000000e+06
1.846082000000000000e+06
5.327420000000000000e+05
1.772694000000000000e+06
1.238736000000000000e+06
4.214910000000000000e+05
1.504133000000000000e+06
7.286340000000000000e+05
1.684951000000000000e+06
1.827829000000000000e+06
1.588874000000000000e+06
1.851134000000000000e+06
3.461420000000000000e+05
1.565394000000000000e+06
1.656021000000000000e+06
9.668530000000000000e+05
5.702630000000000000e+05
1.464671000000000000e+06
1.276627000000000000e+06
1.255407000000000000e+06
1.462865000000000000e+06
3.861420000000000000e+05
1.274333000000000000e+06
2.354700000000000000e+04
1.705281000000000000e+06
1.648160000000000000e+05
1.558181000000000000e+06
1.130873000000000000e+06
1.569185000000000000e+06
1.772398000000000000e+06
1.800439000000000000e+06
1.828038000000000000e+06
4.389450000000000000e+05
1.274585000000000000e+06
1.594560000000000000e+06
1.825937000000000000e+06
1.565606000000000000e+06
1.545310000000000000e+06
1.387301000000000000e+06
3.633430000000000000e+05
1.353183000000000000e+06
1.273924000000000000e+06
4.649820000000000000e+05
1.268611000000000000e+06
1.255780000000000000e+06
1.800352000000000000e+06
2.817100000000000000e+05
1.342038000000000000e+06
1.775396000000000000e+06
1.095662000000000000e+06
9.273170000000000000e+05
1.463138000000000000e+06
1.567689000000000000e+06
1.230890000000000000e+05
1.112225000000000000e+06
8.670370000000000000e+05
2.039480000000000000e+05
1.059314000000000000e+06
1.106081000000000000e+06
1.691754000000000000e+06
1.056997000000000000e+06
1.371290000000000000e+06
2.246600000000000000e+05
1.696004000000000000e+06
1.194906000000000000e+06
1.463269000000000000e+06
7.060300000000000000e+04
1.770436000000000000e+06
1.091520000000000000e+05
7.004550000000000000e+05
3.799190000000000000e+05
1.712545000000000000e+06
1.702191000000000000e+06
1.831523000000000000e+06
6.916890000000000000e+05
6.335020000000000000e+05
1.703512000000000000e+06
1.332180000000000000e+06
4.864000000000000000e+05
1.560975000000000000e+06
1.688259000000000000e+06
5.867670000000000000e+05
1.370630000000000000e+06
1.847876000000000000e+06
1.732506000000000000e+06
1.826111000000000000e+06
1.025846000000000000e+06
1.840900000000000000e+04
4.613450000000000000e+05
1.305246000000000000e+06
2.827700000000000000e+05
7.339560000000000000e+05
1.556200000000000000e+04
1.235240000000000000e+06
1.585209000000000000e+06
1.575036000000000000e+06
1.362448000000000000e+06
3.101540000000000000e+05
1.346546000000000000e+06
1.810053000000000000e+06
1.387834000000000000e+06
1.959230000000000000e+05
1.638975000000000000e+06
1.296796000000000000e+06
1.522401000000000000e+06
5.307210000000000000e+05
1.160724000000000000e+06
3.279480000000000000e+05
1.708517000000000000e+06
1.068944000000000000e+06
2.038050000000000000e+05
5.111380000000000000e+05
1.691541000000000000e+06
7.258350000000000000e+05
6.183740000000000000e+05
6.826650000000000000e+05
1.610469000000000000e+06
1.292956000000000000e+06
3.623620000000000000e+05
1.097380000000000000e+05
1.657071000000000000e+06
1.269105000000000000e+06
1.601285000000000000e+06
1.336459000000000000e+06
9.356760000000000000e+05
1.254343000000000000e+06
1.429236000000000000e+06
1.376384000000000000e+06
1.661644000000000000e+06
5.154410000000000000e+05
1.556250000000000000e+05
4.406300000000000000e+05
3.375090000000000000e+05
6.675200000000000000e+05
1.450010000000000000e+06
5.268800000000000000e+05
1.279443000000000000e+06
1.227429000000000000e+06
1.607775000000000000e+06
1.561424000000000000e+06
1.295444000000000000e+06
9.281650000000000000e+05
1.279410000000000000e+06
5.152570000000000000e+05
1.363260000000000000e+06
1.851273000000000000e+06
1.851397000000000000e+06
1.274540000000000000e+06
6.355270000000000000e+05
2.368610000000000000e+05
5.243280000000000000e+05
9.497290000000000000e+05
1.800525000000000000e+06
1.357007000000000000e+06
1.006105000000000000e+06
3.872180000000000000e+05
5.328760000000000000e+05
3.005340000000000000e+05
2.307600000000000000e+04
1.596230000000000000e+05
1.892000000000000000e+04
7.408320000000000000e+05
1.620590000000000000e+05
1.748288000000000000e+06
1.677363000000000000e+06
2.413690000000000000e+05
1.458590000000000000e+06
1.706093000000000000e+06
5.259450000000000000e+05
1.353396000000000000e+06
1.241169000000000000e+06
1.652338000000000000e+06
1.079750000000000000e+05
1.003581000000000000e+06
1.631734000000000000e+06
6.609200000000000000e+05
1.253175000000000000e+06
2.413270000000000000e+05
6.482980000000000000e+05
5.799560000000000000e+05
1.668344000000000000e+06
6.984180000000000000e+05
1.722237000000000000e+06
1.775087000000000000e+06
1.464638000000000000e+06
7.481760000000000000e+05
1.529461000000000000e+06
1.678790000000000000e+05
8.973530000000000000e+05
5.791240000000000000e+05
1.749237000000000000e+06
1.510081000000000000e+06
1.850751000000000000e+06
1.315817000000000000e+06
9.578200000000000000e+05
1.781380000000000000e+05
1.319185000000000000e+06
1.873800000000000000e+04
1.705654000000000000e+06
1.624844000000000000e+06
1.295124000000000000e+06
1.689643000000000000e+06
3.731100000000000000e+04
1.722368000000000000e+06
1.004383000000000000e+06
3.294980000000000000e+05
1.424960000000000000e+06
1.912000000000000000e+03
1.829500000000000000e+04
1.432588000000000000e+06
9.312780000000000000e+05
