1.851190000000000000e+06
1.116186000000000000e+06
1.227366000000000000e+06
3.854300000000000000e+05
7.304320000000000000e+05
8.723230000000000000e+05
7.995280000000000000e+05
8.425990000000000000e+05
7.700680000000000000e+05
1.851397000000000000e+06
8.719020000000000000e+05
9.656900000000000000e+05
6.529490000000000000e+05
1.623729000000000000e+06
9.544190000000000000e+05
1.851346000000000000e+06
3.570700000000000000e+04
1.360940000000000000e+06
9.624700000000000000e+05
7.280920000000000000e+05
1.569874000000000000e+06
3.241170000000000000e+05
1.379354000000000000e+06
7.438830000000000000e+05
1.849583000000000000e+06
1.522846000000000000e+06
1.116008000000000000e+06
1.851134000000000000e+06
1.710226000000000000e+06
1.852413000000000000e+06
9.604380000000000000e+05
9.546510000000000000e+05
8.684330000000000000e+05
3.831150000000000000e+05
8.661670000000000000e+05
1.850751000000000000e+06
2.256430000000000000e+05
7.288420000000000000e+05
1.116031000000000000e+06
3.144050000000000000e+05
1.112225000000000000e+06
1.008570000000000000e+05
4.389820000000000000e+05
1.364564000000000000e+06
7.273620000000000000e+05
1.824778000000000000e+06
4.389080000000000000e+05
1.352680000000000000e+05
1.622116000000000000e+06
1.225509000000000000e+06
1.850582000000000000e+06
1.387862000000000000e+06
9.811000000000000000e+05
7.869780000000000000e+05
8.181480000000000000e+05
4.398290000000000000e+05
1.226681000000000000e+06
1.846034000000000000e+06
1.850756000000000000e+06
1.845976000000000000e+06
7.316110000000000000e+05
1.651261000000000000e+06
1.011993000000000000e+06
7.284150000000000000e+05
9.923930000000000000e+05
9.100570000000000000e+05
9.005110000000000000e+05
1.475494000000000000e+06
1.121717000000000000e+06
7.324600000000000000e+05
1.356575000000000000e+06
1.364401000000000000e+06
7.697970000000000000e+05
1.851066000000000000e+06
1.379582000000000000e+06
1.386180000000000000e+06
1.111238000000000000e+06
7.349470000000000000e+05
6.530650000000000000e+05
1.227164000000000000e+06
8.791080000000000000e+05
1.591191000000000000e+06
1.112305000000000000e+06
1.163647000000000000e+06
3.809900000000000000e+05
1.783187000000000000e+06
8.834020000000000000e+05
3.128640000000000000e+05
1.588874000000000000e+06
1.118007000000000000e+06
9.624510000000000000e+05
1.109066000000000000e+06
1.225919000000000000e+06
2.037260000000000000e+05
1.606288000000000000e+06
1.415250000000000000e+06
8.962710000000000000e+05
9.274200000000000000e+05
1.845764000000000000e+06
1.121029000000000000e+06
1.227328000000000000e+06
6.537730000000000000e+05
3.792330000000000000e+05
3.820170000000000000e+05
3.436450000000000000e+05
3.157960000000000000e+05
1.575585000000000000e+06
1.851273000000000000e+06
9.804480000000000000e+05
1.018231000000000000e+06
1.397141000000000000e+06
1.607220000000000000e+06
1.115661000000000000e+06
3.837110000000000000e+05
5.117380000000000000e+05
1.363897000000000000e+06
1.771292000000000000e+06
1.364779000000000000e+06
1.835931000000000000e+06
4.304980000000000000e+05
1.624530000000000000e+06
9.645430000000000000e+05
1.254260000000000000e+06
1.228067000000000000e+06
5.474690000000000000e+05
7.266230000000000000e+05
1.493136000000000000e+06
1.252112000000000000e+06
1.826374000000000000e+06
1.679034000000000000e+06
2.104510000000000000e+05
9.545710000000000000e+05
3.152910000000000000e+05
1.356800000000000000e+06
9.350250000000000000e+05
1.365006000000000000e+06
3.137810000000000000e+05
8.867060000000000000e+05
1.022914000000000000e+06
1.114759000000000000e+06
3.226360000000000000e+05
3.879080000000000000e+05
1.628344000000000000e+06
1.276427000000000000e+06
1.135024000000000000e+06
1.387183000000000000e+06
1.225168000000000000e+06
9.891650000000000000e+05
2.488470000000000000e+05
1.849481000000000000e+06
1.782877000000000000e+06
1.457927000000000000e+06
3.714010000000000000e+05
7.962160000000000000e+05
8.646470000000000000e+05
8.274580000000000000e+05
3.145140000000000000e+05
1.631734000000000000e+06
6.607310000000000000e+05
2.518510000000000000e+05
3.781430000000000000e+05
7.405090000000000000e+05
3.505110000000000000e+05
1.601246000000000000e+06
1.383012000000000000e+06
1.378800000000000000e+06
8.145920000000000000e+05
3.865910000000000000e+05
1.850467000000000000e+06
2.199300000000000000e+05
1.852036000000000000e+06
1.714602000000000000e+06
5.055530000000000000e+05
1.632094000000000000e+06
1.365372000000000000e+06
1.751320000000000000e+06
1.822665000000000000e+06
6.386320000000000000e+05
1.519135000000000000e+06
1.035882000000000000e+06
1.367401000000000000e+06
1.163219000000000000e+06
1.051973000000000000e+06
5.698090000000000000e+05
1.605490000000000000e+06
9.663060000000000000e+05
3.866410000000000000e+05
6.399860000000000000e+05
1.839979000000000000e+06
9.244620000000000000e+05
1.424444000000000000e+06
3.878280000000000000e+05
1.450873000000000000e+06
1.384471000000000000e+06
8.797320000000000000e+05
1.722285000000000000e+06
1.712659000000000000e+06
4.173500000000000000e+05
9.486780000000000000e+05
1.838490000000000000e+06
4.946960000000000000e+05
3.121940000000000000e+05
2.121360000000000000e+05
1.090860000000000000e+06
1.564721000000000000e+06
9.754450000000000000e+05
5.896670000000000000e+05
1.624373000000000000e+06
7.388880000000000000e+05
1.685899000000000000e+06
7.558780000000000000e+05
7.273690000000000000e+05
3.147920000000000000e+05
1.833609000000000000e+06
1.388167000000000000e+06
1.358951000000000000e+06
1.522703000000000000e+06
2.642020000000000000e+05
6.635280000000000000e+05
1.760742000000000000e+06
1.852768000000000000e+06
1.094031000000000000e+06
4.527950000000000000e+05
1.782334000000000000e+06
5.283700000000000000e+05
1.376279000000000000e+06
2.037800000000000000e+05
9.914640000000000000e+05
6.663600000000000000e+05
1.824325000000000000e+06
1.353103000000000000e+06
2.573810000000000000e+05
7.733720000000000000e+05
1.226056000000000000e+06
1.770407000000000000e+06
4.308990000000000000e+05
4.456060000000000000e+05
7.325730000000000000e+05
2.073380000000000000e+05
7.757900000000000000e+05
8.211440000000000000e+05
9.284880000000000000e+05
2.947180000000000000e+05
3.865270000000000000e+05
1.841747000000000000e+06
3.778480000000000000e+05
1.225114000000000000e+06
2.474510000000000000e+05
3.723790000000000000e+05
7.118900000000000000e+05
1.248010000000000000e+06
1.621538000000000000e+06
6.056530000000000000e+05
1.222127000000000000e+06
1.852683000000000000e+06
6.695900000000000000e+05
1.398687000000000000e+06
1.006274000000000000e+06
1.850330000000000000e+05
1.147800000000000000e+04
1.576279000000000000e+06
1.851649000000000000e+06
1.628090000000000000e+06
1.588230000000000000e+06
9.417610000000000000e+05
3.739960000000000000e+05
1.531507000000000000e+06
1.578800000000000000e+04
9.916210000000000000e+05
1.244262000000000000e+06
1.565983000000000000e+06
1.129752000000000000e+06
1.850680000000000000e+06
1.745107000000000000e+06
4.317460000000000000e+05
4.030040000000000000e+05
1.851651000000000000e+06
6.536640000000000000e+05
9.497290000000000000e+05
1.625521000000000000e+06
1.268313000000000000e+06
4.987360000000000000e+05
5.150570000000000000e+05
1.846790000000000000e+05
1.620802000000000000e+06
1.063580000000000000e+06
1.375500000000000000e+04
1.715179000000000000e+06
3.518050000000000000e+05
7.288390000000000000e+05
9.493610000000000000e+05
4.572300000000000000e+04
1.556200000000000000e+04
3.058320000000000000e+05
1.853244000000000000e+06
6.609200000000000000e+05
1.820987000000000000e+06
1.250682000000000000e+06
9.793570000000000000e+05
3.778930000000000000e+05
1.319229000000000000e+06
4.998970000000000000e+05
1.732632000000000000e+06
7.297990000000000000e+05
1.846190000000000000e+06
3.187020000000000000e+05
1.013295000000000000e+06
7.626400000000000000e+05
1.151730000000000000e+06
3.611330000000000000e+05
9.515880000000000000e+05
7.184150000000000000e+05
1.622298000000000000e+06
1.279679000000000000e+06
1.632098000000000000e+06
6.615950000000000000e+05
1.391437000000000000e+06
1.712945000000000000e+06
1.255016000000000000e+06
5.053130000000000000e+05
1.828179000000000000e+06
1.719081000000000000e+06
1.229032000000000000e+06
9.574910000000000000e+05
1.358260000000000000e+06
1.368246000000000000e+06
1.819347000000000000e+06
4.506070000000000000e+05
1.829700000000000000e+06
1.651831000000000000e+06
1.139698000000000000e+06
1.102489000000000000e+06
1.123520000000000000e+06
1.563376000000000000e+06
1.830192000000000000e+06
2.329730000000000000e+05
1.712503000000000000e+06
9.991810000000000000e+05
1.221494000000000000e+06
2.107230000000000000e+05
1.856530000000000000e+05
1.727727000000000000e+06
2.474450000000000000e+05
1.845871000000000000e+06
3.863090000000000000e+05
8.399100000000000000e+05
7.961190000000000000e+05
1.578121000000000000e+06
3.418300000000000000e+04
1.521434000000000000e+06
6.425050000000000000e+05
3.471100000000000000e+04
2.461690000000000000e+05
8.961230000000000000e+05
3.032790000000000000e+05
1.732506000000000000e+06
1.003836000000000000e+06
2.402110000000000000e+05
1.642945000000000000e+06
6.611560000000000000e+05
1.848682000000000000e+06
5.244220000000000000e+05
1.760634000000000000e+06
1.436128000000000000e+06
1.238736000000000000e+06
3.877410000000000000e+05
1.853345000000000000e+06
1.548084000000000000e+06
5.520430000000000000e+05
1.522909000000000000e+06
5.355800000000000000e+04
1.364032000000000000e+06
9.515600000000000000e+05
9.003080000000000000e+05
1.637202000000000000e+06
1.177108000000000000e+06
2.979860000000000000e+05
1.274635000000000000e+06
1.376678000000000000e+06
3.724800000000000000e+04
1.659637000000000000e+06
1.761859000000000000e+06
1.783141000000000000e+06
2.118620000000000000e+05
1.458911000000000000e+06
3.858140000000000000e+05
1.208710000000000000e+05
5.307210000000000000e+05
7.359880000000000000e+05
4.593640000000000000e+05
1.830176000000000000e+06
1.782980000000000000e+06
1.844977000000000000e+06
1.368509000000000000e+06
1.388263000000000000e+06
1.779856000000000000e+06
1.620457000000000000e+06
1.628886000000000000e+06
9.396180000000000000e+05
6.947900000000000000e+05
3.863710000000000000e+05
1.161425000000000000e+06
4.354070000000000000e+05
1.744427000000000000e+06
1.849442000000000000e+06
1.682003000000000000e+06
1.714031000000000000e+06
5.126460000000000000e+05
1.478200000000000000e+04
6.567500000000000000e+05
7.331410000000000000e+05
2.374280000000000000e+05
3.845000000000000000e+05
1.126493000000000000e+06
1.374798000000000000e+06
1.492651000000000000e+06
1.834589000000000000e+06
1.112883000000000000e+06
1.581500000000000000e+04
1.714836000000000000e+06
1.826221000000000000e+06
1.825358000000000000e+06
9.271840000000000000e+05
7.348220000000000000e+05
8.969960000000000000e+05
1.832916000000000000e+06
1.043536000000000000e+06
1.102576000000000000e+06
7.695660000000000000e+05
9.242070000000000000e+05
1.276530000000000000e+06
1.392661000000000000e+06
1.715819000000000000e+06
1.808607000000000000e+06
1.648943000000000000e+06
1.250719000000000000e+06
1.784242000000000000e+06
1.743540000000000000e+06
3.824030000000000000e+05
3.816790000000000000e+05
5.502850000000000000e+05
1.343576000000000000e+06
1.352390000000000000e+05
6.630620000000000000e+05
3.884520000000000000e+05
2.802130000000000000e+05
1.813563000000000000e+06
1.223916000000000000e+06
5.748540000000000000e+05
7.207740000000000000e+05
7.165460000000000000e+05
1.364865000000000000e+06
1.225582000000000000e+06
1.206857000000000000e+06
1.838258000000000000e+06
4.448600000000000000e+04
9.993180000000000000e+05
1.388855000000000000e+06
3.455920000000000000e+05
3.835920000000000000e+05
3.862840000000000000e+05
6.410940000000000000e+05
1.571852000000000000e+06
4.433440000000000000e+05
8.965850000000000000e+05
1.567660000000000000e+06
6.991430000000000000e+05
3.465830000000000000e+05
8.809210000000000000e+05
1.710046000000000000e+06
1.267060000000000000e+06
1.155193000000000000e+06
4.392660000000000000e+05
9.343090000000000000e+05
1.657071000000000000e+06
1.281794000000000000e+06
1.853079000000000000e+06
1.073570000000000000e+06
4.994460000000000000e+05
1.080352000000000000e+06
1.833305000000000000e+06
1.699855000000000000e+06
1.382480000000000000e+06
9.544160000000000000e+05
8.801340000000000000e+05
1.711210000000000000e+06
3.748900000000000000e+05
5.805440000000000000e+05
1.061954000000000000e+06
3.753090000000000000e+05
1.125016000000000000e+06
8.449120000000000000e+05
8.123980000000000000e+05
8.992820000000000000e+05
1.827539000000000000e+06
8.666540000000000000e+05
1.274611000000000000e+06
1.282397000000000000e+06
1.225533000000000000e+06
1.337007000000000000e+06
1.005158000000000000e+06
3.079470000000000000e+05
7.278720000000000000e+05
1.037160000000000000e+05
4.361180000000000000e+05
1.603725000000000000e+06
6.181210000000000000e+05
1.744819000000000000e+06
1.709536000000000000e+06
3.344800000000000000e+04
1.238676000000000000e+06
5.102560000000000000e+05
1.647100000000000000e+06
1.073510000000000000e+05
3.036310000000000000e+05
1.111377000000000000e+06
1.772388000000000000e+06
1.225185000000000000e+06
1.623479000000000000e+06
3.880290000000000000e+05
1.781508000000000000e+06
1.305246000000000000e+06
2.859790000000000000e+05
1.252468000000000000e+06
1.097380000000000000e+05
1.709456000000000000e+06
7.284900000000000000e+05
1.832935000000000000e+06
1.386055000000000000e+06
3.896490000000000000e+05
6.828250000000000000e+05
9.077910000000000000e+05
1.365101000000000000e+06
1.352303000000000000e+06
1.773047000000000000e+06
1.266918000000000000e+06
1.720607000000000000e+06
1.830454000000000000e+06
6.608380000000000000e+05
1.854765000000000000e+06
9.381680000000000000e+05
1.226322000000000000e+06
1.758121000000000000e+06
1.818150000000000000e+06
1.170782000000000000e+06
1.694662000000000000e+06
8.931550000000000000e+05
1.099015000000000000e+06
1.148608000000000000e+06
2.680740000000000000e+05
9.101310000000000000e+05
8.804130000000000000e+05
1.366401000000000000e+06
1.028659000000000000e+06
3.856600000000000000e+05
1.624290000000000000e+06
6.830690000000000000e+05
1.264800000000000000e+05
9.488970000000000000e+05
1.722004000000000000e+06
1.103400000000000000e+06
1.521065000000000000e+06
3.101540000000000000e+05
1.237400000000000000e+04
2.113060000000000000e+05
2.128310000000000000e+05
1.504275000000000000e+06
6.590580000000000000e+05
1.315222000000000000e+06
3.039660000000000000e+05
1.630359000000000000e+06
2.417460000000000000e+05
1.760772000000000000e+06
1.591064000000000000e+06
1.259782000000000000e+06
7.565130000000000000e+05
1.568323000000000000e+06
1.018392000000000000e+06
1.565606000000000000e+06
4.507460000000000000e+05
2.207020000000000000e+05
1.745978000000000000e+06
5.386350000000000000e+05
1.525925000000000000e+06
1.124295000000000000e+06
1.253895000000000000e+06
3.660790000000000000e+05
1.225207000000000000e+06
3.636590000000000000e+05
6.467840000000000000e+05
2.991340000000000000e+05
1.714559000000000000e+06
1.595969000000000000e+06
1.680194000000000000e+06
2.855380000000000000e+05
3.212820000000000000e+05
3.469130000000000000e+05
6.571990000000000000e+05
1.639485000000000000e+06
1.820855000000000000e+06
4.740540000000000000e+05
9.433590000000000000e+05
2.580530000000000000e+05
1.414129000000000000e+06
4.396160000000000000e+05
8.738510000000000000e+05
7.257000000000000000e+05
1.382209000000000000e+06
2.578860000000000000e+05
1.533661000000000000e+06
1.813722000000000000e+06
3.403290000000000000e+05
1.630581000000000000e+06
1.704574000000000000e+06
2.496620000000000000e+05
1.124120000000000000e+05
1.380435000000000000e+06
1.179858000000000000e+06
2.761300000000000000e+04
1.625563000000000000e+06
1.088721000000000000e+06
1.840181000000000000e+06
7.269630000000000000e+05
9.356510000000000000e+05
1.368957000000000000e+06
1.276258000000000000e+06
1.822125000000000000e+06
1.852465000000000000e+06
5.149050000000000000e+05
1.830330000000000000e+06
1.854469000000000000e+06
3.518290000000000000e+05
3.720700000000000000e+04
1.291077000000000000e+06
3.232190000000000000e+05
7.267240000000000000e+05
1.107170000000000000e+06
8.965820000000000000e+05
6.766410000000000000e+05
1.228519000000000000e+06
1.695530000000000000e+05
1.359169000000000000e+06
9.833950000000000000e+05
1.660807000000000000e+06
7.576330000000000000e+05
1.278396000000000000e+06
1.230117000000000000e+06
1.129877000000000000e+06
9.230690000000000000e+05
2.128970000000000000e+05
1.206819000000000000e+06
1.708383000000000000e+06
6.656840000000000000e+05
5.905880000000000000e+05
1.624436000000000000e+06
1.435182000000000000e+06
6.026580000000000000e+05
1.852042000000000000e+06
4.260970000000000000e+05
1.213500000000000000e+04
1.096249000000000000e+06
6.492760000000000000e+05
1.800799000000000000e+06
9.258750000000000000e+05
3.163460000000000000e+05
3.140890000000000000e+05
3.406080000000000000e+05
3.709910000000000000e+05
1.716429000000000000e+06
1.482808000000000000e+06
1.122919000000000000e+06
1.114938000000000000e+06
2.016110000000000000e+05
3.232050000000000000e+05
9.667140000000000000e+05
1.229361000000000000e+06
1.419863000000000000e+06
1.741844000000000000e+06
5.151800000000000000e+05
5.469920000000000000e+05
1.380097000000000000e+06
1.392757000000000000e+06
5.651720000000000000e+05
1.676225000000000000e+06
8.942750000000000000e+05
1.752102000000000000e+06
6.604220000000000000e+05
2.892090000000000000e+05
3.860110000000000000e+05
9.551790000000000000e+05
1.994850000000000000e+05
1.217710000000000000e+06
7.580000000000000000e+04
1.457994000000000000e+06
1.817246000000000000e+06
1.710601000000000000e+06
1.240044000000000000e+06
1.221618000000000000e+06
3.884110000000000000e+05
1.567087000000000000e+06
1.635913000000000000e+06
1.825260000000000000e+06
1.109102000000000000e+06
5.394320000000000000e+05
3.707700000000000000e+05
5.558070000000000000e+05
1.728879000000000000e+06
1.584818000000000000e+06
1.354535000000000000e+06
1.455502000000000000e+06
2.317490000000000000e+05
1.764026000000000000e+06
1.319185000000000000e+06
1.006330000000000000e+05
3.884850000000000000e+05
5.034620000000000000e+05
5.292520000000000000e+05
1.633507000000000000e+06
1.716348000000000000e+06
3.154680000000000000e+05
2.202120000000000000e+05
1.366898000000000000e+06
9.230000000000000000e+04
1.522760000000000000e+06
4.445570000000000000e+05
5.886210000000000000e+05
1.029973000000000000e+06
1.024303000000000000e+06
7.609770000000000000e+05
1.731729000000000000e+06
3.476100000000000000e+04
1.164118000000000000e+06
8.065000000000000000e+04
5.042150000000000000e+05
1.270741000000000000e+06
1.789791000000000000e+06
1.729259000000000000e+06
7.197200000000000000e+05
1.833708000000000000e+06
1.164563000000000000e+06
3.622780000000000000e+05
9.312180000000000000e+05
1.575027000000000000e+06
3.901500000000000000e+05
1.276443000000000000e+06
1.584915000000000000e+06
1.696934000000000000e+06
1.221839000000000000e+06
1.762007000000000000e+06
1.461718000000000000e+06
3.195610000000000000e+05
5.790870000000000000e+05
3.888750000000000000e+05
1.574812000000000000e+06
5.486800000000000000e+04
3.527350000000000000e+05
1.516712000000000000e+06
6.386100000000000000e+05
3.177550000000000000e+05
2.457960000000000000e+05
2.914950000000000000e+05
9.559420000000000000e+05
5.337670000000000000e+05
1.846249000000000000e+06
1.274933000000000000e+06
1.438119000000000000e+06
1.225344000000000000e+06
1.347020000000000000e+05
9.265500000000000000e+04
5.875370000000000000e+05
1.773459000000000000e+06
9.655600000000000000e+04
1.717004000000000000e+06
1.756111000000000000e+06
1.574904000000000000e+06
1.147990000000000000e+06
7.462940000000000000e+05
6.475720000000000000e+05
1.160310000000000000e+05
1.708346000000000000e+06
1.716800000000000000e+06
1.379585000000000000e+06
1.192753000000000000e+06
1.634708000000000000e+06
1.830883000000000000e+06
9.688260000000000000e+05
1.708269000000000000e+06
1.129786000000000000e+06
2.240190000000000000e+05
2.872160000000000000e+05
1.351012000000000000e+06
3.719550000000000000e+05
3.585900000000000000e+04
4.614460000000000000e+05
1.702545000000000000e+06
1.475274000000000000e+06
5.515080000000000000e+05
1.125004000000000000e+06
1.601285000000000000e+06
1.836192000000000000e+06
1.488113000000000000e+06
1.359798000000000000e+06
1.635764000000000000e+06
1.380307000000000000e+06
4.644610000000000000e+05
1.487846000000000000e+06
6.740680000000000000e+05
1.197194000000000000e+06
6.719250000000000000e+05
2.379850000000000000e+05
1.189419000000000000e+06
1.364958000000000000e+06
1.453290000000000000e+06
1.275251000000000000e+06
3.224640000000000000e+05
1.229543000000000000e+06
1.614440000000000000e+06
3.790580000000000000e+05
1.130907000000000000e+06
1.835694000000000000e+06
3.049180000000000000e+05
1.824001000000000000e+06
5.301230000000000000e+05
3.566290000000000000e+05
1.021580000000000000e+05
1.708925000000000000e+06
3.539510000000000000e+05
4.281420000000000000e+05
1.736090000000000000e+05
1.208559000000000000e+06
8.982620000000000000e+05
1.987500000000000000e+04
1.592370000000000000e+06
4.393220000000000000e+05
8.981460000000000000e+05
1.780157000000000000e+06
1.005034000000000000e+06
8.379000000000000000e+04
1.556096000000000000e+06
3.884220000000000000e+05
1.832843000000000000e+06
2.041900000000000000e+04
1.018713000000000000e+06
1.245428000000000000e+06
1.333028000000000000e+06
1.528174000000000000e+06
1.369053000000000000e+06
1.593437000000000000e+06
1.780719000000000000e+06
1.377203000000000000e+06
1.292844000000000000e+06
3.167910000000000000e+05
2.767110000000000000e+05
3.168960000000000000e+05
2.185330000000000000e+05
1.853224000000000000e+06
6.117140000000000000e+05
1.017585000000000000e+06
1.719800000000000000e+04
1.080330000000000000e+06
6.932010000000000000e+05
1.464982000000000000e+06
2.052250000000000000e+05
3.321070000000000000e+05
1.274120000000000000e+05
1.631049000000000000e+06
1.783054000000000000e+06
1.260797000000000000e+06
1.666389000000000000e+06
1.113368000000000000e+06
1.565730000000000000e+06
1.093849000000000000e+06
1.712764000000000000e+06
1.855368000000000000e+06
1.363507000000000000e+06
1.820324000000000000e+06
1.340840000000000000e+05
6.183740000000000000e+05
7.385100000000000000e+05
4.392960000000000000e+05
1.020600000000000000e+04
1.606146000000000000e+06
1.607642000000000000e+06
7.655260000000000000e+05
4.583200000000000000e+05
8.453340000000000000e+05
7.837730000000000000e+05
8.141010000000000000e+05
1.599996000000000000e+06
1.006500000000000000e+05
4.669110000000000000e+05
1.078030000000000000e+05
2.251790000000000000e+05
1.593828000000000000e+06
1.369238000000000000e+06
1.705740000000000000e+06
1.650672000000000000e+06
1.187923000000000000e+06
1.273160000000000000e+05
1.253983000000000000e+06
6.775410000000000000e+05
1.780273000000000000e+06
1.333767000000000000e+06
1.136654000000000000e+06
2.267750000000000000e+05
1.675577000000000000e+06
3.855440000000000000e+05
1.226963000000000000e+06
1.594995000000000000e+06
3.878080000000000000e+05
4.317500000000000000e+05
5.953300000000000000e+05
6.591440000000000000e+05
1.740370000000000000e+06
3.115020000000000000e+05
1.412090000000000000e+05
1.523195000000000000e+06
1.188806000000000000e+06
6.414800000000000000e+05
1.350953000000000000e+06
1.232170000000000000e+05
3.066630000000000000e+05
7.158400000000000000e+05
1.221726000000000000e+06
5.724770000000000000e+05
1.627079000000000000e+06
1.353280000000000000e+05
1.754175000000000000e+06
1.580532000000000000e+06
1.519836000000000000e+06
1.271710000000000000e+05
1.549357000000000000e+06
7.188290000000000000e+05
1.762164000000000000e+06
3.628700000000000000e+04
1.970310000000000000e+05
1.603664000000000000e+06
1.774690000000000000e+06
4.381790000000000000e+05
7.291700000000000000e+04
1.745682000000000000e+06
2.975080000000000000e+05
1.693606000000000000e+06
1.458578000000000000e+06
1.365273000000000000e+06
3.099330000000000000e+05
1.091563000000000000e+06
8.727770000000000000e+05
1.357870000000000000e+06
1.354430000000000000e+05
3.962920000000000000e+05
1.682792000000000000e+06
1.173247000000000000e+06
1.560975000000000000e+06
1.519866000000000000e+06
1.487216000000000000e+06
1.711206000000000000e+06
1.406720000000000000e+05
3.404040000000000000e+05
1.250857000000000000e+06
6.628800000000000000e+05
1.715363000000000000e+06
9.881900000000000000e+04
2.245170000000000000e+05
2.291130000000000000e+05
1.779527000000000000e+06
1.006295000000000000e+06
9.003820000000000000e+05
1.251341000000000000e+06
1.482076000000000000e+06
1.699095000000000000e+06
1.114298000000000000e+06
1.752334000000000000e+06
1.378445000000000000e+06
2.345130000000000000e+05
1.344918000000000000e+06
1.366281000000000000e+06
5.324990000000000000e+05
9.001040000000000000e+05
1.515325000000000000e+06
3.491760000000000000e+05
1.633417000000000000e+06
1.224520000000000000e+06
1.349380000000000000e+05
1.127475000000000000e+06
1.460325000000000000e+06
2.357690000000000000e+05
1.379903000000000000e+06
1.320746000000000000e+06
1.192651000000000000e+06
2.195720000000000000e+05
1.565674000000000000e+06
1.447800000000000000e+04
8.945030000000000000e+05
7.383500000000000000e+05
2.322170000000000000e+05
1.248928000000000000e+06
1.238705000000000000e+06
1.806614000000000000e+06
9.641880000000000000e+05
1.660367000000000000e+06
1.686690000000000000e+06
1.231283000000000000e+06
7.288370000000000000e+05
1.347295000000000000e+06
1.425320000000000000e+06
1.649653000000000000e+06
9.526920000000000000e+05
1.080942000000000000e+06
1.476141000000000000e+06
1.353304000000000000e+06
2.455270000000000000e+05
1.538840000000000000e+05
1.331919000000000000e+06
1.364380000000000000e+05
4.375990000000000000e+05
1.197852000000000000e+06
1.848362000000000000e+06
1.336646000000000000e+06
3.140660000000000000e+05
6.279170000000000000e+05
1.492934000000000000e+06
1.324362000000000000e+06
1.840938000000000000e+06
1.253417000000000000e+06
7.312960000000000000e+05
1.104792000000000000e+06
8.936850000000000000e+05
4.520160000000000000e+05
4.270690000000000000e+05
9.231490000000000000e+05
1.230409000000000000e+06
1.782985000000000000e+06
1.713672000000000000e+06
1.935060000000000000e+05
6.723470000000000000e+05
5.599630000000000000e+05
9.586480000000000000e+05
1.729821000000000000e+06
5.385780000000000000e+05
1.691541000000000000e+06
1.572935000000000000e+06
1.386297000000000000e+06
8.108620000000000000e+05
1.697493000000000000e+06
2.236470000000000000e+05
1.086830000000000000e+05
1.117940000000000000e+06
9.348700000000000000e+05
1.277035000000000000e+06
1.297718000000000000e+06
1.491220000000000000e+06
9.280480000000000000e+05
1.066800000000000000e+05
1.268335000000000000e+06
6.920880000000000000e+05
1.492290000000000000e+06
3.759670000000000000e+05
9.260350000000000000e+05
1.840200000000000000e+04
1.219996000000000000e+06
5.741700000000000000e+04
6.016600000000000000e+04
1.206414000000000000e+06
1.985360000000000000e+05
2.681690000000000000e+05
2.978780000000000000e+05
3.502040000000000000e+05
1.626033000000000000e+06
1.494977000000000000e+06
1.607729000000000000e+06
1.823563000000000000e+06
1.714482000000000000e+06
1.204208000000000000e+06
1.557172000000000000e+06
2.263560000000000000e+05
3.707600000000000000e+05
1.273880000000000000e+05
7.399940000000000000e+05
1.656021000000000000e+06
1.086900000000000000e+06
1.729046000000000000e+06
1.472009000000000000e+06
5.491340000000000000e+05
1.632609000000000000e+06
1.125272000000000000e+06
9.302110000000000000e+05
4.367090000000000000e+05
1.760009000000000000e+06
4.372300000000000000e+04
4.724400000000000000e+04
1.100093000000000000e+06
1.378898000000000000e+06
1.463075000000000000e+06
1.714091000000000000e+06
1.840727000000000000e+06
1.732604000000000000e+06
1.365582000000000000e+06
1.569631000000000000e+06
5.180710000000000000e+05
3.949240000000000000e+05
6.245030000000000000e+05
5.008210000000000000e+05
1.720274000000000000e+06
5.606700000000000000e+04
5.664740000000000000e+05
1.800814000000000000e+06
1.540119000000000000e+06
1.624741000000000000e+06
3.026870000000000000e+05
1.225162000000000000e+06
1.559214000000000000e+06
9.540100000000000000e+05
1.844495000000000000e+06
1.337484000000000000e+06
3.506400000000000000e+05
6.897800000000000000e+04
1.018414000000000000e+06
4.409340000000000000e+05
1.366427000000000000e+06
1.656833000000000000e+06
1.732600000000000000e+05
1.653257000000000000e+06
1.892340000000000000e+05
1.067309000000000000e+06
1.592130000000000000e+06
1.742133000000000000e+06
7.279040000000000000e+05
1.764298000000000000e+06
3.359600000000000000e+04
1.738637000000000000e+06
3.746740000000000000e+05
1.508503000000000000e+06
1.758627000000000000e+06
1.801118000000000000e+06
2.618800000000000000e+05
1.058514000000000000e+06
5.546410000000000000e+05
1.333010000000000000e+06
1.101075000000000000e+06
4.446480000000000000e+05
5.896610000000000000e+05
1.640228000000000000e+06
3.734360000000000000e+05
5.251500000000000000e+04
4.212860000000000000e+05
2.459600000000000000e+04
2.428700000000000000e+05
7.269660000000000000e+05
1.652740000000000000e+06
1.087465000000000000e+06
1.413106000000000000e+06
4.960950000000000000e+05
1.660343000000000000e+06
1.780332000000000000e+06
5.898230000000000000e+05
1.383723000000000000e+06
7.201550000000000000e+05
1.090330000000000000e+05
1.800265000000000000e+06
1.708966000000000000e+06
1.663570000000000000e+05
4.325420000000000000e+05
8.870370000000000000e+05
1.201488000000000000e+06
1.771866000000000000e+06
1.744240000000000000e+06
5.317910000000000000e+05
1.191130000000000000e+05
1.582699000000000000e+06
1.354543000000000000e+06
6.307690000000000000e+05
5.083070000000000000e+05
5.247190000000000000e+05
1.831523000000000000e+06
1.577920000000000000e+06
1.426034000000000000e+06
1.421240000000000000e+05
2.207300000000000000e+04
1.816358000000000000e+06
1.539352000000000000e+06
3.004000000000000000e+04
1.197304000000000000e+06
5.857390000000000000e+05
8.965100000000000000e+05
1.636056000000000000e+06
4.584610000000000000e+05
1.375267000000000000e+06
1.683190000000000000e+06
5.042490000000000000e+05
1.643769000000000000e+06
3.388180000000000000e+05
1.320927000000000000e+06
1.372711000000000000e+06
1.843036000000000000e+06
1.763531000000000000e+06
4.458440000000000000e+05
2.916720000000000000e+05
1.451298000000000000e+06
1.804885000000000000e+06
1.492145000000000000e+06
1.378009000000000000e+06
5.302440000000000000e+05
6.600130000000000000e+05
3.100620000000000000e+05
6.544810000000000000e+05
1.634275000000000000e+06
1.206816000000000000e+06
1.144560000000000000e+06
2.047280000000000000e+05
6.601900000000000000e+05
1.106152000000000000e+06
3.717580000000000000e+05
1.763406000000000000e+06
4.105270000000000000e+05
1.071777000000000000e+06
1.849685000000000000e+06
1.087874000000000000e+06
2.422290000000000000e+05
1.430270000000000000e+05
4.380160000000000000e+05
1.259900000000000000e+05
1.242397000000000000e+06
1.341260000000000000e+05
3.698070000000000000e+05
1.772665000000000000e+06
2.946900000000000000e+05
3.250380000000000000e+05
2.348350000000000000e+05
2.949450000000000000e+05
3.245350000000000000e+05
1.846681000000000000e+06
4.306180000000000000e+05
4.982960000000000000e+05
1.565885000000000000e+06
1.366448000000000000e+06
1.297847000000000000e+06
1.708781000000000000e+06
9.921840000000000000e+05
1.366451000000000000e+06
1.834374000000000000e+06
7.355140000000000000e+05
7.327610000000000000e+05
7.191340000000000000e+05
4.401860000000000000e+05
1.613591000000000000e+06
1.572100000000000000e+06
5.534800000000000000e+04
5.313000000000000000e+05
1.519194000000000000e+06
1.758431000000000000e+06
3.517260000000000000e+05
1.376931000000000000e+06
2.860980000000000000e+05
1.635247000000000000e+06
1.637842000000000000e+06
1.371896000000000000e+06
7.992300000000000000e+04
1.523001000000000000e+06
1.748417000000000000e+06
1.705704000000000000e+06
1.114971000000000000e+06
1.337955000000000000e+06
1.523264000000000000e+06
1.224640000000000000e+06
1.195460000000000000e+05
1.510174000000000000e+06
6.928520000000000000e+05
1.348240000000000000e+05
1.783802000000000000e+06
8.574000000000000000e+03
1.187254000000000000e+06
1.446930000000000000e+05
1.806862000000000000e+06
2.931640000000000000e+05
1.230524000000000000e+06
1.278072000000000000e+06
1.333690000000000000e+06
1.630116000000000000e+06
5.620970000000000000e+05
1.414153000000000000e+06
1.571448000000000000e+06
1.495287000000000000e+06
4.381600000000000000e+05
1.651290000000000000e+05
4.208110000000000000e+05
2.898380000000000000e+05
1.230640000000000000e+06
3.879550000000000000e+05
1.493804000000000000e+06
2.100500000000000000e+05
2.125550000000000000e+05
1.729397000000000000e+06
1.818057000000000000e+06
1.146114000000000000e+06
6.181110000000000000e+05
2.659100000000000000e+05
1.841275000000000000e+06
6.416700000000000000e+04
1.087717000000000000e+06
3.192380000000000000e+05
2.243460000000000000e+05
9.625160000000000000e+05
3.854700000000000000e+04
1.490306000000000000e+06
1.794426000000000000e+06
3.699100000000000000e+04
1.801626000000000000e+06
3.065850000000000000e+05
1.856442000000000000e+06
1.672996000000000000e+06
5.817530000000000000e+05
1.075581000000000000e+06
1.493898000000000000e+06
1.476990000000000000e+05
1.075082000000000000e+06
1.448521000000000000e+06
1.387287000000000000e+06
1.632460000000000000e+05
5.708970000000000000e+05
1.126259000000000000e+06
1.260335000000000000e+06
1.289489000000000000e+06
1.547742000000000000e+06
1.267227000000000000e+06
1.816204000000000000e+06
5.385550000000000000e+05
1.105173000000000000e+06
1.090092000000000000e+06
1.058380000000000000e+06
3.724740000000000000e+05
1.353102000000000000e+06
1.004013000000000000e+06
1.755389000000000000e+06
3.791330000000000000e+05
1.356226000000000000e+06
2.873460000000000000e+05
1.427035000000000000e+06
9.837600000000000000e+04
1.520290000000000000e+06
1.094229000000000000e+06
1.673310000000000000e+06
1.713029000000000000e+06
1.482579000000000000e+06
1.470176000000000000e+06
6.120490000000000000e+05
1.465690000000000000e+06
7.404140000000000000e+05
3.432060000000000000e+05
1.638099000000000000e+06
1.540188000000000000e+06
1.788580000000000000e+05
1.854549000000000000e+06
1.943720000000000000e+05
4.400350000000000000e+05
1.065036000000000000e+06
1.706878000000000000e+06
1.678853000000000000e+06
1.496508000000000000e+06
9.066610000000000000e+05
1.681891000000000000e+06
1.391866000000000000e+06
1.080497000000000000e+06
