1.851153000000000000e+06
1.227791000000000000e+06
1.116158000000000000e+06
8.674670000000000000e+05
7.310660000000000000e+05
7.960040000000000000e+05
8.271990000000000000e+05
8.717800000000000000e+05
6.532470000000000000e+05
1.851426000000000000e+06
1.623305000000000000e+06
7.665520000000000000e+05
3.571400000000000000e+04
2.256430000000000000e+05
3.854300000000000000e+05
9.665880000000000000e+05
9.619690000000000000e+05
1.852043000000000000e+06
3.143070000000000000e+05
7.328880000000000000e+05
1.852420000000000000e+06
9.552240000000000000e+05
8.671530000000000000e+05
1.364337000000000000e+06
1.849265000000000000e+06
1.360940000000000000e+06
8.726550000000000000e+05
1.387848000000000000e+06
1.116008000000000000e+06
1.850756000000000000e+06
1.226681000000000000e+06
7.288760000000000000e+05
1.522846000000000000e+06
1.225509000000000000e+06
1.569864000000000000e+06
1.650859000000000000e+06
8.834020000000000000e+05
1.352680000000000000e+05
3.423810000000000000e+05
1.356820000000000000e+06
7.281790000000000000e+05
1.823972000000000000e+06
1.851134000000000000e+06
1.850751000000000000e+06
1.709672000000000000e+06
8.891260000000000000e+05
7.279580000000000000e+05
1.227164000000000000e+06
8.864410000000000000e+05
8.315610000000000000e+05
7.875200000000000000e+05
4.399000000000000000e+05
7.356680000000000000e+05
1.849558000000000000e+06
3.150750000000000000e+05
7.287390000000000000e+05
7.937590000000000000e+05
8.617850000000000000e+05
8.326020000000000000e+05
7.352660000000000000e+05
1.116031000000000000e+06
6.538810000000000000e+05
9.585560000000000000e+05
1.848682000000000000e+06
7.271740000000000000e+05
7.640680000000000000e+05
1.851273000000000000e+06
1.838242000000000000e+06
3.241170000000000000e+05
9.546510000000000000e+05
1.850582000000000000e+06
1.228366000000000000e+06
1.605490000000000000e+06
1.379354000000000000e+06
6.536860000000000000e+05
3.145140000000000000e+05
4.389570000000000000e+05
1.225919000000000000e+06
1.622116000000000000e+06
1.016370000000000000e+05
3.831150000000000000e+05
3.809900000000000000e+05
1.631734000000000000e+06
1.679034000000000000e+06
1.229032000000000000e+06
1.846034000000000000e+06
1.115540000000000000e+06
1.225392000000000000e+06
1.847008000000000000e+06
5.462950000000000000e+05
6.028010000000000000e+05
7.294790000000000000e+05
1.732552000000000000e+06
1.710333000000000000e+06
1.254433000000000000e+06
1.714914000000000000e+06
1.607220000000000000e+06
1.388263000000000000e+06
1.387183000000000000e+06
1.475514000000000000e+06
8.942750000000000000e+05
1.558611000000000000e+06
1.364848000000000000e+06
9.806420000000000000e+05
1.112194000000000000e+06
1.833267000000000000e+06
1.115732000000000000e+06
1.624077000000000000e+06
1.275251000000000000e+06
8.982250000000000000e+05
7.640460000000000000e+05
8.791080000000000000e+05
9.486780000000000000e+05
9.754450000000000000e+05
1.822665000000000000e+06
1.846884000000000000e+06
1.387353000000000000e+06
9.548350000000000000e+05
8.661670000000000000e+05
1.852646000000000000e+06
7.324290000000000000e+05
3.136020000000000000e+05
7.288390000000000000e+05
8.945030000000000000e+05
1.005700000000000000e+06
1.824811000000000000e+06
1.022839000000000000e+06
2.890840000000000000e+05
1.397141000000000000e+06
7.327610000000000000e+05
2.036150000000000000e+05
1.364366000000000000e+06
8.804130000000000000e+05
1.278022000000000000e+06
1.121029000000000000e+06
6.566050000000000000e+05
8.823500000000000000e+05
1.852768000000000000e+06
1.383012000000000000e+06
1.360208000000000000e+06
1.578800000000000000e+04
3.124200000000000000e+05
1.591142000000000000e+06
1.391153000000000000e+06
7.432400000000000000e+05
9.667140000000000000e+05
1.606288000000000000e+06
1.715819000000000000e+06
9.064620000000000000e+05
1.225724000000000000e+06
1.783250000000000000e+06
1.162869000000000000e+06
1.017143000000000000e+06
7.264800000000000000e+05
1.566501000000000000e+06
1.355239000000000000e+06
1.845871000000000000e+06
3.191410000000000000e+05
9.989320000000000000e+05
1.229361000000000000e+06
8.715260000000000000e+05
5.454070000000000000e+05
3.226360000000000000e+05
1.093155000000000000e+06
1.356324000000000000e+06
1.227857000000000000e+06
1.352390000000000000e+05
1.624530000000000000e+06
9.133000000000000000e+05
1.123118000000000000e+06
1.018392000000000000e+06
9.350250000000000000e+05
8.925020000000000000e+05
1.129922000000000000e+06
1.226333000000000000e+06
8.961230000000000000e+05
1.231283000000000000e+06
1.253983000000000000e+06
6.590580000000000000e+05
1.842630000000000000e+06
1.848906000000000000e+06
3.140890000000000000e+05
1.270741000000000000e+06
6.398410000000000000e+05
3.147720000000000000e+05
7.392360000000000000e+05
8.957780000000000000e+05
1.457927000000000000e+06
6.567500000000000000e+05
3.455920000000000000e+05
7.297990000000000000e+05
9.274200000000000000e+05
5.117380000000000000e+05
8.694830000000000000e+05
8.134320000000000000e+05
8.585950000000000000e+05
1.005158000000000000e+06
1.850467000000000000e+06
1.315222000000000000e+06
6.568700000000000000e+05
9.891650000000000000e+05
1.575585000000000000e+06
6.535760000000000000e+05
9.809030000000000000e+05
1.845764000000000000e+06
1.389934000000000000e+06
1.435182000000000000e+06
1.273160000000000000e+05
1.790640000000000000e+06
2.248770000000000000e+05
6.521200000000000000e+05
8.881430000000000000e+05
2.241230000000000000e+05
8.981460000000000000e+05
3.183100000000000000e+05
8.941500000000000000e+05
7.339560000000000000e+05
6.334580000000000000e+05
5.360950000000000000e+05
8.847790000000000000e+05
3.879080000000000000e+05
9.904030000000000000e+05
9.993180000000000000e+05
3.135930000000000000e+05
9.514270000000000000e+05
1.844859000000000000e+06
1.379582000000000000e+06
1.717256000000000000e+06
3.879800000000000000e+05
1.112497000000000000e+06
5.330470000000000000e+05
9.574910000000000000e+05
7.242930000000000000e+05
6.593410000000000000e+05
9.632030000000000000e+05
8.995690000000000000e+05
1.365372000000000000e+06
1.850673000000000000e+06
3.866410000000000000e+05
3.115200000000000000e+05
3.716480000000000000e+05
3.720700000000000000e+04
1.728431000000000000e+06
6.897800000000000000e+04
9.993340000000000000e+05
7.934650000000000000e+05
8.242600000000000000e+05
1.842816000000000000e+06
3.157960000000000000e+05
1.278048000000000000e+06
1.849442000000000000e+06
1.386055000000000000e+06
6.317860000000000000e+05
8.962710000000000000e+05
8.944000000000000000e+05
1.558874000000000000e+06
6.036470000000000000e+05
1.722285000000000000e+06
1.225491000000000000e+06
1.221839000000000000e+06
9.874140000000000000e+05
7.702450000000000000e+05
1.098154000000000000e+06
8.501810000000000000e+05
8.126770000000000000e+05
1.832900000000000000e+06
1.232698000000000000e+06
1.356949000000000000e+06
9.553650000000000000e+05
8.801500000000000000e+05
7.525810000000000000e+05
1.414752000000000000e+06
7.273980000000000000e+05
7.679050000000000000e+05
1.522760000000000000e+06
7.399940000000000000e+05
7.355140000000000000e+05
9.493610000000000000e+05
9.289380000000000000e+05
1.719131000000000000e+06
1.117630000000000000e+06
6.526120000000000000e+05
3.459000000000000000e+05
1.450873000000000000e+06
7.357840000000000000e+05
3.176740000000000000e+05
1.522258000000000000e+06
3.868900000000000000e+05
8.980270000000000000e+05
7.565130000000000000e+05
1.771204000000000000e+06
1.565983000000000000e+06
1.039810000000000000e+05
7.368740000000000000e+05
1.014614000000000000e+06
1.221726000000000000e+06
1.388440000000000000e+06
1.292956000000000000e+06
1.353103000000000000e+06
1.281794000000000000e+06
6.513400000000000000e+05
1.361687000000000000e+06
3.396510000000000000e+05
4.382210000000000000e+05
3.142830000000000000e+05
9.364550000000000000e+05
1.830192000000000000e+06
7.978300000000000000e+05
8.294540000000000000e+05
1.007820000000000000e+05
1.850657000000000000e+06
5.307210000000000000e+05
1.244560000000000000e+06
3.071910000000000000e+05
1.826369000000000000e+06
1.296209000000000000e+06
1.254163000000000000e+06
2.473760000000000000e+05
1.118515000000000000e+06
1.111238000000000000e+06
9.359850000000000000e+05
3.729240000000000000e+05
1.838655000000000000e+06
1.225114000000000000e+06
3.066630000000000000e+05
6.410940000000000000e+05
1.078889000000000000e+06
9.454360000000000000e+05
6.189180000000000000e+05
8.980000000000000000e+05
8.965820000000000000e+05
1.384471000000000000e+06
1.240044000000000000e+06
2.195270000000000000e+05
1.024384000000000000e+06
1.841747000000000000e+06
3.211740000000000000e+05
6.399860000000000000e+05
1.829700000000000000e+06
1.340840000000000000e+05
3.820170000000000000e+05
7.275230000000000000e+05
1.249507000000000000e+06
1.716878000000000000e+06
1.274977000000000000e+06
4.320440000000000000e+05
1.853228000000000000e+06
3.418870000000000000e+05
1.276427000000000000e+06
7.627870000000000000e+05
1.616810000000000000e+06
1.119547000000000000e+06
9.687170000000000000e+05
1.417254000000000000e+06
1.832255000000000000e+06
1.233764000000000000e+06
1.123492000000000000e+06
9.277260000000000000e+05
1.632286000000000000e+06
7.267690000000000000e+05
1.227642000000000000e+06
1.010389000000000000e+06
6.338170000000000000e+05
2.254060000000000000e+05
1.198907000000000000e+06
3.877410000000000000e+05
1.568804000000000000e+06
7.357920000000000000e+05
8.710720000000000000e+05
1.729397000000000000e+06
1.225344000000000000e+06
1.315785000000000000e+06
1.252112000000000000e+06
3.388510000000000000e+05
1.625563000000000000e+06
1.758121000000000000e+06
2.112670000000000000e+05
1.820987000000000000e+06
3.884520000000000000e+05
1.249750000000000000e+06
1.566700000000000000e+04
6.384270000000000000e+05
7.371450000000000000e+05
2.031070000000000000e+05
7.574870000000000000e+05
1.358988000000000000e+06
1.172941000000000000e+06
1.254977000000000000e+06
9.343090000000000000e+05
9.022180000000000000e+05
1.837489000000000000e+06
1.070910000000000000e+05
1.022621000000000000e+06
9.587970000000000000e+05
1.206857000000000000e+06
3.576800000000000000e+04
7.661220000000000000e+05
9.163730000000000000e+05
3.836970000000000000e+05
8.993730000000000000e+05
1.454459000000000000e+06
1.840947000000000000e+06
2.345130000000000000e+05
7.042880000000000000e+05
1.167628000000000000e+06
1.080352000000000000e+06
9.793570000000000000e+05
1.848362000000000000e+06
1.714533000000000000e+06
1.282397000000000000e+06
1.520650000000000000e+06
1.177108000000000000e+06
7.334190000000000000e+05
9.244620000000000000e+05
3.788100000000000000e+05
2.906220000000000000e+05
1.240760000000000000e+06
2.107680000000000000e+05
1.805196000000000000e+06
9.544160000000000000e+05
7.341650000000000000e+05
1.714031000000000000e+06
1.095933000000000000e+06
1.030330000000000000e+06
1.732632000000000000e+06
1.854765000000000000e+06
7.269660000000000000e+05
1.323433000000000000e+06
1.994850000000000000e+05
3.471100000000000000e+04
4.392660000000000000e+05
1.557439000000000000e+06
1.832843000000000000e+06
1.650660000000000000e+06
1.109041000000000000e+06
1.823206000000000000e+06
3.578400000000000000e+04
1.103400000000000000e+06
1.711906000000000000e+06
3.444120000000000000e+05
3.162370000000000000e+05
1.715714000000000000e+06
1.771510000000000000e+05
1.273880000000000000e+05
5.355240000000000000e+05
1.093849000000000000e+06
1.365101000000000000e+06
1.625450000000000000e+06
1.160332000000000000e+06
3.884590000000000000e+05
3.585900000000000000e+04
1.622298000000000000e+06
1.383723000000000000e+06
1.848789000000000000e+06
1.264800000000000000e+05
1.620796000000000000e+06
1.205671000000000000e+06
5.127070000000000000e+05
1.782882000000000000e+06
1.832935000000000000e+06
2.193870000000000000e+05
1.625459000000000000e+06
9.260350000000000000e+05
1.228577000000000000e+06
1.393107000000000000e+06
1.822083000000000000e+06
1.230323000000000000e+06
1.120136000000000000e+06
9.551790000000000000e+05
1.828179000000000000e+06
7.076510000000000000e+05
3.652800000000000000e+05
1.851602000000000000e+06
6.095480000000000000e+05
1.094253000000000000e+06
1.476141000000000000e+06
2.180990000000000000e+05
9.578400000000000000e+05
1.482606000000000000e+06
3.835920000000000000e+05
1.188880000000000000e+06
1.018831000000000000e+06
1.354763000000000000e+06
3.049180000000000000e+05
1.251070000000000000e+06
1.625521000000000000e+06
1.363399000000000000e+06
1.473969000000000000e+06
8.906700000000000000e+04
1.094399000000000000e+06
1.229083000000000000e+06
1.278072000000000000e+06
8.983410000000000000e+05
9.242810000000000000e+05
8.106800000000000000e+04
6.629600000000000000e+05
1.350903000000000000e+06
1.837014000000000000e+06
9.361570000000000000e+05
1.624373000000000000e+06
7.260630000000000000e+05
4.418760000000000000e+05
1.225279000000000000e+06
1.101075000000000000e+06
1.751320000000000000e+06
1.565494000000000000e+06
1.287147000000000000e+06
2.073380000000000000e+05
3.699100000000000000e+04
1.821556000000000000e+06
1.370709000000000000e+06
1.325140000000000000e+05
1.242394000000000000e+06
1.424444000000000000e+06
1.729601000000000000e+06
5.129640000000000000e+05
1.102600000000000000e+06
1.832868000000000000e+06
1.207220000000000000e+05
4.565110000000000000e+05
1.458911000000000000e+06
1.831135000000000000e+06
1.365273000000000000e+06
1.745978000000000000e+06
6.584070000000000000e+05
5.896670000000000000e+05
8.149520000000000000e+05
8.584890000000000000e+05
1.457468000000000000e+06
1.018013000000000000e+06
1.380097000000000000e+06
1.835694000000000000e+06
1.130729000000000000e+06
1.624436000000000000e+06
9.527700000000000000e+05
1.253237000000000000e+06
1.816253000000000000e+06
5.809600000000000000e+05
1.274120000000000000e+05
1.714625000000000000e+06
2.991350000000000000e+05
1.097225000000000000e+06
6.099050000000000000e+05
1.833609000000000000e+06
1.125016000000000000e+06
5.067270000000000000e+05
8.646470000000000000e+05
1.606702000000000000e+06
1.364032000000000000e+06
1.848406000000000000e+06
6.921050000000000000e+05
1.730576000000000000e+06
1.315750000000000000e+05
1.727177000000000000e+06
5.132850000000000000e+05
1.442064000000000000e+06
1.834419000000000000e+06
1.732410000000000000e+06
5.388140000000000000e+05
1.131496000000000000e+06
1.519135000000000000e+06
1.147990000000000000e+06
1.155133000000000000e+06
1.257106000000000000e+06
1.523112000000000000e+06
4.361700000000000000e+04
7.384370000000000000e+05
1.126353000000000000e+06
1.546737000000000000e+06
9.989420000000000000e+05
1.156958000000000000e+06
1.834287000000000000e+06
1.054490000000000000e+05
1.476175000000000000e+06
1.625064000000000000e+06
1.606731000000000000e+06
1.566442000000000000e+06
1.852660000000000000e+06
1.852407000000000000e+06
3.397580000000000000e+05
1.088397000000000000e+06
1.708383000000000000e+06
1.397881000000000000e+06
1.813099000000000000e+06
9.995300000000000000e+04
1.845827000000000000e+06
1.387657000000000000e+06
3.628700000000000000e+04
3.504570000000000000e+05
6.130940000000000000e+05
1.650672000000000000e+06
6.536080000000000000e+05
8.966730000000000000e+05
1.521434000000000000e+06
1.581500000000000000e+04
5.739450000000000000e+05
5.817530000000000000e+05
2.232410000000000000e+05
2.199710000000000000e+05
3.185760000000000000e+05
1.606336000000000000e+06
1.619934000000000000e+06
2.098090000000000000e+05
1.451276000000000000e+06
1.397586000000000000e+06
1.829958000000000000e+06
1.559010000000000000e+06
1.482714000000000000e+06
1.464982000000000000e+06
1.853282000000000000e+06
1.846190000000000000e+06
9.154640000000000000e+05
1.362700000000000000e+05
1.394964000000000000e+06
3.863170000000000000e+05
1.162775000000000000e+06
1.077472000000000000e+06
5.394320000000000000e+05
6.188140000000000000e+05
7.608820000000000000e+05
1.588230000000000000e+06
1.828548000000000000e+06
1.371941000000000000e+06
5.464790000000000000e+05
1.247361000000000000e+06
8.980600000000000000e+05
1.234893000000000000e+06
1.437351000000000000e+06
1.392757000000000000e+06
1.451298000000000000e+06
4.740540000000000000e+05
2.980670000000000000e+05
1.165336000000000000e+06
7.278720000000000000e+05
6.822370000000000000e+05
1.828312000000000000e+06
5.014850000000000000e+05
1.826221000000000000e+06
1.571852000000000000e+06
3.665800000000000000e+04
1.706952000000000000e+06
1.323456000000000000e+06
1.128637000000000000e+06
1.743976000000000000e+06
1.095232000000000000e+06
1.278396000000000000e+06
1.653628000000000000e+06
3.778480000000000000e+05
1.642945000000000000e+06
1.613272000000000000e+06
3.229690000000000000e+05
1.388137000000000000e+06
1.716072000000000000e+06
1.565561000000000000e+06
1.228519000000000000e+06
1.105340000000000000e+06
9.556430000000000000e+05
1.276315000000000000e+06
1.839914000000000000e+06
1.827560000000000000e+06
6.584590000000000000e+05
1.762007000000000000e+06
1.242598000000000000e+06
4.241060000000000000e+05
4.956000000000000000e+05
1.603340000000000000e+06
5.135490000000000000e+05
1.476700000000000000e+04
7.201550000000000000e+05
8.116600000000000000e+05
8.492220000000000000e+05
7.759490000000000000e+05
1.357870000000000000e+06
1.846249000000000000e+06
1.002283000000000000e+06
1.229461000000000000e+06
1.386656000000000000e+06
1.729403000000000000e+06
1.591319000000000000e+06
1.275724000000000000e+06
1.838258000000000000e+06
1.661296000000000000e+06
9.497290000000000000e+05
1.139259000000000000e+06
1.018562000000000000e+06
3.854700000000000000e+04
6.292080000000000000e+05
1.114301000000000000e+06
5.292520000000000000e+05
1.099015000000000000e+06
1.020600000000000000e+04
1.824928000000000000e+06
5.151170000000000000e+05
1.222127000000000000e+06
1.528805000000000000e+06
3.213800000000000000e+05
1.842928000000000000e+06
1.392317000000000000e+06
1.263864000000000000e+06
5.693750000000000000e+05
3.750510000000000000e+05
1.650680000000000000e+06
1.853244000000000000e+06
7.576330000000000000e+05
1.368066000000000000e+06
1.490462000000000000e+06
3.224640000000000000e+05
4.446300000000000000e+05
2.186640000000000000e+05
9.632060000000000000e+05
1.453290000000000000e+06
1.774328000000000000e+06
1.621776000000000000e+06
3.287200000000000000e+05
1.711343000000000000e+06
8.973690000000000000e+05
3.585860000000000000e+05
1.292844000000000000e+06
1.082167000000000000e+06
6.336430000000000000e+05
4.458440000000000000e+05
1.110116000000000000e+06
1.744151000000000000e+06
5.254990000000000000e+05
1.397498000000000000e+06
5.283700000000000000e+05
1.852987000000000000e+06
1.681992000000000000e+06
1.342596000000000000e+06
5.200800000000000000e+05
2.859790000000000000e+05
1.111568000000000000e+06
1.624855000000000000e+06
1.096296000000000000e+06
3.202260000000000000e+05
1.840517000000000000e+06
1.286660000000000000e+06
1.389389000000000000e+06
1.342038000000000000e+06
1.163402000000000000e+06
1.226441000000000000e+06
1.615432000000000000e+06
1.784890000000000000e+05
1.602146000000000000e+06
1.230764000000000000e+06
1.356226000000000000e+06
1.845545000000000000e+06
1.146971000000000000e+06
1.588561000000000000e+06
1.418920000000000000e+06
8.921370000000000000e+05
1.848343000000000000e+06
7.203090000000000000e+05
1.773047000000000000e+06
1.592220000000000000e+06
1.852042000000000000e+06
3.796640000000000000e+05
1.442102000000000000e+06
1.381500000000000000e+05
1.450789000000000000e+06
1.836672000000000000e+06
5.905880000000000000e+05
1.851001000000000000e+06
1.372030000000000000e+06
1.780157000000000000e+06
9.543790000000000000e+05
2.013000000000000000e+04
6.717760000000000000e+05
1.710601000000000000e+06
3.889180000000000000e+05
1.831041000000000000e+06
1.607674000000000000e+06
3.058320000000000000e+05
1.651222000000000000e+06
1.600357000000000000e+06
1.840270000000000000e+06
1.822444000000000000e+06
3.466720000000000000e+05
1.839807000000000000e+06
3.481740000000000000e+05
1.391699000000000000e+06
8.817770000000000000e+05
1.487374000000000000e+06
1.364179000000000000e+06
1.463074000000000000e+06
2.453270000000000000e+05
1.260079000000000000e+06
1.462627000000000000e+06
1.826374000000000000e+06
1.225204000000000000e+06
7.334830000000000000e+05
3.137370000000000000e+05
1.356394000000000000e+06
1.631925000000000000e+06
1.360227000000000000e+06
5.502850000000000000e+05
1.224400000000000000e+06
1.514393000000000000e+06
6.607740000000000000e+05
1.786150000000000000e+05
1.567795000000000000e+06
6.171120000000000000e+05
1.124295000000000000e+06
9.488970000000000000e+05
1.584915000000000000e+06
5.128200000000000000e+05
4.744250000000000000e+05
1.101104000000000000e+06
5.226160000000000000e+05
9.914640000000000000e+05
1.600779000000000000e+06
1.576279000000000000e+06
1.124676000000000000e+06
1.844780000000000000e+06
1.152196000000000000e+06
7.149300000000000000e+05
1.121895000000000000e+06
1.615594000000000000e+06
1.118677000000000000e+06
1.820658000000000000e+06
1.834209000000000000e+06
2.132300000000000000e+05
1.824396000000000000e+06
1.227652000000000000e+06
1.238676000000000000e+06
1.628620000000000000e+06
3.192380000000000000e+05
1.355132000000000000e+06
3.762540000000000000e+05
1.715909000000000000e+06
1.745107000000000000e+06
1.842097000000000000e+06
6.376890000000000000e+05
1.836133000000000000e+06
1.633441000000000000e+06
1.226322000000000000e+06
9.920890000000000000e+05
3.245970000000000000e+05
1.809967000000000000e+06
1.369021000000000000e+06
2.946900000000000000e+05
7.048010000000000000e+05
1.354870000000000000e+05
1.795587000000000000e+06
3.730700000000000000e+05
1.722004000000000000e+06
4.614460000000000000e+05
1.150510000000000000e+06
1.028614000000000000e+06
7.735330000000000000e+05
8.067750000000000000e+05
1.717073000000000000e+06
1.623479000000000000e+06
1.482316000000000000e+06
9.363470000000000000e+05
1.230366000000000000e+06
2.267750000000000000e+05
2.246560000000000000e+05
1.119197000000000000e+06
2.132990000000000000e+05
1.288858000000000000e+06
1.629260000000000000e+06
1.031017000000000000e+06
1.235543000000000000e+06
1.606708000000000000e+06
2.729600000000000000e+04
6.542440000000000000e+05
1.096227000000000000e+06
1.623312000000000000e+06
3.153240000000000000e+05
3.420060000000000000e+05
1.380427000000000000e+06
8.315000000000000000e+04
3.141230000000000000e+05
1.651748000000000000e+06
1.603351000000000000e+06
1.630116000000000000e+06
9.357760000000000000e+05
1.806655000000000000e+06
1.225979000000000000e+06
1.386788000000000000e+06
1.392366000000000000e+06
1.512531000000000000e+06
1.283950000000000000e+06
5.527970000000000000e+05
1.847292000000000000e+06
2.163710000000000000e+05
3.816790000000000000e+05
1.163042000000000000e+06
1.569596000000000000e+06
3.874780000000000000e+05
1.160685000000000000e+06
1.242651000000000000e+06
1.602241000000000000e+06
1.833117000000000000e+06
7.235400000000000000e+05
7.262750000000000000e+05
9.359160000000000000e+05
1.386854000000000000e+06
1.594995000000000000e+06
1.823854000000000000e+06
1.365582000000000000e+06
1.700993000000000000e+06
9.014850000000000000e+05
1.247339000000000000e+06
1.829441000000000000e+06
9.300520000000000000e+05
6.402930000000000000e+05
1.591064000000000000e+06
2.317490000000000000e+05
5.204090000000000000e+05
1.574904000000000000e+06
9.559420000000000000e+05
1.076773000000000000e+06
9.906590000000000000e+05
1.294720000000000000e+06
6.181110000000000000e+05
3.869800000000000000e+05
1.084137000000000000e+06
9.658900000000000000e+04
1.388687000000000000e+06
1.163750000000000000e+06
9.276980000000000000e+05
1.386752000000000000e+06
1.732646000000000000e+06
1.659339000000000000e+06
7.150400000000000000e+05
4.215060000000000000e+05
1.136518000000000000e+06
4.136100000000000000e+04
1.713672000000000000e+06
1.652698000000000000e+06
1.846094000000000000e+06
1.521357000000000000e+06
1.127475000000000000e+06
1.307817000000000000e+06
3.243840000000000000e+05
1.314326000000000000e+06
1.156640000000000000e+06
1.208559000000000000e+06
1.746682000000000000e+06
6.912210000000000000e+05
1.829339000000000000e+06
1.275860000000000000e+06
1.388167000000000000e+06
1.525925000000000000e+06
9.137250000000000000e+05
6.135980000000000000e+05
1.052362000000000000e+06
1.196510000000000000e+05
1.253472000000000000e+06
1.820855000000000000e+06
1.162512000000000000e+06
3.163040000000000000e+05
2.240720000000000000e+05
1.595969000000000000e+06
1.789365000000000000e+06
1.761317000000000000e+06
7.197200000000000000e+05
1.384860000000000000e+05
1.043536000000000000e+06
1.241616000000000000e+06
1.369238000000000000e+06
3.154830000000000000e+05
1.497356000000000000e+06
7.268240000000000000e+05
1.406720000000000000e+05
1.609668000000000000e+06
1.198170000000000000e+05
1.365684000000000000e+06
1.834720000000000000e+06
1.589565000000000000e+06
7.350380000000000000e+05
1.229543000000000000e+06
1.296796000000000000e+06
1.564172000000000000e+06
1.313706000000000000e+06
1.782334000000000000e+06
1.285311000000000000e+06
1.087861000000000000e+06
1.560975000000000000e+06
1.604632000000000000e+06
3.129600000000000000e+05
8.965440000000000000e+05
1.752102000000000000e+06
1.322763000000000000e+06
1.253417000000000000e+06
5.397870000000000000e+05
1.430992000000000000e+06
1.125158000000000000e+06
7.257000000000000000e+05
4.388950000000000000e+05
7.265300000000000000e+05
1.511769000000000000e+06
1.716341000000000000e+06
5.063680000000000000e+05
1.851440000000000000e+06
1.855371000000000000e+06
3.718770000000000000e+05
1.085022000000000000e+06
1.807576000000000000e+06
1.631714000000000000e+06
1.760634000000000000e+06
1.849182000000000000e+06
1.637661000000000000e+06
1.350157000000000000e+06
6.632400000000000000e+05
1.225091000000000000e+06
1.617996000000000000e+06
1.386001000000000000e+06
1.850330000000000000e+05
1.167800000000000000e+06
1.346575000000000000e+06
1.266607000000000000e+06
3.876590000000000000e+05
7.359430000000000000e+05
7.359580000000000000e+05
6.371660000000000000e+05
1.680560000000000000e+06
1.712503000000000000e+06
6.730130000000000000e+05
6.594800000000000000e+05
2.888250000000000000e+05
7.244550000000000000e+05
1.458925000000000000e+06
7.359670000000000000e+05
1.649999000000000000e+06
1.782875000000000000e+06
1.821127000000000000e+06
1.825358000000000000e+06
3.878280000000000000e+05
1.712184000000000000e+06
1.404060000000000000e+06
1.260928000000000000e+06
9.472520000000000000e+05
4.265520000000000000e+05
9.239810000000000000e+05
3.024810000000000000e+05
1.266984000000000000e+06
6.945960000000000000e+05
9.090060000000000000e+05
3.901100000000000000e+05
1.348140000000000000e+05
1.073510000000000000e+05
3.344800000000000000e+04
1.383206000000000000e+06
7.219300000000000000e+05
9.539850000000000000e+05
1.569469000000000000e+06
3.739960000000000000e+05
1.634708000000000000e+06
1.832326000000000000e+06
1.808471000000000000e+06
4.787930000000000000e+05
4.379400000000000000e+05
1.359930000000000000e+05
6.279170000000000000e+05
6.604220000000000000e+05
1.813817000000000000e+06
7.255590000000000000e+05
9.910340000000000000e+05
9.720930000000000000e+05
1.828610000000000000e+06
9.636230000000000000e+05
3.379540000000000000e+05
1.013295000000000000e+06
7.397510000000000000e+05
1.383636000000000000e+06
1.108053000000000000e+06
1.506453000000000000e+06
1.116669000000000000e+06
2.509170000000000000e+05
1.652174000000000000e+06
1.578540000000000000e+06
7.201020000000000000e+05
1.189387000000000000e+06
1.713105000000000000e+06
2.645160000000000000e+05
1.603664000000000000e+06
1.468259000000000000e+06
1.574091000000000000e+06
9.315470000000000000e+05
1.374798000000000000e+06
6.793640000000000000e+05
6.630870000000000000e+05
1.298059000000000000e+06
1.101124000000000000e+06
1.520290000000000000e+06
1.354543000000000000e+06
1.722288000000000000e+06
6.193350000000000000e+05
1.225185000000000000e+06
3.244890000000000000e+05
1.323083000000000000e+06
1.272033000000000000e+06
1.228157000000000000e+06
7.284900000000000000e+05
1.276464000000000000e+06
1.232204000000000000e+06
1.783141000000000000e+06
1.706376000000000000e+06
7.796820000000000000e+05
8.610090000000000000e+05
4.551910000000000000e+05
1.379410000000000000e+05
1.652740000000000000e+06
1.134027000000000000e+06
9.540100000000000000e+05
1.664084000000000000e+06
7.992300000000000000e+04
7.645180000000000000e+05
4.572300000000000000e+04
1.454038000000000000e+06
9.254720000000000000e+05
1.853661000000000000e+06
1.379292000000000000e+06
1.225497000000000000e+06
4.724400000000000000e+04
1.380307000000000000e+06
1.364426000000000000e+06
1.825651000000000000e+06
7.047440000000000000e+05
6.372460000000000000e+05
1.259782000000000000e+06
5.040290000000000000e+05
3.898460000000000000e+05
1.715045000000000000e+06
1.332704000000000000e+06
2.406050000000000000e+05
9.522600000000000000e+05
1.382549000000000000e+06
1.547742000000000000e+06
6.697350000000000000e+05
1.856840000000000000e+06
5.293570000000000000e+05
1.035913000000000000e+06
1.114552000000000000e+06
1.080175000000000000e+06
5.140410000000000000e+05
4.304980000000000000e+05
1.745711000000000000e+06
1.788175000000000000e+06
1.567429000000000000e+06
4.319990000000000000e+05
1.624129000000000000e+06
7.490370000000000000e+05
1.296553000000000000e+06
5.651720000000000000e+05
9.863000000000000000e+04
7.043370000000000000e+05
9.809720000000000000e+05
4.935870000000000000e+05
3.034430000000000000e+05
1.197333000000000000e+06
1.283275000000000000e+06
1.679498000000000000e+06
3.374460000000000000e+05
1.464619000000000000e+06
1.650870000000000000e+06
9.523790000000000000e+05
7.267240000000000000e+05
1.748523000000000000e+06
1.607729000000000000e+06
1.330010000000000000e+05
1.852966000000000000e+06
1.479098000000000000e+06
7.207740000000000000e+05
1.370023000000000000e+06
1.131917000000000000e+06
3.778930000000000000e+05
5.113130000000000000e+05
9.411450000000000000e+05
3.449330000000000000e+05
5.004150000000000000e+05
1.297535000000000000e+06
1.099281000000000000e+06
8.167300000000000000e+04
1.103253000000000000e+06
3.032790000000000000e+05
9.163610000000000000e+05
1.736090000000000000e+05
3.471240000000000000e+05
1.388760000000000000e+06
1.130564000000000000e+06
9.630400000000000000e+05
1.004013000000000000e+06
1.520518000000000000e+06
1.379900000000000000e+06
3.328190000000000000e+05
1.708269000000000000e+06
8.117200000000000000e+05
1.848483000000000000e+06
1.227384000000000000e+06
1.393141000000000000e+06
1.794968000000000000e+06
5.284570000000000000e+05
1.131565000000000000e+06
6.374000000000000000e+05
3.523300000000000000e+04
2.179820000000000000e+05
2.851000000000000000e+05
1.572361000000000000e+06
1.759428000000000000e+06
1.487382000000000000e+06
9.743810000000000000e+05
3.264910000000000000e+05
1.026891000000000000e+06
6.120490000000000000e+05
5.878000000000000000e+05
1.821742000000000000e+06
1.487216000000000000e+06
1.624845000000000000e+06
1.179410000000000000e+05
1.270733000000000000e+06
1.518082000000000000e+06
3.150380000000000000e+05
1.305532000000000000e+06
1.333060000000000000e+05
3.005550000000000000e+05
1.224473000000000000e+06
1.779357000000000000e+06
1.295347000000000000e+06
9.228080000000000000e+05
1.248010000000000000e+06
1.744419000000000000e+06
1.494304000000000000e+06
1.613202000000000000e+06
1.712575000000000000e+06
1.113786000000000000e+06
1.332194000000000000e+06
1.352971000000000000e+06
9.372740000000000000e+05
6.590290000000000000e+05
1.384359000000000000e+06
1.569868000000000000e+06
2.874050000000000000e+05
3.418300000000000000e+04
3.400080000000000000e+05
3.856600000000000000e+05
1.834589000000000000e+06
1.846790000000000000e+05
3.225320000000000000e+05
1.370790000000000000e+05
1.569057000000000000e+06
1.054949000000000000e+06
2.546660000000000000e+05
5.660620000000000000e+05
1.651831000000000000e+06
1.226153000000000000e+06
1.540119000000000000e+06
1.949520000000000000e+05
2.441700000000000000e+04
1.287618000000000000e+06
1.275271000000000000e+06
7.288370000000000000e+05
2.254470000000000000e+05
7.455820000000000000e+05
6.577880000000000000e+05
1.622006000000000000e+06
1.037110000000000000e+05
1.379016000000000000e+06
1.331919000000000000e+06
1.584025000000000000e+06
8.966130000000000000e+05
2.132470000000000000e+05
5.891810000000000000e+05
1.150070000000000000e+06
6.099480000000000000e+05
1.847574000000000000e+06
1.253441000000000000e+06
2.478550000000000000e+05
1.831252000000000000e+06
1.359444000000000000e+06
7.194680000000000000e+05
7.209210000000000000e+05
5.741700000000000000e+04
1.606930000000000000e+06
1.271710000000000000e+05
1.824584000000000000e+06
6.928520000000000000e+05
1.433711000000000000e+06
5.796530000000000000e+05
1.779432000000000000e+06
1.855832000000000000e+06
1.250077000000000000e+06
1.683071000000000000e+06
1.428283000000000000e+06
1.375432000000000000e+06
2.268600000000000000e+04
1.633828000000000000e+06
1.059582000000000000e+06
1.840370000000000000e+06
2.243460000000000000e+05
5.266790000000000000e+05
6.792130000000000000e+05
6.842480000000000000e+05
1.673079000000000000e+06
1.125272000000000000e+06
1.622259000000000000e+06
2.389210000000000000e+05
1.095157000000000000e+06
3.075240000000000000e+05
1.412090000000000000e+05
4.392480000000000000e+05
1.830330000000000000e+06
1.150674000000000000e+06
1.237880000000000000e+05
1.622178000000000000e+06
1.002230000000000000e+05
1.287014000000000000e+06
1.454005000000000000e+06
1.418902000000000000e+06
1.635030000000000000e+06
3.901500000000000000e+05
6.387490000000000000e+05
4.840210000000000000e+05
3.799190000000000000e+05
1.640188000000000000e+06
1.379243000000000000e+06
1.154398000000000000e+06
1.487531000000000000e+06
1.379390000000000000e+06
6.468740000000000000e+05
4.397860000000000000e+05
1.430500000000000000e+04
1.359387000000000000e+06
1.226110000000000000e+06
1.522353000000000000e+06
1.322195000000000000e+06
7.223760000000000000e+05
7.830090000000000000e+05
8.274900000000000000e+05
8.590560000000000000e+05
9.167740000000000000e+05
1.240444000000000000e+06
1.017582000000000000e+06
1.825847000000000000e+06
1.418425000000000000e+06
1.342597000000000000e+06
1.144944000000000000e+06
1.561848000000000000e+06
5.970090000000000000e+05
1.337770000000000000e+05
1.632625000000000000e+06
1.779856000000000000e+06
5.623790000000000000e+05
1.731721000000000000e+06
3.870460000000000000e+05
1.258768000000000000e+06
3.815400000000000000e+04
1.282299000000000000e+06
7.306700000000000000e+05
1.548084000000000000e+06
5.992770000000000000e+05
1.565885000000000000e+06
6.170340000000000000e+05
3.570200000000000000e+04
3.733600000000000000e+04
1.366401000000000000e+06
4.842200000000000000e+04
3.232880000000000000e+05
1.492479000000000000e+06
1.230791000000000000e+06
3.568780000000000000e+05
1.125449000000000000e+06
1.322932000000000000e+06
1.652205000000000000e+06
1.592370000000000000e+06
1.820888000000000000e+06
1.150312000000000000e+06
1.367546000000000000e+06
1.827868000000000000e+06
1.015922000000000000e+06
1.828607000000000000e+06
3.030830000000000000e+05
1.707066000000000000e+06
1.179859000000000000e+06
6.033780000000000000e+05
1.520561000000000000e+06
1.114209000000000000e+06
1.628404000000000000e+06
1.643769000000000000e+06
6.595110000000000000e+05
1.398872000000000000e+06
1.167783000000000000e+06
5.076450000000000000e+05
9.023180000000000000e+05
1.361174000000000000e+06
1.554942000000000000e+06
4.396160000000000000e+05
7.203080000000000000e+05
1.752334000000000000e+06
2.496130000000000000e+05
1.770436000000000000e+06
2.038720000000000000e+05
1.279566000000000000e+06
1.024514000000000000e+06
3.723790000000000000e+05
8.910180000000000000e+05
5.896610000000000000e+05
7.188290000000000000e+05
1.004697000000000000e+06
1.116319000000000000e+06
1.825271000000000000e+06
1.625330000000000000e+06
1.357433000000000000e+06
1.091840000000000000e+06
1.845982000000000000e+06
1.607586000000000000e+06
6.475720000000000000e+05
1.383550000000000000e+06
3.194060000000000000e+05
3.498110000000000000e+05
1.103390000000000000e+06
1.832192000000000000e+06
1.446930000000000000e+05
1.839826000000000000e+06
4.563390000000000000e+05
1.689961000000000000e+06
1.321019000000000000e+06
7.566510000000000000e+05
1.206816000000000000e+06
1.995340000000000000e+05
7.055360000000000000e+05
3.203380000000000000e+05
2.016780000000000000e+05
1.384713000000000000e+06
5.824080000000000000e+05
1.366842000000000000e+06
4.928530000000000000e+05
1.832151000000000000e+06
1.198640000000000000e+06
1.601246000000000000e+06
1.694501000000000000e+06
4.399920000000000000e+05
1.293820000000000000e+05
1.110283000000000000e+06
1.352303000000000000e+06
1.783275000000000000e+06
1.608518000000000000e+06
1.833254000000000000e+06
4.319110000000000000e+05
1.853161000000000000e+06
5.248660000000000000e+05
1.219653000000000000e+06
1.584018000000000000e+06
1.428361000000000000e+06
1.826425000000000000e+06
2.136160000000000000e+05
1.582699000000000000e+06
1.336928000000000000e+06
2.573070000000000000e+05
3.900260000000000000e+05
1.151310000000000000e+05
1.024799000000000000e+06
1.435422000000000000e+06
1.570472000000000000e+06
1.536936000000000000e+06
1.390550000000000000e+06
8.965960000000000000e+05
1.728710000000000000e+06
1.737896000000000000e+06
2.542590000000000000e+05
1.721804000000000000e+06
2.664150000000000000e+05
6.802590000000000000e+05
3.790580000000000000e+05
1.474938000000000000e+06
1.425248000000000000e+06
1.778573000000000000e+06
9.372340000000000000e+05
1.254022000000000000e+06
1.553253000000000000e+06
1.274389000000000000e+06
1.731637000000000000e+06
1.369879000000000000e+06
1.207952000000000000e+06
1.740768000000000000e+06
1.223880000000000000e+05
4.058920000000000000e+05
1.150511000000000000e+06
6.609750000000000000e+05
4.975470000000000000e+05
3.100620000000000000e+05
2.249570000000000000e+05
1.233547000000000000e+06
1.350300000000000000e+06
7.422990000000000000e+05
1.827832000000000000e+06
2.506610000000000000e+05
1.770154000000000000e+06
1.762119000000000000e+06
1.605466000000000000e+06
1.744819000000000000e+06
1.261517000000000000e+06
5.989400000000000000e+05
3.109890000000000000e+05
1.364958000000000000e+06
1.628493000000000000e+06
1.166157000000000000e+06
3.781430000000000000e+05
1.571540000000000000e+06
1.680766000000000000e+06
1.161425000000000000e+06
1.715140000000000000e+05
1.033192000000000000e+06
5.301230000000000000e+05
6.366570000000000000e+05
1.827177000000000000e+06
1.380664000000000000e+06
1.570148000000000000e+06
1.124516000000000000e+06
1.558700000000000000e+06
9.003040000000000000e+05
3.678830000000000000e+05
1.591289000000000000e+06
4.630970000000000000e+05
2.030310000000000000e+05
8.893340000000000000e+05
1.960830000000000000e+05
1.568572000000000000e+06
2.855100000000000000e+05
1.780763000000000000e+06
1.508536000000000000e+06
2.255790000000000000e+05
7.260560000000000000e+05
1.436224000000000000e+06
4.308200000000000000e+05
1.744027000000000000e+06
1.107945000000000000e+06
2.308020000000000000e+05
4.771570000000000000e+05
1.366451000000000000e+06
5.797860000000000000e+05
1.625206000000000000e+06
1.067387000000000000e+06
9.296650000000000000e+05
1.337185000000000000e+06
6.121580000000000000e+05
1.137810000000000000e+05
1.745099000000000000e+06
1.607939000000000000e+06
3.298900000000000000e+05
1.462599000000000000e+06
2.164620000000000000e+05
1.722478000000000000e+06
2.518510000000000000e+05
1.084021000000000000e+06
1.650711000000000000e+06
1.053900000000000000e+05
1.708794000000000000e+06
1.242535000000000000e+06
4.409430000000000000e+05
1.637390000000000000e+05
4.018500000000000000e+05
1.333964000000000000e+06
1.607651000000000000e+06
1.713787000000000000e+06
7.015050000000000000e+05
1.590180000000000000e+05
2.864500000000000000e+04
1.114938000000000000e+06
1.969300000000000000e+05
1.394535000000000000e+06
1.566079000000000000e+06
1.315270000000000000e+05
2.121110000000000000e+05
1.370444000000000000e+06
3.217730000000000000e+05
7.048280000000000000e+05
1.820468000000000000e+06
1.852991000000000000e+06
1.828272000000000000e+06
1.557780000000000000e+05
1.076262000000000000e+06
2.124230000000000000e+05
1.367536000000000000e+06
1.275215000000000000e+06
6.307690000000000000e+05
1.718690000000000000e+05
1.743540000000000000e+06
1.233184000000000000e+06
1.785197000000000000e+06
1.635035000000000000e+06
1.621604000000000000e+06
1.102916000000000000e+06
5.762500000000000000e+05
1.443019000000000000e+06
7.192470000000000000e+05
3.215730000000000000e+05
1.779347000000000000e+06
6.608380000000000000e+05
3.120080000000000000e+05
1.633695000000000000e+06
5.703770000000000000e+05
9.176280000000000000e+05
1.346507000000000000e+06
1.765264000000000000e+06
1.714482000000000000e+06
1.458578000000000000e+06
3.183370000000000000e+05
1.944180000000000000e+05
1.093870000000000000e+06
9.376630000000000000e+05
1.791650000000000000e+06
2.902530000000000000e+05
1.259193000000000000e+06
1.633683000000000000e+06
1.382966000000000000e+06
2.356880000000000000e+05
1.676318000000000000e+06
7.213110000000000000e+05
8.852540000000000000e+05
1.688828000000000000e+06
1.594571000000000000e+06
1.247843000000000000e+06
5.737810000000000000e+05
1.357551000000000000e+06
1.117774000000000000e+06
7.197610000000000000e+05
4.313110000000000000e+05
1.012723000000000000e+06
1.147595000000000000e+06
2.444340000000000000e+05
3.108550000000000000e+05
4.400350000000000000e+05
3.836700000000000000e+04
1.618674000000000000e+06
1.825865000000000000e+06
1.462449000000000000e+06
9.145770000000000000e+05
1.358533000000000000e+06
1.602194000000000000e+06
1.142461000000000000e+06
7.386670000000000000e+05
1.571404000000000000e+06
1.531701000000000000e+06
3.175800000000000000e+05
1.356564000000000000e+06
1.650792000000000000e+06
1.584818000000000000e+06
1.637202000000000000e+06
1.279679000000000000e+06
4.393930000000000000e+05
1.856059000000000000e+06
9.156040000000000000e+05
1.630967000000000000e+06
1.650625000000000000e+06
3.863710000000000000e+05
6.921300000000000000e+04
1.853079000000000000e+06
1.592788000000000000e+06
1.415522000000000000e+06
3.036540000000000000e+05
1.004130000000000000e+06
9.300230000000000000e+05
1.255407000000000000e+06
1.319816000000000000e+06
1.279147000000000000e+06
1.825980000000000000e+06
1.723157000000000000e+06
1.451053000000000000e+06
1.627498000000000000e+06
1.274635000000000000e+06
1.572563000000000000e+06
4.981500000000000000e+04
5.869880000000000000e+05
3.781470000000000000e+05
5.297800000000000000e+05
7.657100000000000000e+05
2.761300000000000000e+04
1.437255000000000000e+06
1.137152000000000000e+06
1.315162000000000000e+06
5.574090000000000000e+05
3.194560000000000000e+05
1.342986000000000000e+06
1.568774000000000000e+06
2.039360000000000000e+05
5.805440000000000000e+05
1.717135000000000000e+06
1.198343000000000000e+06
5.053660000000000000e+05
7.521380000000000000e+05
1.955930000000000000e+05
1.699332000000000000e+06
1.084741000000000000e+06
3.502270000000000000e+05
1.233312000000000000e+06
1.111764000000000000e+06
1.906840000000000000e+05
1.656897000000000000e+06
1.486547000000000000e+06
5.073130000000000000e+05
4.103800000000000000e+05
7.376140000000000000e+05
1.226045000000000000e+06
1.540413000000000000e+06
1.351063000000000000e+06
3.908390000000000000e+05
3.378390000000000000e+05
1.088325000000000000e+06
1.846123000000000000e+06
1.815097000000000000e+06
6.722010000000000000e+05
8.938900000000000000e+04
1.840709000000000000e+06
5.014130000000000000e+05
6.630620000000000000e+05
1.230524000000000000e+06
7.210880000000000000e+05
5.304120000000000000e+05
4.665800000000000000e+05
1.370254000000000000e+06
1.347194000000000000e+06
1.063159000000000000e+06
1.828732000000000000e+06
5.580720000000000000e+05
3.660790000000000000e+05
4.393220000000000000e+05
1.433893000000000000e+06
5.649330000000000000e+05
3.383480000000000000e+05
1.853405000000000000e+06
1.198423000000000000e+06
1.622558000000000000e+06
1.447241000000000000e+06
8.968900000000000000e+05
1.709720000000000000e+06
3.650030000000000000e+05
1.293231000000000000e+06
1.519247000000000000e+06
1.652332000000000000e+06
1.728879000000000000e+06
5.871680000000000000e+05
4.506070000000000000e+05
1.152461000000000000e+06
1.444756000000000000e+06
1.476321000000000000e+06
7.052960000000000000e+05
1.493136000000000000e+06
1.834602000000000000e+06
5.706250000000000000e+05
2.536500000000000000e+05
1.667002000000000000e+06
5.326740000000000000e+05
9.645120000000000000e+05
1.632658000000000000e+06
3.759670000000000000e+05
8.968190000000000000e+05
5.534800000000000000e+04
5.606700000000000000e+04
1.279738000000000000e+06
3.503620000000000000e+05
1.631420000000000000e+06
9.166460000000000000e+05
1.744309000000000000e+06
1.809565000000000000e+06
1.063580000000000000e+06
1.801118000000000000e+06
2.280930000000000000e+05
1.711014000000000000e+06
1.575004000000000000e+06
1.332077000000000000e+06
7.163590000000000000e+05
1.843796000000000000e+06
1.383866000000000000e+06
7.647460000000000000e+05
9.237670000000000000e+05
4.669110000000000000e+05
1.205630000000000000e+06
1.261019000000000000e+06
4.306000000000000000e+04
5.179110000000000000e+05
1.833003000000000000e+06
7.274930000000000000e+05
7.956560000000000000e+05
8.392820000000000000e+05
1.628911000000000000e+06
1.215270000000000000e+05
5.355800000000000000e+04
5.084280000000000000e+05
1.306444000000000000e+06
1.848900000000000000e+05
1.714091000000000000e+06
3.508660000000000000e+05
1.454403000000000000e+06
1.413561000000000000e+06
9.526840000000000000e+05
9.262390000000000000e+05
1.825076000000000000e+06
3.642350000000000000e+05
1.230947000000000000e+06
1.473924000000000000e+06
3.036310000000000000e+05
9.009800000000000000e+04
1.463947000000000000e+06
1.378542000000000000e+06
1.528241000000000000e+06
5.756320000000000000e+05
2.059000000000000000e+05
9.312180000000000000e+05
1.732850000000000000e+06
1.102432000000000000e+06
2.889820000000000000e+05
1.124747000000000000e+06
2.891200000000000000e+05
1.710837000000000000e+06
5.151800000000000000e+05
1.235098000000000000e+06
1.365067000000000000e+06
4.173500000000000000e+05
3.297630000000000000e+05
7.583710000000000000e+05
1.653701000000000000e+06
1.159181000000000000e+06
9.861300000000000000e+05
1.849390000000000000e+06
1.371787000000000000e+06
1.826468000000000000e+06
1.415460000000000000e+05
1.024255000000000000e+06
1.118200000000000000e+05
3.855500000000000000e+04
5.298430000000000000e+05
4.597710000000000000e+05
1.531704000000000000e+06
1.732855000000000000e+06
2.528480000000000000e+05
9.376710000000000000e+05
1.843241000000000000e+06
9.265500000000000000e+04
1.309280000000000000e+05
3.265270000000000000e+05
4.052040000000000000e+05
1.581510000000000000e+06
1.344342000000000000e+06
1.575178000000000000e+06
1.252301000000000000e+06
7.926400000000000000e+04
4.745460000000000000e+05
1.651830000000000000e+06
1.472009000000000000e+06
1.453825000000000000e+06
7.550440000000000000e+05
1.380680000000000000e+05
2.608370000000000000e+05
9.382460000000000000e+05
1.810048000000000000e+06
3.879550000000000000e+05
5.618990000000000000e+05
1.847935000000000000e+06
1.289489000000000000e+06
1.475988000000000000e+06
2.473330000000000000e+05
1.320878000000000000e+06
1.560731000000000000e+06
1.616367000000000000e+06
1.099429000000000000e+06
1.709310000000000000e+05
1.720843000000000000e+06
1.814602000000000000e+06
3.114540000000000000e+05
1.120948000000000000e+06
2.536070000000000000e+05
1.276436000000000000e+06
1.126077000000000000e+06
6.634850000000000000e+05
2.815140000000000000e+05
1.830714000000000000e+06
1.625083000000000000e+06
7.694460000000000000e+05
1.445257000000000000e+06
1.474721000000000000e+06
1.461709000000000000e+06
3.791330000000000000e+05
1.852465000000000000e+06
1.849712000000000000e+06
1.761574000000000000e+06
1.095313000000000000e+06
6.970350000000000000e+05
4.441980000000000000e+05
1.600030000000000000e+06
7.267720000000000000e+05
4.587200000000000000e+04
8.453340000000000000e+05
7.837730000000000000e+05
8.141010000000000000e+05
1.332431000000000000e+06
1.837022000000000000e+06
1.748512000000000000e+06
1.275299000000000000e+06
1.316048000000000000e+06
1.058900000000000000e+06
7.069280000000000000e+05
1.602647000000000000e+06
4.772910000000000000e+05
4.583330000000000000e+05
1.058290000000000000e+06
1.986170000000000000e+05
6.088400000000000000e+05
1.001640000000000000e+06
1.729333000000000000e+06
1.351470000000000000e+05
4.903240000000000000e+05
1.523820000000000000e+06
1.620284000000000000e+06
1.135478000000000000e+06
1.630243000000000000e+06
1.337924000000000000e+06
1.276443000000000000e+06
5.496940000000000000e+05
3.406090000000000000e+05
4.792700000000000000e+04
1.747200000000000000e+05
9.942710000000000000e+05
1.168280000000000000e+05
1.833138000000000000e+06
6.176400000000000000e+05
4.355310000000000000e+05
1.808599000000000000e+06
3.590270000000000000e+05
1.297718000000000000e+06
1.384501000000000000e+06
1.745440000000000000e+05
1.274711000000000000e+06
9.372630000000000000e+05
9.208140000000000000e+05
6.227210000000000000e+05
1.036714000000000000e+06
1.719786000000000000e+06
3.108000000000000000e+04
1.470176000000000000e+06
7.579120000000000000e+05
5.524570000000000000e+05
1.314024000000000000e+06
1.825906000000000000e+06
3.115040000000000000e+05
1.488313000000000000e+06
1.356133000000000000e+06
1.571148000000000000e+06
1.581370000000000000e+06
7.366390000000000000e+05
1.848410000000000000e+06
6.117140000000000000e+05
1.594664000000000000e+06
1.844166000000000000e+06
1.523001000000000000e+06
1.548971000000000000e+06
5.392630000000000000e+05
3.812640000000000000e+05
1.312886000000000000e+06
1.463275000000000000e+06
1.320301000000000000e+06
1.145900000000000000e+04
1.055030000000000000e+05
1.638413000000000000e+06
3.042850000000000000e+05
5.330090000000000000e+05
5.556800000000000000e+05
1.102732000000000000e+06
1.050521000000000000e+06
1.714661000000000000e+06
1.833815000000000000e+06
6.553960000000000000e+05
1.267988000000000000e+06
7.663230000000000000e+05
1.034100000000000000e+04
1.320170000000000000e+06
1.948150000000000000e+05
8.106600000000000000e+04
1.253098000000000000e+06
1.716910000000000000e+06
1.008450000000000000e+05
1.316656000000000000e+06
1.316522000000000000e+06
1.856618000000000000e+06
1.713029000000000000e+06
7.035080000000000000e+05
2.069320000000000000e+05
9.302110000000000000e+05
7.245040000000000000e+05
1.418299000000000000e+06
5.258230000000000000e+05
1.523830000000000000e+06
1.367029000000000000e+06
1.267060000000000000e+06
1.628943000000000000e+06
9.514070000000000000e+05
6.950320000000000000e+05
1.064630000000000000e+05
1.426652000000000000e+06
2.116260000000000000e+05
1.387504000000000000e+06
1.028658000000000000e+06
1.779434000000000000e+06
4.588350000000000000e+05
1.603087000000000000e+06
7.004450000000000000e+05
1.631292000000000000e+06
1.632056000000000000e+06
3.818020000000000000e+05
1.570800000000000000e+04
5.805380000000000000e+05
1.026231000000000000e+06
1.073299000000000000e+06
1.080419000000000000e+06
7.010610000000000000e+05
5.073300000000000000e+04
5.059160000000000000e+05
6.541630000000000000e+05
4.422440000000000000e+05
3.165660000000000000e+05
1.265135000000000000e+06
7.118900000000000000e+05
6.620470000000000000e+05
1.560365000000000000e+06
1.532600000000000000e+04
1.828720000000000000e+06
9.973000000000000000e+04
1.756066000000000000e+06
1.380271000000000000e+06
1.456546000000000000e+06
5.815380000000000000e+05
1.475940000000000000e+05
1.706437000000000000e+06
6.699600000000000000e+04
1.161885000000000000e+06
1.107078000000000000e+06
2.175410000000000000e+05
1.311311000000000000e+06
3.755790000000000000e+05
5.340630000000000000e+05
2.334770000000000000e+05
1.729629000000000000e+06
1.378153000000000000e+06
1.100366000000000000e+06
5.951750000000000000e+05
5.900140000000000000e+05
3.546280000000000000e+05
4.410830000000000000e+05
6.350370000000000000e+05
1.030104000000000000e+06
1.650558000000000000e+06
2.376800000000000000e+05
5.514510000000000000e+05
1.342200000000000000e+05
1.380253000000000000e+06
1.030733000000000000e+06
9.255030000000000000e+05
9.163030000000000000e+05
1.655722000000000000e+06
7.155480000000000000e+05
3.748900000000000000e+05
7.356380000000000000e+05
1.856530000000000000e+05
9.356510000000000000e+05
1.519124000000000000e+06
6.763880000000000000e+05
1.199895000000000000e+06
4.099310000000000000e+05
3.717430000000000000e+05
3.220460000000000000e+05
1.525635000000000000e+06
1.496190000000000000e+06
1.232201000000000000e+06
1.032706000000000000e+06
1.269278000000000000e+06
1.450721000000000000e+06
1.401448000000000000e+06
1.481784000000000000e+06
1.446941000000000000e+06
1.261514000000000000e+06
5.720600000000000000e+04
4.405300000000000000e+04
1.284384000000000000e+06
1.795931000000000000e+06
6.426290000000000000e+05
3.316790000000000000e+05
1.167398000000000000e+06
2.023500000000000000e+04
1.623340000000000000e+06
4.522360000000000000e+05
4.324400000000000000e+04
2.256750000000000000e+05
1.260776000000000000e+06
1.373900000000000000e+06
1.467947000000000000e+06
4.771600000000000000e+04
1.845761000000000000e+06
9.286600000000000000e+05
4.617060000000000000e+05
1.620457000000000000e+06
6.335020000000000000e+05
3.712530000000000000e+05
3.747050000000000000e+05
1.504275000000000000e+06
1.474617000000000000e+06
4.982740000000000000e+05
2.188260000000000000e+05
4.950760000000000000e+05
1.713195000000000000e+06
1.718349000000000000e+06
5.816380000000000000e+05
1.105173000000000000e+06
1.469955000000000000e+06
1.554488000000000000e+06
1.345550000000000000e+06
1.340660000000000000e+05
1.059767000000000000e+06
4.316920000000000000e+05
1.159938000000000000e+06
4.279150000000000000e+05
1.274540000000000000e+06
1.323144000000000000e+06
1.418458000000000000e+06
5.468230000000000000e+05
1.106431000000000000e+06
1.491648000000000000e+06
1.848998000000000000e+06
1.324805000000000000e+06
1.826963000000000000e+06
2.828390000000000000e+05
1.834812000000000000e+06
4.234000000000000000e+05
5.681880000000000000e+05
8.945940000000000000e+05
1.264357000000000000e+06
1.453566000000000000e+06
1.390900000000000000e+06
5.617050000000000000e+05
1.853606000000000000e+06
9.375660000000000000e+05
1.437912000000000000e+06
1.633715000000000000e+06
1.845193000000000000e+06
1.345860000000000000e+06
4.607420000000000000e+05
5.196350000000000000e+05
1.090670000000000000e+05
6.571500000000000000e+05
1.553080000000000000e+06
1.024212000000000000e+06
1.751294000000000000e+06
4.274560000000000000e+05
1.381054000000000000e+06
1.732419000000000000e+06
2.797670000000000000e+05
2.020370000000000000e+05
1.131306000000000000e+06
1.945100000000000000e+05
1.635913000000000000e+06
1.268313000000000000e+06
6.483020000000000000e+05
1.518109000000000000e+06
8.822200000000000000e+04
1.490979000000000000e+06
6.529200000000000000e+05
6.732090000000000000e+05
2.747780000000000000e+05
3.885260000000000000e+05
5.350670000000000000e+05
1.473981000000000000e+06
4.367090000000000000e+05
1.130907000000000000e+06
1.455009000000000000e+06
1.076613000000000000e+06
1.221699000000000000e+06
3.922050000000000000e+05
3.407830000000000000e+05
3.709700000000000000e+04
5.712330000000000000e+05
9.318910000000000000e+05
1.795411000000000000e+06
1.305300000000000000e+05
6.695900000000000000e+05
1.379479000000000000e+06
1.669905000000000000e+06
7.000420000000000000e+05
7.059200000000000000e+04
1.783280000000000000e+06
6.323870000000000000e+05
3.404040000000000000e+05
1.716429000000000000e+06
1.492456000000000000e+06
1.030741000000000000e+06
3.900910000000000000e+05
5.405880000000000000e+05
7.206790000000000000e+05
1.581044000000000000e+06
1.219871000000000000e+06
4.152650000000000000e+05
8.908630000000000000e+05
1.784242000000000000e+06
8.969550000000000000e+05
1.472576000000000000e+06
2.144740000000000000e+05
1.870160000000000000e+05
1.559014000000000000e+06
1.715389000000000000e+06
2.121600000000000000e+05
1.077562000000000000e+06
1.184500000000000000e+04
1.437651000000000000e+06
1.347295000000000000e+06
5.385550000000000000e+05
1.457994000000000000e+06
1.831523000000000000e+06
1.366427000000000000e+06
1.086679000000000000e+06
2.195720000000000000e+05
1.359963000000000000e+06
1.418377000000000000e+06
4.512460000000000000e+05
2.983000000000000000e+05
1.637775000000000000e+06
5.327170000000000000e+05
3.593960000000000000e+05
1.396172000000000000e+06
1.854393000000000000e+06
5.150570000000000000e+05
1.824356000000000000e+06
1.783054000000000000e+06
3.027140000000000000e+05
3.218440000000000000e+05
3.298610000000000000e+05
5.726300000000000000e+05
1.458548000000000000e+06
7.183540000000000000e+05
1.357320000000000000e+06
3.464700000000000000e+04
2.755320000000000000e+05
9.714190000000000000e+05
1.319716000000000000e+06
6.388860000000000000e+05
2.627700000000000000e+04
1.716383000000000000e+06
7.487090000000000000e+05
1.027192000000000000e+06
1.282513000000000000e+06
1.320068000000000000e+06
1.301366000000000000e+06
1.471460000000000000e+05
1.742991000000000000e+06
7.265540000000000000e+05
1.717199000000000000e+06
1.957200000000000000e+05
4.608740000000000000e+05
6.847320000000000000e+05
8.953590000000000000e+05
1.673264000000000000e+06
1.743455000000000000e+06
5.160900000000000000e+04
9.379150000000000000e+05
4.591860000000000000e+05
5.399730000000000000e+05
1.620705000000000000e+06
1.710242000000000000e+06
1.718990000000000000e+05
3.024100000000000000e+05
5.783440000000000000e+05
1.217416000000000000e+06
1.383107000000000000e+06
1.130846000000000000e+06
1.238795000000000000e+06
1.714836000000000000e+06
1.430360000000000000e+05
1.626206000000000000e+06
1.570352000000000000e+06
1.353414000000000000e+06
2.388000000000000000e+05
1.224966000000000000e+06
3.065850000000000000e+05
2.188980000000000000e+05
1.735110000000000000e+05
1.063040000000000000e+05
1.345728000000000000e+06
8.916980000000000000e+05
1.262536000000000000e+06
9.299830000000000000e+05
1.347420000000000000e+06
1.561609000000000000e+06
7.083310000000000000e+05
1.850624000000000000e+06
1.346179000000000000e+06
7.124910000000000000e+05
1.729848000000000000e+06
1.466983000000000000e+06
1.851606000000000000e+06
1.088484000000000000e+06
1.495287000000000000e+06
9.312780000000000000e+05
8.088600000000000000e+04
3.381630000000000000e+05
1.850600000000000000e+04
1.294813000000000000e+06
2.245170000000000000e+05
1.831736000000000000e+06
1.236200000000000000e+05
7.071440000000000000e+05
1.332006000000000000e+06
5.379570000000000000e+05
1.277650000000000000e+06
7.374870000000000000e+05
8.979600000000000000e+04
4.442810000000000000e+05
1.749529000000000000e+06
3.097120000000000000e+05
1.520834000000000000e+06
2.422290000000000000e+05
1.580532000000000000e+06
2.170180000000000000e+05
9.280480000000000000e+05
9.258750000000000000e+05
1.569187000000000000e+06
8.938170000000000000e+05
8.084480000000000000e+05
8.514030000000000000e+05
7.743650000000000000e+05
1.343750000000000000e+06
6.653700000000000000e+05
2.338900000000000000e+05
3.099100000000000000e+05
1.781442000000000000e+06
1.629693000000000000e+06
1.328194000000000000e+06
1.216952000000000000e+06
7.257900000000000000e+04
1.970770000000000000e+05
3.516760000000000000e+05
9.543830000000000000e+05
9.001350000000000000e+05
1.741391000000000000e+06
2.213810000000000000e+05
4.380240000000000000e+05
5.825510000000000000e+05
1.382134000000000000e+06
1.037160000000000000e+05
3.593800000000000000e+05
1.720462000000000000e+06
1.311493000000000000e+06
1.425921000000000000e+06
6.683780000000000000e+05
1.728470000000000000e+05
1.455082000000000000e+06
1.113350000000000000e+05
1.158224000000000000e+06
1.030586000000000000e+06
1.415937000000000000e+06
1.130890000000000000e+06
3.916660000000000000e+05
1.564312000000000000e+06
1.658198000000000000e+06
9.692630000000000000e+05
1.643372000000000000e+06
1.419353000000000000e+06
1.531713000000000000e+06
2.293710000000000000e+05
1.405415000000000000e+06
1.593437000000000000e+06
2.308900000000000000e+05
6.554360000000000000e+05
1.758627000000000000e+06
1.827839000000000000e+06
1.151738000000000000e+06
9.539190000000000000e+05
7.268600000000000000e+04
3.156130000000000000e+05
1.748475000000000000e+06
1.100600000000000000e+04
5.200260000000000000e+05
4.030040000000000000e+05
3.147920000000000000e+05
3.313380000000000000e+05
4.507460000000000000e+05
1.809442000000000000e+06
8.213700000000000000e+04
6.176980000000000000e+05
5.875370000000000000e+05
9.407230000000000000e+05
1.844054000000000000e+06
9.373400000000000000e+05
1.851815000000000000e+06
3.143260000000000000e+05
1.595864000000000000e+06
1.676679000000000000e+06
3.299410000000000000e+05
1.808607000000000000e+06
2.836930000000000000e+05
1.856442000000000000e+06
1.345897000000000000e+06
1.574617000000000000e+06
1.684064000000000000e+06
1.899010000000000000e+05
4.803120000000000000e+05
1.816651000000000000e+06
3.127060000000000000e+05
1.571930000000000000e+06
1.826569000000000000e+06
5.087230000000000000e+05
2.280320000000000000e+05
1.761515000000000000e+06
8.933220000000000000e+05
1.331184000000000000e+06
1.228931000000000000e+06
1.434310000000000000e+06
1.428549000000000000e+06
1.574848000000000000e+06
1.073570000000000000e+06
1.208098000000000000e+06
1.524030000000000000e+05
2.348350000000000000e+05
1.760742000000000000e+06
1.849685000000000000e+06
1.779465000000000000e+06
1.762698000000000000e+06
1.242788000000000000e+06
1.160059000000000000e+06
1.174100000000000000e+05
1.461388000000000000e+06
1.620814000000000000e+06
3.079470000000000000e+05
1.090330000000000000e+05
1.243717000000000000e+06
1.568976000000000000e+06
1.414793000000000000e+06
1.826209000000000000e+06
3.417450000000000000e+05
1.296808000000000000e+06
1.717662000000000000e+06
1.088128000000000000e+06
1.345341000000000000e+06
1.753101000000000000e+06
1.828229000000000000e+06
1.221659000000000000e+06
1.449473000000000000e+06
1.166190000000000000e+06
1.845922000000000000e+06
1.625889000000000000e+06
4.483450000000000000e+05
1.500939000000000000e+06
1.129862000000000000e+06
3.855440000000000000e+05
1.752817000000000000e+06
1.268216000000000000e+06
1.529296000000000000e+06
1.693606000000000000e+06
1.830176000000000000e+06
1.225121000000000000e+06
6.616490000000000000e+05
1.313313000000000000e+06
9.017300000000000000e+04
1.241966000000000000e+06
1.374090000000000000e+06
1.710180000000000000e+06
1.453102000000000000e+06
4.385520000000000000e+05
1.522700000000000000e+06
2.391110000000000000e+05
1.549357000000000000e+06
1.620739000000000000e+06
1.615922000000000000e+06
2.369500000000000000e+05
6.395700000000000000e+04
2.073730000000000000e+05
5.102560000000000000e+05
1.161993000000000000e+06
1.709439000000000000e+06
1.710086000000000000e+06
3.979500000000000000e+04
1.653561000000000000e+06
1.053100000000000000e+04
1.727005000000000000e+06
5.591500000000000000e+04
1.710473000000000000e+06
1.480536000000000000e+06
1.572550000000000000e+06
3.871000000000000000e+05
1.161320000000000000e+06
1.081333000000000000e+06
1.602881000000000000e+06
8.521000000000000000e+03
1.002385000000000000e+06
1.201366000000000000e+06
1.643318000000000000e+06
1.377154000000000000e+06
1.546662000000000000e+06
1.447274000000000000e+06
1.607585000000000000e+06
4.610740000000000000e+05
1.382344000000000000e+06
1.157172000000000000e+06
5.684230000000000000e+05
3.516190000000000000e+05
1.820838000000000000e+06
1.652500000000000000e+04
1.349310000000000000e+05
1.512710000000000000e+05
1.173161000000000000e+06
3.042550000000000000e+05
1.603720000000000000e+05
6.508190000000000000e+05
6.748930000000000000e+05
1.783137000000000000e+06
1.464986000000000000e+06
1.225984000000000000e+06
1.828640000000000000e+06
2.894460000000000000e+05
1.130562000000000000e+06
2.052250000000000000e+05
2.030360000000000000e+05
1.216431000000000000e+06
1.830665000000000000e+06
1.492651000000000000e+06
3.128170000000000000e+05
1.376299000000000000e+06
3.588930000000000000e+05
3.877750000000000000e+05
1.769576000000000000e+06
1.458233000000000000e+06
1.261351000000000000e+06
1.731917000000000000e+06
1.716757000000000000e+06
1.435891000000000000e+06
1.419244000000000000e+06
6.588150000000000000e+05
1.676330000000000000e+06
1.461355000000000000e+06
1.393140000000000000e+06
1.278086000000000000e+06
1.394460000000000000e+06
1.565348000000000000e+06
6.365490000000000000e+05
1.602329000000000000e+06
5.797420000000000000e+05
1.666389000000000000e+06
1.644358000000000000e+06
1.638975000000000000e+06
1.725090000000000000e+05
7.303400000000000000e+04
1.702800000000000000e+05
1.632909000000000000e+06
9.433610000000000000e+05
1.524819000000000000e+06
3.298120000000000000e+05
1.219261000000000000e+06
1.503172000000000000e+06
1.121174000000000000e+06
6.691940000000000000e+05
1.739131000000000000e+06
6.529310000000000000e+05
1.810900000000000000e+06
1.242397000000000000e+06
1.525067000000000000e+06
6.937330000000000000e+05
9.284250000000000000e+05
1.438719000000000000e+06
1.223209000000000000e+06
6.740070000000000000e+05
1.295029000000000000e+06
9.276620000000000000e+05
1.279152000000000000e+06
1.058514000000000000e+06
3.884110000000000000e+05
5.101500000000000000e+04
5.471570000000000000e+05
1.689750000000000000e+05
1.716669000000000000e+06
1.476937000000000000e+06
4.998970000000000000e+05
5.723280000000000000e+05
8.965230000000000000e+05
1.517510000000000000e+06
6.769460000000000000e+05
6.648200000000000000e+05
1.825317000000000000e+06
1.283306000000000000e+06
1.379818000000000000e+06
1.031542000000000000e+06
2.073040000000000000e+05
1.796554000000000000e+06
3.627760000000000000e+05
5.567690000000000000e+05
8.248770000000000000e+05
7.746750000000000000e+05
4.119780000000000000e+05
1.068033000000000000e+06
5.442870000000000000e+05
4.492550000000000000e+05
1.325079000000000000e+06
1.364123000000000000e+06
1.523195000000000000e+06
1.345393000000000000e+06
3.367630000000000000e+05
5.777320000000000000e+05
1.758030000000000000e+06
1.356829000000000000e+06
1.321076000000000000e+06
9.542630000000000000e+05
1.455502000000000000e+06
1.320400000000000000e+04
2.323880000000000000e+05
3.797230000000000000e+05
5.702630000000000000e+05
1.476829000000000000e+06
1.478200000000000000e+04
5.302440000000000000e+05
7.001480000000000000e+05
1.376310000000000000e+06
5.486590000000000000e+05
3.666620000000000000e+05
5.621860000000000000e+05
2.976220000000000000e+05
9.175690000000000000e+05
1.368509000000000000e+06
1.277808000000000000e+06
1.121910000000000000e+05
1.211356000000000000e+06
1.808127000000000000e+06
2.054140000000000000e+05
1.609872000000000000e+06
1.844144000000000000e+06
5.797870000000000000e+05
1.094372000000000000e+06
2.329730000000000000e+05
1.597343000000000000e+06
1.587356000000000000e+06
6.446590000000000000e+05
4.743910000000000000e+05
2.295210000000000000e+05
1.319229000000000000e+06
1.718528000000000000e+06
1.531507000000000000e+06
2.949450000000000000e+05
5.307150000000000000e+05
1.621544000000000000e+06
1.817124000000000000e+06
1.157427000000000000e+06
1.225101000000000000e+06
3.119740000000000000e+05
1.738420000000000000e+05
1.287438000000000000e+06
1.663033000000000000e+06
1.557202000000000000e+06
1.342769000000000000e+06
1.353690000000000000e+05
1.526519000000000000e+06
1.276799000000000000e+06
1.425356000000000000e+06
1.343640000000000000e+06
1.456786000000000000e+06
1.412180000000000000e+05
1.465364000000000000e+06
1.419262000000000000e+06
9.284880000000000000e+05
1.823577000000000000e+06
1.244262000000000000e+06
7.746780000000000000e+05
8.629120000000000000e+05
8.155500000000000000e+05
1.519812000000000000e+06
7.222480000000000000e+05
1.543507000000000000e+06
1.259336000000000000e+06
9.956480000000000000e+05
1.049488000000000000e+06
5.055670000000000000e+05
6.329800000000000000e+05
4.592400000000000000e+05
1.117642000000000000e+06
9.159700000000000000e+04
3.648870000000000000e+05
1.583527000000000000e+06
1.369242000000000000e+06
1.671854000000000000e+06
7.639280000000000000e+05
4.623990000000000000e+05
1.702925000000000000e+06
1.412608000000000000e+06
1.805719000000000000e+06
2.506650000000000000e+05
1.552959000000000000e+06
3.230900000000000000e+05
2.239030000000000000e+05
1.595998000000000000e+06
1.620668000000000000e+06
1.705233000000000000e+06
1.182610000000000000e+05
1.573671000000000000e+06
5.131610000000000000e+05
5.381220000000000000e+05
1.852782000000000000e+06
1.478600000000000000e+06
7.652000000000000000e+04
1.534900000000000000e+05
1.342145000000000000e+06
8.995300000000000000e+04
6.778810000000000000e+05
7.289640000000000000e+05
1.276627000000000000e+06
2.018900000000000000e+04
4.311010000000000000e+05
7.221850000000000000e+05
1.658113000000000000e+06
1.523466000000000000e+06
1.449045000000000000e+06
1.150742000000000000e+06
1.849720000000000000e+06
1.697094000000000000e+06
9.271920000000000000e+05
1.150211000000000000e+06
1.390470000000000000e+05
6.131630000000000000e+05
1.841787000000000000e+06
3.172710000000000000e+05
1.943720000000000000e+05
1.538840000000000000e+05
5.768160000000000000e+05
1.778761000000000000e+06
1.127150000000000000e+06
3.083720000000000000e+05
7.288730000000000000e+05
1.119780000000000000e+05
2.022390000000000000e+05
1.489520000000000000e+06
4.797340000000000000e+05
1.556653000000000000e+06
1.227170000000000000e+06
1.791925000000000000e+06
1.366448000000000000e+06
1.438898000000000000e+06
6.950390000000000000e+05
1.833732000000000000e+06
9.329480000000000000e+05
1.435423000000000000e+06
3.872580000000000000e+05
1.432270000000000000e+06
1.788217000000000000e+06
4.879300000000000000e+05
1.659706000000000000e+06
1.252323000000000000e+06
1.257084000000000000e+06
1.770857000000000000e+06
1.778398000000000000e+06
4.879030000000000000e+05
6.773130000000000000e+05
9.355970000000000000e+05
2.830310000000000000e+05
1.157773000000000000e+06
1.568211000000000000e+06
1.657508000000000000e+06
1.633543000000000000e+06
6.143290000000000000e+05
1.347853000000000000e+06
6.376530000000000000e+05
1.226989000000000000e+06
1.540115000000000000e+06
1.829382000000000000e+06
3.295490000000000000e+05
1.194566000000000000e+06
1.230335000000000000e+06
1.345380000000000000e+06
1.290899000000000000e+06
1.255389000000000000e+06
1.830549000000000000e+06
2.212420000000000000e+05
1.523264000000000000e+06
2.772970000000000000e+05
1.377202000000000000e+06
6.609200000000000000e+05
1.631857000000000000e+06
1.688354000000000000e+06
6.334440000000000000e+05
3.154140000000000000e+05
7.982900000000000000e+04
1.843304000000000000e+06
1.818152000000000000e+06
3.291490000000000000e+05
2.345470000000000000e+05
1.688103000000000000e+06
1.558031000000000000e+06
5.169980000000000000e+05
1.214058000000000000e+06
1.300250000000000000e+05
3.245350000000000000e+05
1.025187000000000000e+06
4.261940000000000000e+05
8.458980000000000000e+05
8.094950000000000000e+05
7.123630000000000000e+05
1.350400000000000000e+05
5.881850000000000000e+05
1.601270000000000000e+06
5.906040000000000000e+05
1.708098000000000000e+06
1.497425000000000000e+06
3.265170000000000000e+05
6.016200000000000000e+05
1.477997000000000000e+06
1.343533000000000000e+06
1.274680000000000000e+06
1.846362000000000000e+06
1.271174000000000000e+06
1.279745000000000000e+06
1.587910000000000000e+06
1.591002000000000000e+06
1.653790000000000000e+05
5.565930000000000000e+05
4.946670000000000000e+05
1.096809000000000000e+06
1.833993000000000000e+06
3.055600000000000000e+04
1.240820000000000000e+06
7.159310000000000000e+05
5.841430000000000000e+05
2.200270000000000000e+05
1.828424000000000000e+06
1.548107000000000000e+06
4.591760000000000000e+05
6.752690000000000000e+05
2.648180000000000000e+05
1.595261000000000000e+06
1.718787000000000000e+06
1.634105000000000000e+06
3.318510000000000000e+05
1.311160000000000000e+05
3.513580000000000000e+05
2.234950000000000000e+05
1.308770000000000000e+05
1.275128000000000000e+06
1.306546000000000000e+06
1.602841000000000000e+06
1.090580000000000000e+05
6.792430000000000000e+05
5.151840000000000000e+05
1.537506000000000000e+06
9.237800000000000000e+04
9.520190000000000000e+05
7.438060000000000000e+05
1.853818000000000000e+06
2.002000000000000000e+05
2.167300000000000000e+05
2.082620000000000000e+05
3.324940000000000000e+05
1.251017000000000000e+06
3.189030000000000000e+05
1.662070000000000000e+05
1.441046000000000000e+06
1.298315000000000000e+06
1.822263000000000000e+06
1.268818000000000000e+06
1.813419000000000000e+06
1.521562000000000000e+06
1.758574000000000000e+06
2.860980000000000000e+05
1.988170000000000000e+05
1.825719000000000000e+06
1.852729000000000000e+06
5.586520000000000000e+05
1.324469000000000000e+06
1.882850000000000000e+05
1.487250000000000000e+06
1.219996000000000000e+06
1.418204000000000000e+06
7.675260000000000000e+05
1.762248000000000000e+06
2.618800000000000000e+05
1.094031000000000000e+06
2.898280000000000000e+05
1.382259000000000000e+06
1.841011000000000000e+06
1.074637000000000000e+06
2.048940000000000000e+05
1.156580000000000000e+06
1.853345000000000000e+06
9.551230000000000000e+05
1.763227000000000000e+06
1.792480000000000000e+05
1.603595000000000000e+06
1.223160000000000000e+05
1.391740000000000000e+05
9.937810000000000000e+05
5.885830000000000000e+05
1.479900000000000000e+05
1.627442000000000000e+06
1.840659000000000000e+06
8.453980000000000000e+05
8.039130000000000000e+05
1.364463000000000000e+06
1.249253000000000000e+06
2.461690000000000000e+05
1.260150000000000000e+05
1.514428000000000000e+06
1.550507000000000000e+06
1.737977000000000000e+06
1.062719000000000000e+06
1.818189000000000000e+06
1.573523000000000000e+06
1.616378000000000000e+06
1.462360000000000000e+06
1.320746000000000000e+06
1.812642000000000000e+06
1.602560000000000000e+05
1.623937000000000000e+06
1.696449000000000000e+06
3.887340000000000000e+05
1.507887000000000000e+06
1.322606000000000000e+06
7.978400000000000000e+04
1.340736000000000000e+06
1.098359000000000000e+06
1.373309000000000000e+06
9.297390000000000000e+05
1.522790000000000000e+06
1.714440000000000000e+06
3.451080000000000000e+05
1.276745000000000000e+06
1.785126000000000000e+06
3.229620000000000000e+05
2.896210000000000000e+05
9.996620000000000000e+05
1.419400000000000000e+05
1.547529000000000000e+06
5.873440000000000000e+05
1.467155000000000000e+06
1.546011000000000000e+06
9.119100000000000000e+05
1.709405000000000000e+06
9.945000000000000000e+03
9.357160000000000000e+05
6.627130000000000000e+05
1.813120000000000000e+05
9.185100000000000000e+04
1.539439000000000000e+06
1.477937000000000000e+06
1.800355000000000000e+06
1.422210000000000000e+05
6.593500000000000000e+04
1.807580000000000000e+06
6.954530000000000000e+05
2.015310000000000000e+05
1.603760000000000000e+05
1.274333000000000000e+06
7.232590000000000000e+05
3.707670000000000000e+05
1.379177000000000000e+06
1.235158000000000000e+06
9.383690000000000000e+05
1.589174000000000000e+06
1.560471000000000000e+06
1.207511000000000000e+06
1.191981000000000000e+06
1.565275000000000000e+06
2.113310000000000000e+05
2.310330000000000000e+05
1.119730000000000000e+06
1.210061000000000000e+06
1.593934000000000000e+06
1.247317000000000000e+06
1.494550000000000000e+05
1.279288000000000000e+06
7.268390000000000000e+05
1.927740000000000000e+05
1.209118000000000000e+06
3.769920000000000000e+05
1.188906000000000000e+06
1.389810000000000000e+06
1.789680000000000000e+05
1.276754000000000000e+06
3.235730000000000000e+05
6.329650000000000000e+05
7.002740000000000000e+05
1.231771000000000000e+06
1.030332000000000000e+06
1.149883000000000000e+06
5.251060000000000000e+05
1.711278000000000000e+06
9.434980000000000000e+05
5.527620000000000000e+05
1.260797000000000000e+06
1.813722000000000000e+06
3.319680000000000000e+05
1.828910000000000000e+05
4.456060000000000000e+05
4.891700000000000000e+04
1.099190000000000000e+05
1.565042000000000000e+06
1.220251000000000000e+06
1.459879000000000000e+06
1.752316000000000000e+06
1.125032000000000000e+06
1.826740000000000000e+06
1.778635000000000000e+06
1.326528000000000000e+06
1.571956000000000000e+06
7.136870000000000000e+05
1.261470000000000000e+06
1.457069000000000000e+06
1.445597000000000000e+06
7.009020000000000000e+05
1.762341000000000000e+06
4.982890000000000000e+05
3.021370000000000000e+05
1.366542000000000000e+06
2.356440000000000000e+05
1.383803000000000000e+06
1.345422000000000000e+06
1.539962000000000000e+06
1.307117000000000000e+06
1.088293000000000000e+06
1.838179000000000000e+06
1.489071000000000000e+06
1.664888000000000000e+06
1.763870000000000000e+05
1.745960000000000000e+06
1.653322000000000000e+06
1.363357000000000000e+06
1.692631000000000000e+06
1.329910000000000000e+05
1.843132000000000000e+06
1.125257000000000000e+06
1.626230000000000000e+06
1.251805000000000000e+06
1.670660000000000000e+06
1.825606000000000000e+06
4.207660000000000000e+05
1.588276000000000000e+06
1.854587000000000000e+06
1.659558000000000000e+06
1.425860000000000000e+05
1.025328000000000000e+06
1.795730000000000000e+05
2.778870000000000000e+05
1.772450000000000000e+05
3.638280000000000000e+05
5.559290000000000000e+05
3.480410000000000000e+05
8.965200000000000000e+04
1.643294000000000000e+06
1.265200000000000000e+06
1.555045000000000000e+06
1.064770000000000000e+06
1.213500000000000000e+04
2.457960000000000000e+05
1.657694000000000000e+06
1.751354000000000000e+06
1.462659000000000000e+06
1.436166000000000000e+06
1.375790000000000000e+06
2.759950000000000000e+05
6.670160000000000000e+05
9.053100000000000000e+04
2.225920000000000000e+05
1.109727000000000000e+06
1.378800000000000000e+06
1.845729000000000000e+06
5.618320000000000000e+05
1.625667000000000000e+06
1.151099000000000000e+06
1.379633000000000000e+06
1.719040000000000000e+05
1.374390000000000000e+05
9.143140000000000000e+05
1.349761000000000000e+06
1.609088000000000000e+06
5.587760000000000000e+05
5.881580000000000000e+05
6.895840000000000000e+05
6.177190000000000000e+05
1.547005000000000000e+06
1.714438000000000000e+06
4.208110000000000000e+05
1.958080000000000000e+05
1.425265000000000000e+06
1.414977000000000000e+06
1.782985000000000000e+06
1.556166000000000000e+06
1.472000000000000000e+05
2.087500000000000000e+05
1.209165000000000000e+06
1.224678000000000000e+06
1.011285000000000000e+06
1.572181000000000000e+06
2.566700000000000000e+05
4.019220000000000000e+05
1.094204000000000000e+06
9.354230000000000000e+05
1.082309000000000000e+06
1.474629000000000000e+06
1.652044000000000000e+06
2.599550000000000000e+05
1.229195000000000000e+06
1.710101000000000000e+06
1.657097000000000000e+06
1.596296000000000000e+06
4.740600000000000000e+04
1.425682000000000000e+06
1.374080000000000000e+05
2.616840000000000000e+05
1.560582000000000000e+06
1.559235000000000000e+06
3.783800000000000000e+05
1.681961000000000000e+06
1.027176000000000000e+06
1.237267000000000000e+06
2.861720000000000000e+05
3.687700000000000000e+04
1.707279000000000000e+06
6.154100000000000000e+05
4.709230000000000000e+05
1.567524000000000000e+06
9.397090000000000000e+05
1.755575000000000000e+06
4.293750000000000000e+05
9.268820000000000000e+05
1.056448000000000000e+06
4.402550000000000000e+05
1.828292000000000000e+06
1.124239000000000000e+06
4.654880000000000000e+05
1.842956000000000000e+06
1.123713000000000000e+06
5.227530000000000000e+05
1.548932000000000000e+06
3.476100000000000000e+04
1.380365000000000000e+06
1.064689000000000000e+06
6.610970000000000000e+05
1.555200000000000000e+04
9.937000000000000000e+04
1.727560000000000000e+06
2.374280000000000000e+05
1.638350000000000000e+06
4.381580000000000000e+05
1.212001000000000000e+06
1.252592000000000000e+06
2.055760000000000000e+05
1.204195000000000000e+06
1.073363000000000000e+06
1.255183000000000000e+06
5.054260000000000000e+05
1.659441000000000000e+06
1.603156000000000000e+06
6.758800000000000000e+05
3.014560000000000000e+05
1.155936000000000000e+06
1.654664000000000000e+06
1.596639000000000000e+06
1.213226000000000000e+06
1.833866000000000000e+06
1.530390000000000000e+05
1.080330000000000000e+06
1.218435000000000000e+06
1.792440000000000000e+06
1.678954000000000000e+06
1.480599000000000000e+06
1.075420000000000000e+06
1.740691000000000000e+06
4.128530000000000000e+05
4.648240000000000000e+05
1.456857000000000000e+06
1.798030000000000000e+05
1.277651000000000000e+06
2.977310000000000000e+05
4.952870000000000000e+05
5.224930000000000000e+05
3.743800000000000000e+05
1.298001000000000000e+06
3.005680000000000000e+05
1.745097000000000000e+06
1.463248000000000000e+06
1.774749000000000000e+06
1.238122000000000000e+06
1.445708000000000000e+06
7.268260000000000000e+05
6.830730000000000000e+05
1.450836000000000000e+06
5.004400000000000000e+05
2.627780000000000000e+05
1.662261000000000000e+06
1.773507000000000000e+06
1.673936000000000000e+06
3.576270000000000000e+05
5.322220000000000000e+05
5.253200000000000000e+05
1.297210000000000000e+05
1.854729000000000000e+06
1.429340000000000000e+05
6.493000000000000000e+03
1.627861000000000000e+06
4.837250000000000000e+05
7.071740000000000000e+05
1.208450000000000000e+05
1.370680000000000000e+06
1.643488000000000000e+06
1.155318000000000000e+06
3.234590000000000000e+05
1.616046000000000000e+06
1.465566000000000000e+06
1.089894000000000000e+06
1.719182000000000000e+06
1.560561000000000000e+06
2.240230000000000000e+05
1.349511000000000000e+06
9.601110000000000000e+05
1.780682000000000000e+06
1.835884000000000000e+06
1.455952000000000000e+06
6.609260000000000000e+05
1.366193000000000000e+06
1.788457000000000000e+06
1.196150000000000000e+05
6.941880000000000000e+05
1.414045000000000000e+06
5.146830000000000000e+05
6.539670000000000000e+05
1.657087000000000000e+06
1.550914000000000000e+06
1.763744000000000000e+06
1.363623000000000000e+06
1.300200000000000000e+04
1.173020000000000000e+05
1.337011000000000000e+06
1.339795000000000000e+06
1.812755000000000000e+06
1.561852000000000000e+06
1.776721000000000000e+06
1.417702000000000000e+06
1.844645000000000000e+06
1.668479000000000000e+06
3.503700000000000000e+04
1.316245000000000000e+06
7.193760000000000000e+05
1.440659000000000000e+06
1.709695000000000000e+06
1.280107000000000000e+06
1.218296000000000000e+06
1.090192000000000000e+06
1.634069000000000000e+06
5.094770000000000000e+05
1.096249000000000000e+06
1.397629000000000000e+06
1.369510000000000000e+05
1.479975000000000000e+06
1.105980000000000000e+06
1.389385000000000000e+06
2.964590000000000000e+05
1.470153000000000000e+06
1.677993000000000000e+06
1.683163000000000000e+06
1.343576000000000000e+06
1.596038000000000000e+06
1.827288000000000000e+06
1.202900000000000000e+04
1.822869000000000000e+06
1.131144000000000000e+06
5.808300000000000000e+05
1.522396000000000000e+06
1.628708000000000000e+06
1.783083000000000000e+06
1.218108000000000000e+06
1.541380000000000000e+05
1.147051000000000000e+06
1.221085000000000000e+06
1.460143000000000000e+06
1.664830000000000000e+05
1.854469000000000000e+06
1.731729000000000000e+06
2.040600000000000000e+05
4.173660000000000000e+05
1.567962000000000000e+06
1.206903000000000000e+06
1.834152000000000000e+06
1.678938000000000000e+06
1.848661000000000000e+06
1.338950000000000000e+05
1.642869000000000000e+06
1.849016000000000000e+06
3.880940000000000000e+05
1.028657000000000000e+06
3.412460000000000000e+05
1.818126000000000000e+06
4.637510000000000000e+05
6.461500000000000000e+04
1.566885000000000000e+06
1.159930000000000000e+06
9.309000000000000000e+05
4.274520000000000000e+05
1.290604000000000000e+06
1.652097000000000000e+06
3.015420000000000000e+05
1.717857000000000000e+06
4.478930000000000000e+05
1.627112000000000000e+06
1.816518000000000000e+06
1.778953000000000000e+06
5.682980000000000000e+05
1.719559000000000000e+06
1.054673000000000000e+06
5.063220000000000000e+05
3.019960000000000000e+05
1.124730000000000000e+05
7.158400000000000000e+05
1.594514000000000000e+06
1.711107000000000000e+06
6.673690000000000000e+05
1.832980000000000000e+06
8.948960000000000000e+05
2.037170000000000000e+05
4.349280000000000000e+05
1.230919000000000000e+06
4.641860000000000000e+05
6.753120000000000000e+05
4.905740000000000000e+05
8.048200000000000000e+04
1.806614000000000000e+06
5.680270000000000000e+05
1.246521000000000000e+06
1.380251000000000000e+06
1.252468000000000000e+06
1.722340000000000000e+06
5.836460000000000000e+05
1.754175000000000000e+06
1.106462000000000000e+06
1.654473000000000000e+06
1.357580000000000000e+06
7.148340000000000000e+05
6.912900000000000000e+04
6.195400000000000000e+05
1.734081000000000000e+06
1.846876000000000000e+06
1.308680000000000000e+05
5.111360000000000000e+05
1.722110000000000000e+06
1.366276000000000000e+06
1.516330000000000000e+06
9.512870000000000000e+05
1.039784000000000000e+06
3.211780000000000000e+05
1.066285000000000000e+06
8.727000000000000000e+04
1.653737000000000000e+06
7.093730000000000000e+05
2.018450000000000000e+05
1.546660000000000000e+06
9.531810000000000000e+05
1.607919000000000000e+06
2.455270000000000000e+05
3.345800000000000000e+04
9.229860000000000000e+05
1.507540000000000000e+06
5.219800000000000000e+05
1.086055000000000000e+06
1.124865000000000000e+06
1.112013000000000000e+06
6.630400000000000000e+04
1.296730000000000000e+05
2.026230000000000000e+05
1.470817000000000000e+06
1.854549000000000000e+06
1.619639000000000000e+06
1.760555000000000000e+06
1.381611000000000000e+06
1.468791000000000000e+06
1.418539000000000000e+06
4.987800000000000000e+04
1.799746000000000000e+06
2.495250000000000000e+05
1.833044000000000000e+06
1.477184000000000000e+06
9.306190000000000000e+05
2.578540000000000000e+05
1.648210000000000000e+05
4.438980000000000000e+05
1.709260000000000000e+06
1.225381000000000000e+06
3.419590000000000000e+05
1.955310000000000000e+05
1.819826000000000000e+06
2.690080000000000000e+05
1.512746000000000000e+06
7.947700000000000000e+04
1.556096000000000000e+06
2.592420000000000000e+05
5.489440000000000000e+05
1.305870000000000000e+05
9.796850000000000000e+05
1.714654000000000000e+06
1.096207000000000000e+06
6.676370000000000000e+05
8.763000000000000000e+05
6.691180000000000000e+05
1.804440000000000000e+05
1.355450000000000000e+05
2.115230000000000000e+05
1.161215000000000000e+06
1.474682000000000000e+06
1.463269000000000000e+06
1.488500000000000000e+05
3.968100000000000000e+04
4.444610000000000000e+05
5.044070000000000000e+05
1.549849000000000000e+06
1.410194000000000000e+06
5.979730000000000000e+05
1.232886000000000000e+06
1.686690000000000000e+06
3.378380000000000000e+05
1.619160000000000000e+06
2.953710000000000000e+05
1.522474000000000000e+06
1.400850000000000000e+05
1.828111000000000000e+06
1.306641000000000000e+06
1.668381000000000000e+06
1.829003000000000000e+06
1.241333000000000000e+06
6.783830000000000000e+05
1.637392000000000000e+06
1.341920000000000000e+06
6.884450000000000000e+05
6.308800000000000000e+04
4.528090000000000000e+05
1.134894000000000000e+06
1.464688000000000000e+06
1.380637000000000000e+06
1.165486000000000000e+06
1.768806000000000000e+06
4.515640000000000000e+05
1.627144000000000000e+06
1.389174000000000000e+06
1.237290000000000000e+06
1.654581000000000000e+06
5.040300000000000000e+05
6.836450000000000000e+05
1.680404000000000000e+06
1.426241000000000000e+06
5.871580000000000000e+05
1.726410000000000000e+06
1.842922000000000000e+06
1.706541000000000000e+06
3.284550000000000000e+05
6.796160000000000000e+05
1.770903000000000000e+06
1.457290000000000000e+06
1.369053000000000000e+06
1.360000000000000000e+03
9.411190000000000000e+05
1.066309000000000000e+06
9.318900000000000000e+05
1.765761000000000000e+06
1.557316000000000000e+06
1.382251000000000000e+06
1.712014000000000000e+06
1.837775000000000000e+06
1.298320000000000000e+06
6.153860000000000000e+05
1.690858000000000000e+06
1.833485000000000000e+06
7.014150000000000000e+05
1.834205000000000000e+06
9.804750000000000000e+05
1.584400000000000000e+04
2.596440000000000000e+05
1.772827000000000000e+06
8.185060000000000000e+05
5.804130000000000000e+05
4.679920000000000000e+05
5.863020000000000000e+05
3.755400000000000000e+04
1.005990000000000000e+05
1.384629000000000000e+06
1.520470000000000000e+05
1.232461000000000000e+06
4.445270000000000000e+05
1.463138000000000000e+06
1.751000000000000000e+05
1.666117000000000000e+06
6.161420000000000000e+05
1.586864000000000000e+06
1.352021000000000000e+06
4.601870000000000000e+05
1.780265000000000000e+06
7.050310000000000000e+05
8.978430000000000000e+05
1.026347000000000000e+06
1.338350000000000000e+06
5.585040000000000000e+05
1.604320000000000000e+06
1.122980000000000000e+05
7.192710000000000000e+05
1.762294000000000000e+06
1.337484000000000000e+06
1.717748000000000000e+06
1.882110000000000000e+05
1.123875000000000000e+06
9.930000000000000000e+03
7.074840000000000000e+05
1.571175000000000000e+06
1.520461000000000000e+06
1.360321000000000000e+06
2.108540000000000000e+05
6.861900000000000000e+04
1.655167000000000000e+06
1.445730000000000000e+06
4.968300000000000000e+04
3.888750000000000000e+05
1.083807000000000000e+06
1.394134000000000000e+06
1.199076000000000000e+06
3.807420000000000000e+05
3.846190000000000000e+05
4.664570000000000000e+05
1.342563000000000000e+06
7.025700000000000000e+05
7.057400000000000000e+05
9.279220000000000000e+05
7.049610000000000000e+05
3.902360000000000000e+05
2.644800000000000000e+05
2.023280000000000000e+05
5.302490000000000000e+05
7.276820000000000000e+05
1.483702000000000000e+06
4.963590000000000000e+05
1.380295000000000000e+06
1.111618000000000000e+06
1.725988000000000000e+06
5.189200000000000000e+04
1.425406000000000000e+06
1.225099000000000000e+06
5.752280000000000000e+05
6.411550000000000000e+05
1.720815000000000000e+06
5.967790000000000000e+05
1.495004000000000000e+06
1.165417000000000000e+06
1.372536000000000000e+06
1.680236000000000000e+06
1.194621000000000000e+06
1.033373000000000000e+06
2.119580000000000000e+05
1.834240000000000000e+06
1.130300000000000000e+04
7.544300000000000000e+04
1.779527000000000000e+06
1.532576000000000000e+06
1.790939000000000000e+06
9.605350000000000000e+05
5.294130000000000000e+05
8.850680000000000000e+05
3.875890000000000000e+05
1.060524000000000000e+06
2.578860000000000000e+05
1.249673000000000000e+06
4.269900000000000000e+04
1.729166000000000000e+06
4.381600000000000000e+05
1.553880000000000000e+05
1.663576000000000000e+06
1.260366000000000000e+06
1.454374000000000000e+06
4.107800000000000000e+04
1.351012000000000000e+06
1.778426000000000000e+06
6.422890000000000000e+05
1.177530000000000000e+05
1.638816000000000000e+06
1.630583000000000000e+06
1.160495000000000000e+06
9.164890000000000000e+05
2.145690000000000000e+05
3.001590000000000000e+05
5.213850000000000000e+05
1.598771000000000000e+06
9.512540000000000000e+05
1.697962000000000000e+06
1.488317000000000000e+06
1.615845000000000000e+06
1.257413000000000000e+06
7.138300000000000000e+05
1.077450000000000000e+05
1.414440000000000000e+06
1.624348000000000000e+06
7.318140000000000000e+05
1.395510000000000000e+05
1.260767000000000000e+06
4.149740000000000000e+05
1.624982000000000000e+06
2.956100000000000000e+04
3.926580000000000000e+05
1.088549000000000000e+06
1.726556000000000000e+06
1.601325000000000000e+06
1.788580000000000000e+05
1.344834000000000000e+06
2.294500000000000000e+04
1.780934000000000000e+06
1.647266000000000000e+06
1.626973000000000000e+06
1.461391000000000000e+06
1.511973000000000000e+06
1.086030000000000000e+06
1.805515000000000000e+06
1.444403000000000000e+06
1.418528000000000000e+06
1.354709000000000000e+06
1.074495000000000000e+06
1.657560000000000000e+06
1.630481000000000000e+06
9.383100000000000000e+04
1.368805000000000000e+06
1.206967000000000000e+06
4.562310000000000000e+05
1.224881000000000000e+06
1.639651000000000000e+06
1.365824000000000000e+06
6.104260000000000000e+05
4.643820000000000000e+05
1.619020000000000000e+05
1.414339000000000000e+06
5.424100000000000000e+05
1.239050000000000000e+06
8.823270000000000000e+05
1.056360000000000000e+06
1.782464000000000000e+06
6.378580000000000000e+05
1.603912000000000000e+06
1.129362000000000000e+06
5.815820000000000000e+05
1.157931000000000000e+06
4.471890000000000000e+05
7.187750000000000000e+05
7.213770000000000000e+05
1.796015000000000000e+06
1.838729000000000000e+06
1.500810000000000000e+05
1.346546000000000000e+06
1.766820000000000000e+06
1.293851000000000000e+06
1.044133000000000000e+06
1.674340000000000000e+06
1.815982000000000000e+06
1.703120000000000000e+05
1.464586000000000000e+06
1.694606000000000000e+06
2.211740000000000000e+05
1.105510000000000000e+06
6.677950000000000000e+05
1.239174000000000000e+06
1.480950000000000000e+06
1.712945000000000000e+06
5.015740000000000000e+05
1.070785000000000000e+06
6.955200000000000000e+04
1.275326000000000000e+06
1.544736000000000000e+06
1.609826000000000000e+06
1.731470000000000000e+05
1.813576000000000000e+06
1.417410000000000000e+06
1.087677000000000000e+06
6.616840000000000000e+05
4.734920000000000000e+05
1.744567000000000000e+06
8.380300000000000000e+04
1.825538000000000000e+06
4.214910000000000000e+05
1.016002000000000000e+06
1.652324000000000000e+06
1.450020000000000000e+06
1.510253000000000000e+06
1.800192000000000000e+06
3.457500000000000000e+05
1.775472000000000000e+06
2.138460000000000000e+05
1.257086000000000000e+06
1.450677000000000000e+06
1.263320000000000000e+05
2.921590000000000000e+05
5.996500000000000000e+04
2.110060000000000000e+05
1.354200000000000000e+05
1.570227000000000000e+06
1.434159000000000000e+06
6.124880000000000000e+05
4.470900000000000000e+04
1.039430000000000000e+05
1.199654000000000000e+06
1.294587000000000000e+06
5.030830000000000000e+05
1.002223000000000000e+06
1.020477000000000000e+06
2.269860000000000000e+05
1.521842000000000000e+06
7.017970000000000000e+05
1.614990000000000000e+06
7.120960000000000000e+05
2.659100000000000000e+05
9.427200000000000000e+05
1.251073000000000000e+06
1.827240000000000000e+05
1.254217000000000000e+06
1.836515000000000000e+06
3.836230000000000000e+05
1.353787000000000000e+06
1.676984000000000000e+06
1.635444000000000000e+06
1.734666000000000000e+06
1.712701000000000000e+06
6.612650000000000000e+05
1.801331000000000000e+06
9.011440000000000000e+05
1.809531000000000000e+06
1.505717000000000000e+06
1.330497000000000000e+06
1.473242000000000000e+06
1.067723000000000000e+06
1.494808000000000000e+06
5.898230000000000000e+05
1.643927000000000000e+06
1.254337000000000000e+06
1.741761000000000000e+06
2.077220000000000000e+05
6.971660000000000000e+05
1.054792000000000000e+06
1.595850000000000000e+06
1.213154000000000000e+06
1.665837000000000000e+06
2.295300000000000000e+05
1.492493000000000000e+06
1.441650000000000000e+06
5.208340000000000000e+05
1.628051000000000000e+06
1.192300000000000000e+04
1.519974000000000000e+06
1.647100000000000000e+06
5.673180000000000000e+05
4.770830000000000000e+05
1.494451000000000000e+06
1.820081000000000000e+06
3.841590000000000000e+05
1.528617000000000000e+06
4.019870000000000000e+05
1.302600000000000000e+05
6.722560000000000000e+05
1.561240000000000000e+06
1.365794000000000000e+06
1.496460000000000000e+05
1.673074000000000000e+06
2.520150000000000000e+05
1.270153000000000000e+06
2.099790000000000000e+05
6.590270000000000000e+05
3.738770000000000000e+05
1.467042000000000000e+06
6.001700000000000000e+05
9.337330000000000000e+05
1.399166000000000000e+06
4.814150000000000000e+05
5.592600000000000000e+05
1.629209000000000000e+06
1.768643000000000000e+06
1.323479000000000000e+06
7.466760000000000000e+05
1.648467000000000000e+06
1.735192000000000000e+06
1.574852000000000000e+06
1.754570000000000000e+06
1.754483000000000000e+06
1.224848000000000000e+06
1.634344000000000000e+06
1.393060000000000000e+05
5.719630000000000000e+05
5.857260000000000000e+05
1.588268000000000000e+06
1.829689000000000000e+06
1.723507000000000000e+06
4.747200000000000000e+05
1.146832000000000000e+06
3.147050000000000000e+05
1.412770000000000000e+05
1.620181000000000000e+06
1.663166000000000000e+06
1.474661000000000000e+06
3.053170000000000000e+05
1.086900000000000000e+06
1.277884000000000000e+06
6.370260000000000000e+05
