1.851184000000000000e+06
1.116159000000000000e+06
8.719020000000000000e+05
7.700680000000000000e+05
1.116008000000000000e+06
8.674670000000000000e+05
8.281720000000000000e+05
9.604470000000000000e+05
7.304320000000000000e+05
9.661230000000000000e+05
3.858220000000000000e+05
1.522907000000000000e+06
1.851397000000000000e+06
1.227907000000000000e+06
8.673370000000000000e+05
1.569874000000000000e+06
7.279580000000000000e+05
1.008570000000000000e+05
9.100570000000000000e+05
7.286090000000000000e+05
1.363897000000000000e+06
8.834020000000000000e+05
7.697970000000000000e+05
1.379354000000000000e+06
1.710231000000000000e+06
1.353103000000000000e+06
1.118060000000000000e+06
1.661726000000000000e+06
1.115574000000000000e+06
3.634870000000000000e+05
7.281790000000000000e+05
3.126250000000000000e+05
1.851134000000000000e+06
1.800265000000000000e+06
1.117820000000000000e+06
1.361695000000000000e+06
4.456060000000000000e+05
1.611441000000000000e+06
3.571400000000000000e+04
1.560975000000000000e+06
3.143620000000000000e+05
9.544230000000000000e+05
3.623430000000000000e+05
3.241170000000000000e+05
7.278720000000000000e+05
1.004650000000000000e+06
1.112194000000000000e+06
7.352610000000000000e+05
2.871230000000000000e+05
7.349470000000000000e+05
1.022839000000000000e+06
1.567684000000000000e+06
3.101540000000000000e+05
1.056997000000000000e+06
1.616046000000000000e+06
1.698503000000000000e+06
3.831150000000000000e+05
8.726550000000000000e+05
8.103150000000000000e+05
1.387385000000000000e+06
9.641940000000000000e+05
7.733720000000000000e+05
2.033110000000000000e+05
1.292956000000000000e+06
4.507460000000000000e+05
7.328880000000000000e+05
6.991430000000000000e+05
1.129752000000000000e+06
1.320548000000000000e+06
1.112634000000000000e+06
3.144050000000000000e+05
1.824778000000000000e+06
1.651179000000000000e+06
1.018231000000000000e+06
6.609200000000000000e+05
1.632094000000000000e+06
5.896860000000000000e+05
1.346546000000000000e+06
3.460790000000000000e+05
1.052362000000000000e+06
9.497290000000000000e+05
1.280359000000000000e+06
9.632030000000000000e+05
1.474818000000000000e+06
1.667090000000000000e+06
1.268313000000000000e+06
7.273690000000000000e+05
9.005110000000000000e+05
2.245490000000000000e+05
1.003874000000000000e+06
1.219478000000000000e+06
1.850751000000000000e+06
1.043968000000000000e+06
1.386180000000000000e+06
1.074451000000000000e+06
4.392660000000000000e+05
1.830894000000000000e+06
3.157960000000000000e+05
9.003820000000000000e+05
5.867670000000000000e+05
1.827843000000000000e+06
1.660734000000000000e+06
5.769950000000000000e+05
7.118900000000000000e+05
8.972010000000000000e+05
1.357470000000000000e+06
1.260270000000000000e+06
2.642020000000000000e+05
3.644510000000000000e+05
6.325080000000000000e+05
1.640515000000000000e+06
1.748218000000000000e+06
1.322606000000000000e+06
1.851273000000000000e+06
4.388840000000000000e+05
1.651261000000000000e+06
1.849618000000000000e+06
1.030932000000000000e+06
1.659657000000000000e+06
1.343561000000000000e+06
1.238705000000000000e+06
3.783850000000000000e+05
1.707475000000000000e+06
1.099015000000000000e+06
1.080942000000000000e+06
1.343083000000000000e+06
1.364268000000000000e+06
1.388164000000000000e+06
1.723790000000000000e+05
9.634130000000000000e+05
6.299980000000000000e+05
3.505110000000000000e+05
1.696934000000000000e+06
1.457927000000000000e+06
1.556200000000000000e+04
1.601246000000000000e+06
3.847930000000000000e+05
1.615244000000000000e+06
8.943970000000000000e+05
4.208110000000000000e+05
6.529100000000000000e+05
2.676710000000000000e+05
1.732552000000000000e+06
1.588230000000000000e+06
1.353102000000000000e+06
1.623729000000000000e+06
8.851630000000000000e+05
8.790900000000000000e+05
1.484711000000000000e+06
9.631980000000000000e+05
9.488960000000000000e+05
1.851235000000000000e+06
3.032790000000000000e+05
4.317460000000000000e+05
1.163433000000000000e+06
1.522401000000000000e+06
7.348220000000000000e+05
9.543830000000000000e+05
1.617098000000000000e+06
8.961230000000000000e+05
3.820170000000000000e+05
1.800138000000000000e+06
9.749660000000000000e+05
1.593878000000000000e+06
1.771292000000000000e+06
1.610036000000000000e+06
1.592370000000000000e+06
3.720700000000000000e+04
1.259854000000000000e+06
1.523264000000000000e+06
1.847876000000000000e+06
1.834124000000000000e+06
1.850034000000000000e+06
1.591016000000000000e+06
1.702545000000000000e+06
1.054490000000000000e+05
4.393330000000000000e+05
1.125004000000000000e+06
2.758080000000000000e+05
1.846034000000000000e+06
2.434510000000000000e+05
1.352303000000000000e+06
7.565130000000000000e+05
1.580762000000000000e+06
7.511460000000000000e+05
1.467457000000000000e+06
3.868840000000000000e+05
7.227100000000000000e+04
1.634040000000000000e+05
5.588420000000000000e+05
7.284010000000000000e+05
6.541360000000000000e+05
5.664740000000000000e+05
2.118620000000000000e+05
1.094031000000000000e+06
1.274333000000000000e+06
1.760972000000000000e+06
6.056530000000000000e+05
1.829700000000000000e+06
1.565561000000000000e+06
3.724800000000000000e+04
9.176280000000000000e+05
5.980990000000000000e+05
1.520915000000000000e+06
1.892000000000000000e+04
7.171170000000000000e+05
1.254458000000000000e+06
2.193240000000000000e+05
1.463074000000000000e+06
7.359880000000000000e+05
1.333193000000000000e+06
1.114301000000000000e+06
1.468993000000000000e+06
1.112305000000000000e+06
4.533500000000000000e+05
1.851352000000000000e+06
1.772694000000000000e+06
1.668992000000000000e+06
1.845976000000000000e+06
1.388172000000000000e+06
9.488970000000000000e+05
1.751018000000000000e+06
6.829500000000000000e+05
3.607250000000000000e+05
8.050100000000000000e+04
3.008110000000000000e+05
1.523112000000000000e+06
1.754700000000000000e+06
4.938710000000000000e+05
1.005034000000000000e+06
1.714533000000000000e+06
3.027140000000000000e+05
3.865270000000000000e+05
1.800352000000000000e+06
1.108714000000000000e+06
1.198210000000000000e+05
4.414400000000000000e+04
1.097380000000000000e+05
1.267060000000000000e+06
1.029973000000000000e+06
2.659100000000000000e+05
9.891560000000000000e+05
3.153070000000000000e+05
1.222164000000000000e+06
1.650870000000000000e+06
7.657100000000000000e+05
1.544231000000000000e+06
1.253417000000000000e+06
2.475900000000000000e+04
1.110927000000000000e+06
1.387183000000000000e+06
1.744935000000000000e+06
1.712717000000000000e+06
1.606161000000000000e+06
7.331410000000000000e+05
1.771921000000000000e+06
5.891720000000000000e+05
1.261351000000000000e+06
1.519135000000000000e+06
3.069110000000000000e+05
1.522082000000000000e+06
1.355350000000000000e+05
4.444610000000000000e+05
1.820658000000000000e+06
1.713275000000000000e+06
6.615950000000000000e+05
2.200270000000000000e+05
4.409430000000000000e+05
1.115530000000000000e+06
1.367700000000000000e+04
2.961600000000000000e+05
8.965850000000000000e+05
4.308200000000000000e+05
5.262820000000000000e+05
2.073420000000000000e+05
2.588320000000000000e+05
1.379800000000000000e+05
2.979860000000000000e+05
1.488298000000000000e+06
1.473974000000000000e+06
3.650030000000000000e+05
1.703949000000000000e+06
5.293180000000000000e+05
1.743540000000000000e+06
4.571100000000000000e+05
1.852465000000000000e+06
8.982620000000000000e+05
1.569111000000000000e+06
2.453270000000000000e+05
1.631761000000000000e+06
1.115182000000000000e+06
3.463240000000000000e+05
1.830176000000000000e+06
1.368841000000000000e+06
1.782877000000000000e+06
7.536790000000000000e+05
1.811396000000000000e+06
1.200258000000000000e+06
1.074280000000000000e+06
1.852422000000000000e+06
1.719700000000000000e+04
1.603654000000000000e+06
2.496260000000000000e+05
1.353108000000000000e+06
1.707206000000000000e+06
1.352650000000000000e+05
8.094240000000000000e+05
8.412070000000000000e+05
3.884360000000000000e+05
9.276020000000000000e+05
2.681690000000000000e+05
2.248640000000000000e+05
1.851651000000000000e+06
1.081409000000000000e+06
7.158400000000000000e+05
3.518800000000000000e+04
4.302920000000000000e+05
1.221824000000000000e+06
1.488393000000000000e+06
1.195460000000000000e+05
3.223870000000000000e+05
2.676120000000000000e+05
1.955310000000000000e+05
7.354460000000000000e+05
7.809980000000000000e+05
8.884530000000000000e+05
3.886560000000000000e+05
1.406720000000000000e+05
1.447800000000000000e+04
1.017169000000000000e+06
1.771913000000000000e+06
1.488313000000000000e+06
1.375986000000000000e+06
7.047000000000000000e+03
8.689930000000000000e+05
1.089796000000000000e+06
9.254720000000000000e+05
1.716429000000000000e+06
2.756530000000000000e+05
1.708761000000000000e+06
6.272900000000000000e+05
1.635035000000000000e+06
4.946960000000000000e+05
9.924870000000000000e+05
1.033772000000000000e+06
2.037800000000000000e+05
1.630359000000000000e+06
6.608380000000000000e+05
4.391280000000000000e+05
1.652222000000000000e+06
4.570200000000000000e+05
2.288000000000000000e+04
1.604635000000000000e+06
4.309830000000000000e+05
1.269827000000000000e+06
1.081132000000000000e+06
9.356510000000000000e+05
7.757900000000000000e+05
8.051890000000000000e+05
5.151800000000000000e+05
1.685899000000000000e+06
3.039660000000000000e+05
3.792840000000000000e+05
1.253098000000000000e+06
5.181400000000000000e+05
3.721980000000000000e+05
3.816600000000000000e+04
1.504133000000000000e+06
3.404040000000000000e+05
1.758896000000000000e+06
1.624844000000000000e+06
1.575840000000000000e+06
8.086080000000000000e+05
7.763200000000000000e+05
8.386980000000000000e+05
5.557400000000000000e+04
1.197304000000000000e+06
6.939590000000000000e+05
1.661560000000000000e+06
1.491386000000000000e+06
1.685876000000000000e+06
1.854549000000000000e+06
1.660807000000000000e+06
2.082620000000000000e+05
1.846267000000000000e+06
1.823854000000000000e+06
1.083028000000000000e+06
6.851760000000000000e+05
4.389230000000000000e+05
1.084589000000000000e+06
6.328900000000000000e+05
1.229120000000000000e+05
1.574914000000000000e+06
1.523036000000000000e+06
8.809570000000000000e+05
1.253612000000000000e+06
5.306940000000000000e+05
4.214910000000000000e+05
4.325420000000000000e+05
1.160724000000000000e+06
4.173500000000000000e+05
2.862530000000000000e+05
6.802590000000000000e+05
1.632470000000000000e+06
1.749638000000000000e+06
1.119933000000000000e+06
1.624530000000000000e+06
1.625387000000000000e+06
9.515600000000000000e+05
1.713463000000000000e+06
1.357042000000000000e+06
4.291050000000000000e+05
1.207220000000000000e+05
1.123630000000000000e+05
6.277040000000000000e+05
1.544937000000000000e+06
1.032327000000000000e+06
1.760321000000000000e+06
8.965040000000000000e+05
2.438820000000000000e+05
3.291490000000000000e+05
3.136020000000000000e+05
3.808180000000000000e+05
1.621538000000000000e+06
1.232374000000000000e+06
3.406080000000000000e+05
4.490100000000000000e+04
7.843200000000000000e+04
1.633507000000000000e+06
4.483450000000000000e+05
1.774870000000000000e+05
1.332030000000000000e+06
8.664360000000000000e+05
9.289380000000000000e+05
4.574500000000000000e+04
1.705740000000000000e+06
6.831100000000000000e+05
1.170782000000000000e+06
1.845761000000000000e+06
1.576625000000000000e+06
1.381583000000000000e+06
3.584850000000000000e+05
9.316910000000000000e+05
8.941490000000000000e+05
2.307600000000000000e+04
9.351500000000000000e+04
1.670802000000000000e+06
4.937250000000000000e+05
1.519910000000000000e+05
1.259606000000000000e+06
9.414170000000000000e+05
1.589827000000000000e+06
5.058600000000000000e+04
1.274828000000000000e+06
1.783141000000000000e+06
1.082309000000000000e+06
2.578860000000000000e+05
3.867130000000000000e+05
1.630583000000000000e+06
8.801500000000000000e+05
1.800814000000000000e+06
1.681828000000000000e+06
6.102400000000000000e+05
3.637980000000000000e+05
5.253200000000000000e+05
1.748632000000000000e+06
3.024100000000000000e+05
1.732632000000000000e+06
9.113780000000000000e+05
5.790800000000000000e+05
1.006105000000000000e+06
1.256440000000000000e+06
1.489347000000000000e+06
6.616640000000000000e+05
1.181432000000000000e+06
1.637550000000000000e+06
1.722237000000000000e+06
6.780040000000000000e+05
1.335345000000000000e+06
1.239118000000000000e+06
1.125329000000000000e+06
1.711584000000000000e+06
5.587810000000000000e+05
3.669430000000000000e+05
1.332180000000000000e+06
3.063970000000000000e+05
4.405920000000000000e+05
4.304980000000000000e+05
2.872380000000000000e+05
1.822665000000000000e+06
7.312700000000000000e+04
4.445570000000000000e+05
7.679050000000000000e+05
9.809030000000000000e+05
3.015780000000000000e+05
3.029190000000000000e+05
1.606930000000000000e+06
4.389080000000000000e+05
9.754450000000000000e+05
1.622116000000000000e+06
8.331690000000000000e+05
7.840070000000000000e+05
8.661050000000000000e+05
1.357870000000000000e+06
1.065527000000000000e+06
1.491300000000000000e+05
1.020830000000000000e+05
2.788860000000000000e+05
5.850670000000000000e+05
1.222550000000000000e+06
5.312060000000000000e+05
6.842480000000000000e+05
2.242330000000000000e+05
1.232170000000000000e+05
1.625552000000000000e+06
6.699840000000000000e+05
4.436380000000000000e+05
1.531898000000000000e+06
2.441700000000000000e+04
3.814390000000000000e+05
1.674335000000000000e+06
1.581341000000000000e+06
1.208448000000000000e+06
7.303400000000000000e+04
3.374460000000000000e+05
9.578200000000000000e+05
1.273924000000000000e+06
1.126493000000000000e+06
1.324469000000000000e+06
6.398800000000000000e+05
3.027060000000000000e+05
1.492375000000000000e+06
9.090060000000000000e+05
