1.777785000000000000e+06
1.389620000000000000e+06
1.640739000000000000e+06
2.930800000000000000e+04
1.759549000000000000e+06
1.341440000000000000e+05
1.728849000000000000e+06
5.049900000000000000e+05
6.771980000000000000e+05
3.787760000000000000e+05
1.073370000000000000e+05
7.206420000000000000e+05
1.443233000000000000e+06
2.652150000000000000e+05
6.983960000000000000e+05
7.046520000000000000e+05
1.329220000000000000e+05
5.685300000000000000e+04
9.685010000000000000e+05
1.410026000000000000e+06
1.234000000000000000e+04
6.780220000000000000e+05
1.639721000000000000e+06
8.966110000000000000e+05
1.401052000000000000e+06
2.992260000000000000e+05
1.794947000000000000e+06
1.806994000000000000e+06
1.560010000000000000e+05
9.714150000000000000e+05
8.086300000000000000e+04
1.711215000000000000e+06
5.056800000000000000e+05
1.279084000000000000e+06
1.352970000000000000e+05
7.060900000000000000e+05
3.123260000000000000e+05
9.232510000000000000e+05
1.781284000000000000e+06
3.658260000000000000e+05
2.304820000000000000e+05
1.593449000000000000e+06
1.777051000000000000e+06
1.617400000000000000e+04
7.000780000000000000e+05
2.001640000000000000e+05
1.837302000000000000e+06
1.666180000000000000e+05
8.980000000000000000e+05
1.795057000000000000e+06
4.205680000000000000e+05
2.986780000000000000e+05
1.121313000000000000e+06
8.521000000000000000e+03
1.278540000000000000e+05
1.047274000000000000e+06
1.291019000000000000e+06
1.786666000000000000e+06
1.642513000000000000e+06
3.005100000000000000e+04
2.610270000000000000e+05
8.819990000000000000e+05
4.723510000000000000e+05
1.343035000000000000e+06
1.282842000000000000e+06
1.352080000000000000e+05
8.746430000000000000e+05
1.594566000000000000e+06
1.222344000000000000e+06
4.103810000000000000e+05
3.431280000000000000e+05
1.789726000000000000e+06
6.902630000000000000e+05
1.060606000000000000e+06
3.306130000000000000e+05
2.332040000000000000e+05
1.396194000000000000e+06
6.558400000000000000e+04
1.417457000000000000e+06
2.503760000000000000e+05
3.404000000000000000e+03
6.919540000000000000e+05
1.215953000000000000e+06
1.758096000000000000e+06
1.795757000000000000e+06
1.735340000000000000e+06
8.995960000000000000e+05
2.255520000000000000e+05
5.069400000000000000e+05
1.845871000000000000e+06
9.307750000000000000e+05
1.656100000000000000e+06
