9.818600000000000000e+05
8.833550000000000000e+05
3.122220000000000000e+05
1.208608000000000000e+06
7.206420000000000000e+05
1.616140000000000000e+05
2.578110000000000000e+05
5.611780000000000000e+05
6.960560000000000000e+05
1.424208000000000000e+06
1.759549000000000000e+06
1.282842000000000000e+06
1.758109000000000000e+06
1.428998000000000000e+06
2.247980000000000000e+05
8.966110000000000000e+05
9.333780000000000000e+05
4.369610000000000000e+05
4.372080000000000000e+05
1.594566000000000000e+06
1.138252000000000000e+06
1.137529000000000000e+06
3.306180000000000000e+05
7.635090000000000000e+05
1.306191000000000000e+06
9.792440000000000000e+05
8.488140000000000000e+05
8.171270000000000000e+05
1.436632000000000000e+06
1.728849000000000000e+06
1.369805000000000000e+06
1.388633000000000000e+06
1.218607000000000000e+06
9.566530000000000000e+05
3.175740000000000000e+05
4.720690000000000000e+05
3.821810000000000000e+05
2.227880000000000000e+05
2.995350000000000000e+05
1.395989000000000000e+06
1.602936000000000000e+06
2.285650000000000000e+05
6.960210000000000000e+05
1.421424000000000000e+06
1.356765000000000000e+06
1.851991000000000000e+06
1.174950000000000000e+05
3.886200000000000000e+05
1.422454000000000000e+06
1.798046000000000000e+06
9.539190000000000000e+05
1.697926000000000000e+06
9.442970000000000000e+05
6.833760000000000000e+05
1.623700000000000000e+04
1.625400000000000000e+04
3.760400000000000000e+05
3.091690000000000000e+05
1.247445000000000000e+06
1.616320000000000000e+06
5.056800000000000000e+05
2.588110000000000000e+05
1.022789000000000000e+06
5.337330000000000000e+05
1.749013000000000000e+06
1.637550000000000000e+06
5.249830000000000000e+05
1.208456000000000000e+06
7.072680000000000000e+05
1.850250000000000000e+05
1.144809000000000000e+06
1.443148000000000000e+06
2.652150000000000000e+05
1.127494000000000000e+06
1.750562000000000000e+06
9.401480000000000000e+05
1.057711000000000000e+06
4.368260000000000000e+05
3.226110000000000000e+05
1.212824000000000000e+06
1.490784000000000000e+06
7.636070000000000000e+05
1.781284000000000000e+06
1.583169000000000000e+06
1.666180000000000000e+05
1.739343000000000000e+06
1.668567000000000000e+06
2.536980000000000000e+05
1.462601000000000000e+06
1.702170000000000000e+06
2.628600000000000000e+05
2.567130000000000000e+05
6.902580000000000000e+05
9.232510000000000000e+05
1.618153000000000000e+06
1.465062000000000000e+06
9.855000000000000000e+03
1.707556000000000000e+06
1.056844000000000000e+06
2.996760000000000000e+05
5.863560000000000000e+05
2.006970000000000000e+05
3.053870000000000000e+05
3.712110000000000000e+05
1.426289000000000000e+06
1.068100000000000000e+04
1.803824000000000000e+06
