1.851153000000000000e+06
1.227791000000000000e+06
8.674670000000000000e+05
1.116158000000000000e+06
8.254350000000000000e+05
7.750910000000000000e+05
7.303140000000000000e+05
8.717800000000000000e+05
1.851397000000000000e+06
6.533930000000000000e+05
1.623305000000000000e+06
1.851346000000000000e+06
3.853740000000000000e+05
9.546440000000000000e+05
9.626330000000000000e+05
3.571400000000000000e+04
7.391540000000000000e+05
1.851288000000000000e+06
8.726550000000000000e+05
2.256430000000000000e+05
1.849265000000000000e+06
8.671530000000000000e+05
1.364337000000000000e+06
1.387834000000000000e+06
1.360940000000000000e+06
1.116008000000000000e+06
7.344120000000000000e+05
3.143070000000000000e+05
1.522846000000000000e+06
1.852544000000000000e+06
1.850756000000000000e+06
1.225509000000000000e+06
7.279580000000000000e+05
1.569874000000000000e+06
1.850751000000000000e+06
8.859770000000000000e+05
7.287390000000000000e+05
1.851134000000000000e+06
7.281790000000000000e+05
4.398690000000000000e+05
8.280690000000000000e+05
7.875200000000000000e+05
1.116031000000000000e+06
1.226681000000000000e+06
1.379102000000000000e+06
3.423810000000000000e+05
1.357042000000000000e+06
6.530650000000000000e+05
1.352680000000000000e+05
9.663240000000000000e+05
1.710226000000000000e+06
3.241170000000000000e+05
7.286340000000000000e+05
1.823972000000000000e+06
9.546510000000000000e+05
3.148960000000000000e+05
7.297000000000000000e+05
1.850582000000000000e+06
1.851273000000000000e+06
8.889970000000000000e+05
1.364821000000000000e+06
8.815750000000000000e+05
1.227164000000000000e+06
1.650859000000000000e+06
7.356680000000000000e+05
7.270830000000000000e+05
8.804130000000000000e+05
9.619220000000000000e+05
6.537070000000000000e+05
1.388263000000000000e+06
8.661670000000000000e+05
4.389570000000000000e+05
8.790900000000000000e+05
1.679034000000000000e+06
1.013570000000000000e+05
7.846240000000000000e+05
8.157850000000000000e+05
8.642470000000000000e+05
1.387353000000000000e+06
1.229032000000000000e+06
9.824350000000000000e+05
7.416230000000000000e+05
1.851651000000000000e+06
1.846034000000000000e+06
1.360208000000000000e+06
1.228307000000000000e+06
1.225919000000000000e+06
1.846884000000000000e+06
1.254433000000000000e+06
3.809900000000000000e+05
3.831150000000000000e+05
1.622116000000000000e+06
8.978980000000000000e+05
1.591142000000000000e+06
1.845976000000000000e+06
1.017143000000000000e+06
9.100570000000000000e+05
1.475411000000000000e+06
1.838490000000000000e+06
1.631761000000000000e+06
1.848682000000000000e+06
9.057910000000000000e+05
9.486780000000000000e+05
1.112225000000000000e+06
1.783250000000000000e+06
2.890960000000000000e+05
1.387183000000000000e+06
7.288390000000000000e+05
8.942750000000000000e+05
8.895090000000000000e+05
9.350250000000000000e+05
1.364366000000000000e+06
1.833267000000000000e+06
7.439400000000000000e+05
1.275251000000000000e+06
1.824811000000000000e+06
1.278022000000000000e+06
1.359172000000000000e+06
1.607220000000000000e+06
1.605490000000000000e+06
1.849955000000000000e+06
1.391164000000000000e+06
1.852768000000000000e+06
3.155220000000000000e+05
1.715179000000000000e+06
1.383012000000000000e+06
7.264800000000000000e+05
5.462130000000000000e+05
1.397141000000000000e+06
1.225392000000000000e+06
1.115540000000000000e+06
1.732506000000000000e+06
1.115732000000000000e+06
1.226333000000000000e+06
8.945030000000000000e+05
1.315192000000000000e+06
1.229361000000000000e+06
1.822665000000000000e+06
5.435970000000000000e+05
1.227857000000000000e+06
9.545710000000000000e+05
1.624530000000000000e+06
9.754450000000000000e+05
7.327610000000000000e+05
1.624077000000000000e+06
1.414752000000000000e+06
1.162869000000000000e+06
8.881430000000000000e+05
1.606288000000000000e+06
8.961230000000000000e+05
1.019489000000000000e+06
7.675980000000000000e+05
1.575585000000000000e+06
6.026580000000000000e+05
1.522258000000000000e+06
3.124200000000000000e+05
1.845764000000000000e+06
1.270562000000000000e+06
8.449120000000000000e+05
8.122670000000000000e+05
7.288840000000000000e+05
8.962710000000000000e+05
8.302340000000000000e+05
7.798990000000000000e+05
1.093669000000000000e+06
7.297990000000000000e+05
3.140890000000000000e+05
1.379582000000000000e+06
2.036150000000000000e+05
9.274200000000000000e+05
7.392360000000000000e+05
9.905600000000000000e+05
1.839492000000000000e+06
6.897800000000000000e+04
1.457927000000000000e+06
1.558611000000000000e+06
7.325670000000000000e+05
1.715819000000000000e+06
1.850680000000000000e+06
6.569830000000000000e+05
9.574910000000000000e+05
9.809030000000000000e+05
1.227328000000000000e+06
8.715260000000000000e+05
1.558874000000000000e+06
1.273160000000000000e+05
9.989320000000000000e+05
3.128640000000000000e+05
1.578800000000000000e+04
1.771292000000000000e+06
1.231283000000000000e+06
9.663060000000000000e+05
1.844859000000000000e+06
6.593770000000000000e+05
7.527680000000000000e+05
1.758121000000000000e+06
3.226360000000000000e+05
1.129922000000000000e+06
1.829700000000000000e+06
6.317860000000000000e+05
9.493610000000000000e+05
3.191410000000000000e+05
6.536370000000000000e+05
1.121029000000000000e+06
1.390317000000000000e+06
5.114710000000000000e+05
7.348220000000000000e+05
1.845871000000000000e+06
1.365372000000000000e+06
1.434980000000000000e+06
1.005700000000000000e+06
1.240044000000000000e+06
9.359850000000000000e+05
5.364240000000000000e+05
3.879080000000000000e+05
9.733640000000000000e+05
6.333920000000000000e+05
6.590580000000000000e+05
1.709536000000000000e+06
1.379374000000000000e+06
1.352390000000000000e+05
7.847360000000000000e+05
8.294540000000000000e+05
7.355140000000000000e+05
8.694830000000000000e+05
3.455920000000000000e+05
1.253983000000000000e+06
6.568940000000000000e+05
1.274471000000000000e+06
3.879530000000000000e+05
9.005110000000000000e+05
3.865910000000000000e+05
1.717256000000000000e+06
8.846960000000000000e+05
1.109041000000000000e+06
8.306430000000000000e+05
7.985350000000000000e+05
1.281794000000000000e+06
1.566501000000000000e+06
6.040860000000000000e+05
1.003955000000000000e+06
1.450873000000000000e+06
1.848906000000000000e+06
1.454459000000000000e+06
1.112415000000000000e+06
8.809210000000000000e+05
1.568804000000000000e+06
1.851235000000000000e+06
1.221726000000000000e+06
3.138580000000000000e+05
1.243584000000000000e+06
6.521200000000000000e+05
1.840947000000000000e+06
6.189180000000000000e+05
1.624373000000000000e+06
1.385421000000000000e+06
1.221839000000000000e+06
1.225582000000000000e+06
1.024299000000000000e+06
1.714031000000000000e+06
1.278048000000000000e+06
3.866410000000000000e+05
7.242930000000000000e+05
8.965820000000000000e+05
1.233563000000000000e+06
1.790640000000000000e+06
1.835931000000000000e+06
2.241540000000000000e+05
1.353103000000000000e+06
8.646470000000000000e+05
1.103400000000000000e+06
6.566050000000000000e+05
7.399940000000000000e+05
1.098154000000000000e+06
7.368740000000000000e+05
1.278072000000000000e+06
1.118515000000000000e+06
1.123118000000000000e+06
3.157960000000000000e+05
9.454360000000000000e+05
1.832916000000000000e+06
9.289380000000000000e+05
8.492220000000000000e+05
8.045900000000000000e+05
7.739550000000000000e+05
9.514270000000000000e+05
9.891650000000000000e+05
7.629010000000000000e+05
3.820170000000000000e+05
9.361570000000000000e+05
9.552960000000000000e+05
1.225114000000000000e+06
2.248770000000000000e+05
1.228519000000000000e+06
7.704440000000000000e+05
8.957870000000000000e+05
3.716480000000000000e+05
1.714618000000000000e+06
1.566700000000000000e+04
8.944000000000000000e+05
1.022621000000000000e+06
3.628700000000000000e+04
6.398970000000000000e+05
3.792330000000000000e+05
1.252112000000000000e+06
8.981460000000000000e+05
9.364550000000000000e+05
1.632286000000000000e+06
1.353177000000000000e+06
1.743976000000000000e+06
1.624436000000000000e+06
3.212820000000000000e+05
1.851602000000000000e+06
4.393290000000000000e+05
9.993180000000000000e+05
9.543790000000000000e+05
3.115200000000000000e+05
7.266230000000000000e+05
1.340890000000000000e+05
2.195270000000000000e+05
1.849442000000000000e+06
1.030330000000000000e+06
1.832935000000000000e+06
1.028998000000000000e+06
1.167628000000000000e+06
7.351040000000000000e+05
3.729540000000000000e+05
6.410940000000000000e+05
1.782882000000000000e+06
2.345130000000000000e+05
3.147720000000000000e+05
1.276427000000000000e+06
1.095933000000000000e+06
6.513400000000000000e+05
1.826369000000000000e+06
1.111238000000000000e+06
7.659460000000000000e+05
1.736090000000000000e+05
1.174534000000000000e+06
6.525930000000000000e+05
1.091563000000000000e+06
9.992880000000000000e+05
7.339390000000000000e+05
1.007820000000000000e+05
1.205671000000000000e+06
2.906220000000000000e+05
4.418030000000000000e+05
1.830192000000000000e+06
1.245861000000000000e+06
1.719131000000000000e+06
6.629600000000000000e+05
2.474510000000000000e+05
7.565130000000000000e+05
1.227642000000000000e+06
1.773047000000000000e+06
1.017312000000000000e+06
6.921500000000000000e+05
1.417254000000000000e+06
1.424444000000000000e+06
1.522760000000000000e+06
1.851971000000000000e+06
1.722285000000000000e+06
1.206857000000000000e+06
9.544160000000000000e+05
1.681992000000000000e+06
6.399860000000000000e+05
1.177108000000000000e+06
1.392757000000000000e+06
1.622469000000000000e+06
1.253634000000000000e+06
3.066630000000000000e+05
2.979850000000000000e+05
1.565494000000000000e+06
1.225344000000000000e+06
1.118007000000000000e+06
1.249750000000000000e+06
1.054490000000000000e+05
7.260630000000000000e+05
1.386055000000000000e+06
4.320440000000000000e+05
1.528805000000000000e+06
1.831135000000000000e+06
1.715909000000000000e+06
2.311050000000000000e+05
1.078889000000000000e+06
9.763870000000000000e+05
3.720700000000000000e+04
1.453290000000000000e+06
7.357920000000000000e+05
9.679670000000000000e+05
1.458911000000000000e+06
1.114246000000000000e+06
1.828179000000000000e+06
1.389389000000000000e+06
1.824928000000000000e+06
1.342038000000000000e+06
2.236470000000000000e+05
1.464982000000000000e+06
1.820987000000000000e+06
8.980270000000000000e+05
9.090060000000000000e+05
1.005158000000000000e+06
5.394320000000000000e+05
3.071910000000000000e+05
8.796850000000000000e+05
1.521434000000000000e+06
3.176740000000000000e+05
1.359169000000000000e+06
6.338170000000000000e+05
1.843184000000000000e+06
3.576800000000000000e+04
8.966730000000000000e+05
6.822370000000000000e+05
3.578400000000000000e+04
1.836192000000000000e+06
1.457408000000000000e+06
3.837260000000000000e+05
9.243450000000000000e+05
1.813099000000000000e+06
1.476275000000000000e+06
1.093849000000000000e+06
1.387657000000000000e+06
8.984920000000000000e+05
6.095590000000000000e+05
1.287147000000000000e+06
1.482808000000000000e+06
1.852660000000000000e+06
1.039810000000000000e+05
2.104510000000000000e+05
3.874780000000000000e+05
1.565983000000000000e+06
2.112670000000000000e+05
1.829958000000000000e+06
1.823206000000000000e+06
2.193010000000000000e+05
1.519135000000000000e+06
1.365684000000000000e+06
7.015230000000000000e+05
9.993340000000000000e+05
3.142830000000000000e+05
3.504570000000000000e+05
1.229083000000000000e+06
1.249507000000000000e+06
1.840938000000000000e+06
7.574870000000000000e+05
1.732632000000000000e+06
1.469000000000000000e+04
1.848362000000000000e+06
1.383723000000000000e+06
4.741670000000000000e+05
1.512531000000000000e+06
7.275230000000000000e+05
9.522760000000000000e+05
1.018713000000000000e+06
1.365273000000000000e+06
2.107680000000000000e+05
1.135024000000000000e+06
7.576330000000000000e+05
1.832255000000000000e+06
5.127070000000000000e+05
1.146971000000000000e+06
4.956000000000000000e+05
1.591064000000000000e+06
1.522703000000000000e+06
1.839919000000000000e+06
1.718690000000000000e+05
1.851001000000000000e+06
1.482316000000000000e+06
1.070910000000000000e+05
1.840270000000000000e+06
1.826374000000000000e+06
1.853244000000000000e+06
1.198907000000000000e+06
1.642945000000000000e+06
1.519866000000000000e+06
8.936850000000000000e+05
7.197200000000000000e+05
1.230005000000000000e+06
1.118123000000000000e+06
3.224640000000000000e+05
1.716341000000000000e+06
1.625563000000000000e+06
1.595739000000000000e+06
9.874140000000000000e+05
1.709456000000000000e+06
1.380427000000000000e+06
1.418920000000000000e+06
1.123338000000000000e+06
9.343090000000000000e+05
1.266984000000000000e+06
1.565561000000000000e+06
9.244620000000000000e+05
5.385780000000000000e+05
1.853282000000000000e+06
1.383636000000000000e+06
3.884590000000000000e+05
1.077472000000000000e+06
7.269660000000000000e+05
1.584915000000000000e+06
9.357760000000000000e+05
1.102600000000000000e+06
1.182610000000000000e+05
9.578400000000000000e+05
5.283700000000000000e+05
1.680863000000000000e+06
1.576279000000000000e+06
1.130729000000000000e+06
9.312180000000000000e+05
3.396510000000000000e+05
1.653628000000000000e+06
2.991350000000000000e+05
1.744745000000000000e+06
1.254977000000000000e+06
1.714856000000000000e+06
1.362700000000000000e+05
1.230323000000000000e+06
1.848406000000000000e+06
3.049180000000000000e+05
3.141230000000000000e+05
1.397498000000000000e+06
1.282397000000000000e+06
1.125016000000000000e+06
1.292956000000000000e+06
1.188880000000000000e+06
1.380097000000000000e+06
1.364179000000000000e+06
2.859790000000000000e+05
1.821556000000000000e+06
1.745978000000000000e+06
1.592370000000000000e+06
1.354535000000000000e+06
8.364920000000000000e+05
1.506453000000000000e+06
8.993730000000000000e+05
1.450789000000000000e+06
3.413330000000000000e+05
1.160332000000000000e+06
1.242394000000000000e+06
4.392660000000000000e+05
5.741700000000000000e+04
1.588722000000000000e+06
1.853241000000000000e+06
1.606731000000000000e+06
7.357840000000000000e+05
7.209210000000000000e+05
1.388167000000000000e+06
1.995400000000000000e+05
7.278720000000000000e+05
1.716878000000000000e+06
8.067750000000000000e+05
7.735330000000000000e+05
1.762007000000000000e+06
1.110116000000000000e+06
1.822125000000000000e+06
9.163730000000000000e+05
1.711343000000000000e+06
1.829339000000000000e+06
1.567795000000000000e+06
1.833890000000000000e+06
1.052362000000000000e+06
1.232204000000000000e+06
5.896670000000000000e+05
1.388440000000000000e+06
1.834589000000000000e+06
1.482606000000000000e+06
1.479098000000000000e+06
1.226045000000000000e+06
1.369021000000000000e+06
1.124295000000000000e+06
1.096296000000000000e+06
3.877380000000000000e+05
1.850330000000000000e+05
6.609750000000000000e+05
1.522353000000000000e+06
1.625521000000000000e+06
9.488970000000000000e+05
1.848789000000000000e+06
1.128410000000000000e+05
1.225279000000000000e+06
7.219300000000000000e+05
8.980000000000000000e+05
1.855023000000000000e+06
1.155133000000000000e+06
4.446300000000000000e+05
5.327830000000000000e+05
1.620254000000000000e+06
1.821727000000000000e+06
7.203090000000000000e+05
3.471100000000000000e+04
9.626010000000000000e+05
1.451298000000000000e+06
1.795587000000000000e+06
9.260350000000000000e+05
1.451276000000000000e+06
1.620796000000000000e+06
1.342596000000000000e+06
1.381770000000000000e+06
7.207740000000000000e+05
1.710601000000000000e+06
1.624855000000000000e+06
1.017582000000000000e+06
1.774037000000000000e+06
1.632609000000000000e+06
1.323456000000000000e+06
1.623479000000000000e+06
1.845827000000000000e+06
6.292080000000000000e+05
1.136518000000000000e+06
3.444120000000000000e+05
1.235543000000000000e+06
4.136100000000000000e+04
1.350903000000000000e+06
1.263864000000000000e+06
2.453270000000000000e+05
1.820658000000000000e+06
2.013000000000000000e+04
3.453940000000000000e+05
1.160017000000000000e+06
1.323433000000000000e+06
1.119197000000000000e+06
1.521357000000000000e+06
1.114971000000000000e+06
3.543400000000000000e+04
1.020600000000000000e+04
1.350769000000000000e+06
3.901100000000000000e+05
8.014440000000000000e+05
1.782875000000000000e+06
1.564172000000000000e+06
1.242598000000000000e+06
1.852407000000000000e+06
1.624312000000000000e+06
1.230366000000000000e+06
1.700993000000000000e+06
1.103253000000000000e+06
4.744170000000000000e+05
5.292520000000000000e+05
1.358988000000000000e+06
1.546737000000000000e+06
4.842200000000000000e+04
1.254892000000000000e+06
3.666620000000000000e+05
1.156958000000000000e+06
6.945960000000000000e+05
2.136160000000000000e+05
8.980600000000000000e+05
3.884520000000000000e+05
1.296209000000000000e+06
4.467330000000000000e+05
9.840640000000000000e+05
1.357235000000000000e+06
1.568774000000000000e+06
1.783141000000000000e+06
1.592331000000000000e+06
1.139259000000000000e+06
4.418750000000000000e+05
3.718770000000000000e+05
1.096227000000000000e+06
8.946020000000000000e+05
1.448968000000000000e+06
3.952300000000000000e+04
1.625330000000000000e+06
1.229461000000000000e+06
1.189419000000000000e+06
6.188140000000000000e+05
1.356594000000000000e+06
1.371808000000000000e+06
1.198170000000000000e+05
1.369721000000000000e+06
9.559420000000000000e+05
1.588230000000000000e+06
7.076510000000000000e+05
1.836672000000000000e+06
1.397881000000000000e+06
3.699100000000000000e+04
7.118900000000000000e+05
2.254060000000000000e+05
1.828548000000000000e+06
1.242651000000000000e+06
1.397939000000000000e+06
4.308200000000000000e+05
1.729403000000000000e+06
9.176280000000000000e+05
2.729600000000000000e+04
1.127475000000000000e+06
1.708217000000000000e+06
1.260335000000000000e+06
1.848483000000000000e+06
6.380650000000000000e+05
1.388687000000000000e+06
1.393107000000000000e+06
1.147990000000000000e+06
9.497290000000000000e+05
7.150400000000000000e+05
1.165336000000000000e+06
1.852942000000000000e+06
3.344800000000000000e+04
1.607586000000000000e+06
1.731886000000000000e+06
1.240760000000000000e+06
9.185100000000000000e+04
8.066000000000000000e+04
3.058320000000000000e+05
1.010350000000000000e+06
9.268950000000000000e+05
1.292373000000000000e+06
1.476175000000000000e+06
1.226322000000000000e+06
3.816790000000000000e+05
1.473969000000000000e+06
1.609649000000000000e+06
7.326760000000000000e+05
1.113781000000000000e+06
1.744151000000000000e+06
1.745693000000000000e+06
2.518510000000000000e+05
5.226160000000000000e+05
1.839807000000000000e+06
6.928520000000000000e+05
1.834287000000000000e+06
1.852036000000000000e+06
1.820855000000000000e+06
1.748523000000000000e+06
1.382090000000000000e+05
1.634708000000000000e+06
4.385850000000000000e+05
1.350157000000000000e+06
1.066800000000000000e+05
5.355240000000000000e+05
1.752102000000000000e+06
1.525925000000000000e+06
1.356394000000000000e+06
7.397510000000000000e+05
5.703770000000000000e+05
1.125158000000000000e+06
1.394062000000000000e+06
1.778648000000000000e+06
3.585860000000000000e+05
5.307210000000000000e+05
9.230690000000000000e+05
1.464638000000000000e+06
1.379292000000000000e+06
3.163920000000000000e+05
1.019929000000000000e+06
1.194760000000000000e+05
2.132990000000000000e+05
1.561079000000000000e+06
9.168700000000000000e+04
1.355132000000000000e+06
5.869880000000000000e+05
1.853079000000000000e+06
3.030830000000000000e+05
1.625054000000000000e+06
1.826221000000000000e+06
9.424330000000000000e+05
5.905880000000000000e+05
1.600779000000000000e+06
1.325140000000000000e+05
1.073510000000000000e+05
3.153240000000000000e+05
1.063580000000000000e+06
3.420060000000000000e+05
1.728431000000000000e+06
1.223880000000000000e+05
1.488552000000000000e+06
1.825390000000000000e+06
1.566442000000000000e+06
7.223760000000000000e+05
3.515920000000000000e+05
1.847330000000000000e+06
1.846249000000000000e+06
1.268313000000000000e+06
1.734030000000000000e+05
1.011180000000000000e+05
5.254970000000000000e+05
9.167740000000000000e+05
1.730576000000000000e+06
1.852465000000000000e+06
2.872080000000000000e+05
1.250084000000000000e+06
4.379400000000000000e+05
1.264800000000000000e+05
5.527970000000000000e+05
5.123070000000000000e+05
6.192870000000000000e+05
5.067270000000000000e+05
1.370254000000000000e+06
1.711906000000000000e+06
9.160510000000000000e+05
9.551790000000000000e+05
1.831041000000000000e+06
1.712945000000000000e+06
1.770154000000000000e+06
5.004150000000000000e+05
1.676318000000000000e+06
1.386730000000000000e+06
1.651222000000000000e+06
5.014850000000000000e+05
1.234893000000000000e+06
3.739960000000000000e+05
1.101841000000000000e+06
2.204380000000000000e+05
1.840526000000000000e+06
1.463075000000000000e+06
1.628620000000000000e+06
1.259606000000000000e+06
1.487374000000000000e+06
7.257000000000000000e+05
1.728470000000000000e+05
3.901500000000000000e+05
1.293820000000000000e+05
1.094031000000000000e+06
1.276464000000000000e+06
1.844834000000000000e+06
7.384370000000000000e+05
1.716800000000000000e+06
1.361423000000000000e+06
1.307817000000000000e+06
1.267060000000000000e+06
1.785197000000000000e+06
4.399920000000000000e+05
9.381680000000000000e+05
3.502270000000000000e+05
1.571852000000000000e+06
6.132660000000000000e+05
5.493080000000000000e+05
1.219851000000000000e+06
1.710242000000000000e+06
1.830330000000000000e+06
1.801118000000000000e+06
1.645262000000000000e+06
1.715843000000000000e+06
1.622558000000000000e+06
3.863710000000000000e+05
3.889180000000000000e+05
1.744819000000000000e+06
1.038770000000000000e+05
1.476700000000000000e+04
5.651720000000000000e+05
1.288773000000000000e+06
1.580532000000000000e+06
1.228528000000000000e+06
7.608820000000000000e+05
1.584818000000000000e+06
1.713428000000000000e+06
1.126353000000000000e+06
1.198640000000000000e+06
1.816253000000000000e+06
6.296070000000000000e+05
3.835920000000000000e+05
1.068033000000000000e+06
1.378907000000000000e+06
1.442102000000000000e+06
2.888250000000000000e+05
1.567660000000000000e+06
1.463074000000000000e+06
9.586210000000000000e+05
1.106161000000000000e+06
1.838258000000000000e+06
5.129640000000000000e+05
1.806655000000000000e+06
1.727177000000000000e+06
1.760634000000000000e+06
1.166376000000000000e+06
8.906700000000000000e+04
6.830150000000000000e+05
1.315817000000000000e+06
1.152196000000000000e+06
1.345608000000000000e+06
3.878280000000000000e+05
1.630116000000000000e+06
1.348140000000000000e+05
1.514393000000000000e+06
1.841747000000000000e+06
1.659497000000000000e+06
1.454038000000000000e+06
1.828262000000000000e+06
1.113786000000000000e+06
6.536080000000000000e+05
1.714625000000000000e+06
3.481740000000000000e+05
4.982740000000000000e+05
2.171320000000000000e+05
6.584590000000000000e+05
1.097225000000000000e+06
3.388180000000000000e+05
2.267110000000000000e+05
2.193870000000000000e+05
1.822444000000000000e+06
1.845545000000000000e+06
1.852991000000000000e+06
6.802590000000000000e+05
1.296683000000000000e+06
1.511769000000000000e+06
1.607674000000000000e+06
3.459000000000000000e+05
7.188290000000000000e+05
1.720607000000000000e+06
1.848343000000000000e+06
1.111764000000000000e+06
1.266607000000000000e+06
1.084137000000000000e+06
8.983410000000000000e+05
1.080352000000000000e+06
1.238795000000000000e+06
1.219898000000000000e+06
1.125554000000000000e+06
1.275271000000000000e+06
1.809967000000000000e+06
5.200800000000000000e+05
2.132300000000000000e+05
1.855832000000000000e+06
9.003820000000000000e+05
5.040290000000000000e+05
9.707200000000000000e+05
1.784242000000000000e+06
5.756320000000000000e+05
3.863170000000000000e+05
1.557439000000000000e+06
1.094399000000000000e+06
1.237880000000000000e+05
1.833609000000000000e+06
9.436080000000000000e+05
1.594995000000000000e+06
1.574904000000000000e+06
1.162512000000000000e+06
1.043536000000000000e+06
1.607651000000000000e+06
9.914640000000000000e+05
1.260363000000000000e+06
3.173020000000000000e+05
1.254022000000000000e+06
1.162775000000000000e+06
1.163402000000000000e+06
1.386297000000000000e+06
2.073380000000000000e+05
2.946900000000000000e+05
1.369179000000000000e+06
1.468259000000000000e+06
3.750510000000000000e+05
1.369879000000000000e+06
9.523790000000000000e+05
1.379479000000000000e+06
1.846190000000000000e+06
1.534900000000000000e+05
6.181110000000000000e+05
6.468740000000000000e+05
4.304980000000000000e+05
1.653701000000000000e+06
9.539850000000000000e+05
4.396160000000000000e+05
1.827868000000000000e+06
9.920890000000000000e+05
1.832843000000000000e+06
3.154830000000000000e+05
6.135980000000000000e+05
7.643360000000000000e+05
1.404060000000000000e+06
1.276258000000000000e+06
1.463947000000000000e+06
2.406050000000000000e+05
1.128586000000000000e+06
1.288912000000000000e+06
5.817530000000000000e+05
1.001640000000000000e+06
1.456857000000000000e+06
1.180120000000000000e+05
1.710110000000000000e+05
1.568564000000000000e+06
3.776990000000000000e+05
6.371660000000000000e+05
1.654473000000000000e+06
7.135720000000000000e+05
1.649214000000000000e+06
5.809600000000000000e+05
3.778480000000000000e+05
1.786150000000000000e+05
1.446930000000000000e+05
5.385550000000000000e+05
1.279566000000000000e+06
1.264599000000000000e+06
1.554942000000000000e+06
1.587910000000000000e+06
1.461388000000000000e+06
1.763542000000000000e+06
1.387163000000000000e+06
1.412090000000000000e+05
1.114318000000000000e+06
1.825651000000000000e+06
1.518082000000000000e+06
7.192470000000000000e+05
1.430992000000000000e+06
9.522600000000000000e+05
1.356801000000000000e+06
3.449930000000000000e+05
1.751320000000000000e+06
6.766410000000000000e+05
1.082167000000000000e+06
8.995300000000000000e+04
1.582259000000000000e+06
7.371450000000000000e+05
1.264616000000000000e+06
1.442064000000000000e+06
1.314326000000000000e+06
2.023280000000000000e+05
1.789365000000000000e+06
9.300520000000000000e+05
1.779856000000000000e+06
4.058920000000000000e+05
1.225204000000000000e+06
4.630970000000000000e+05
6.055680000000000000e+05
3.027020000000000000e+05
1.659339000000000000e+06
2.052250000000000000e+05
1.821127000000000000e+06
1.714091000000000000e+06
1.706823000000000000e+06
1.067317000000000000e+06
1.004697000000000000e+06
1.622086000000000000e+06
1.584025000000000000e+06
1.761859000000000000e+06
1.805196000000000000e+06
1.363357000000000000e+06
3.730700000000000000e+05
1.276315000000000000e+06
1.359798000000000000e+06
1.386788000000000000e+06
1.032505000000000000e+06
1.428068000000000000e+06
6.717760000000000000e+05
1.509060000000000000e+06
5.160900000000000000e+04
9.316220000000000000e+05
1.208710000000000000e+05
6.607310000000000000e+05
3.232190000000000000e+05
1.853013000000000000e+06
6.360840000000000000e+05
1.161425000000000000e+06
9.853230000000000000e+05
1.279819000000000000e+06
1.447241000000000000e+06
1.830665000000000000e+06
6.730090000000000000e+05
1.475638000000000000e+06
1.224400000000000000e+06
3.231400000000000000e+05
1.054949000000000000e+06
1.406720000000000000e+05
1.625450000000000000e+06
3.854700000000000000e+04
6.912210000000000000e+05
3.723790000000000000e+05
1.575084000000000000e+06
3.245970000000000000e+05
1.446941000000000000e+06
1.225497000000000000e+06
1.080241000000000000e+06
1.837014000000000000e+06
2.441700000000000000e+04
1.744027000000000000e+06
7.546500000000000000e+05
1.603664000000000000e+06
1.821920000000000000e+05
9.309780000000000000e+05
1.088397000000000000e+06
5.151170000000000000e+05
1.274828000000000000e+06
5.213850000000000000e+05
1.574848000000000000e+06
9.284880000000000000e+05
1.713105000000000000e+06
1.827539000000000000e+06
1.843796000000000000e+06
7.262750000000000000e+05
5.726300000000000000e+05
1.561900000000000000e+06
1.633828000000000000e+06
3.382790000000000000e+05
1.311160000000000000e+05
1.849685000000000000e+06
1.370470000000000000e+05
7.306700000000000000e+05
1.415522000000000000e+06
1.002230000000000000e+05
1.206819000000000000e+06
6.538170000000000000e+05
5.385590000000000000e+05
1.603340000000000000e+06
5.248660000000000000e+05
7.267240000000000000e+05
9.306190000000000000e+05
1.743540000000000000e+06
1.613272000000000000e+06
1.836152000000000000e+06
9.630400000000000000e+05
1.374798000000000000e+06
1.712184000000000000e+06
2.240720000000000000e+05
1.621776000000000000e+06
1.383866000000000000e+06
1.714955000000000000e+06
5.397870000000000000e+05
1.366281000000000000e+06
1.080175000000000000e+06
1.840395000000000000e+06
1.354543000000000000e+06
1.058380000000000000e+06
1.144944000000000000e+06
1.457994000000000000e+06
1.460006000000000000e+06
1.613202000000000000e+06
7.201020000000000000e+05
9.514070000000000000e+05
1.163750000000000000e+06
9.372780000000000000e+05
1.224467000000000000e+06
1.461718000000000000e+06
4.771570000000000000e+05
1.150130000000000000e+05
1.836133000000000000e+06
1.381750000000000000e+05
1.603351000000000000e+06
2.255790000000000000e+05
9.033980000000000000e+05
1.279147000000000000e+06
1.729397000000000000e+06
1.473981000000000000e+06
1.637202000000000000e+06
1.315750000000000000e+05
1.384359000000000000e+06
1.825076000000000000e+06
1.751294000000000000e+06
1.167800000000000000e+06
1.815097000000000000e+06
1.333060000000000000e+05
1.492488000000000000e+06
5.133900000000000000e+05
1.231095000000000000e+06
1.848410000000000000e+06
1.604632000000000000e+06
1.633441000000000000e+06
1.365101000000000000e+06
1.207511000000000000e+06
1.107078000000000000e+06
1.589750000000000000e+06
3.642350000000000000e+05
1.569573000000000000e+06
1.847935000000000000e+06
1.275860000000000000e+06
1.746716000000000000e+06
1.388137000000000000e+06
1.613855000000000000e+06
1.602146000000000000e+06
1.842928000000000000e+06
2.475250000000000000e+05
9.647390000000000000e+05
1.729601000000000000e+06
1.622259000000000000e+06
5.003600000000000000e+04
1.145900000000000000e+04
1.372030000000000000e+06
1.711107000000000000e+06
1.095305000000000000e+06
1.380655000000000000e+06
9.541470000000000000e+05
3.755790000000000000e+05
4.787930000000000000e+05
7.201550000000000000e+05
1.366842000000000000e+06
1.008450000000000000e+05
1.084021000000000000e+06
1.629260000000000000e+06
1.336910000000000000e+06
9.916210000000000000e+05
1.769569000000000000e+06
1.121895000000000000e+06
1.607729000000000000e+06
5.063680000000000000e+05
4.745460000000000000e+05
5.693750000000000000e+05
1.792208000000000000e+06
6.120490000000000000e+05
4.565110000000000000e+05
1.102916000000000000e+06
1.653385000000000000e+06
1.735110000000000000e+05
1.108053000000000000e+06
6.117140000000000000e+05
7.149300000000000000e+05
1.594571000000000000e+06
2.132470000000000000e+05
1.275228000000000000e+06
1.628344000000000000e+06
1.364958000000000000e+06
1.784890000000000000e+05
1.099281000000000000e+06
1.571540000000000000e+06
6.849500000000000000e+04
1.271710000000000000e+05
4.313110000000000000e+05
6.692380000000000000e+05
1.298208000000000000e+06
1.379410000000000000e+05
4.998970000000000000e+05
1.137142000000000000e+06
6.376890000000000000e+05
1.274120000000000000e+05
3.869800000000000000e+05
1.718486000000000000e+06
1.004013000000000000e+06
1.493136000000000000e+06
1.414657000000000000e+06
1.631925000000000000e+06
1.632098000000000000e+06
5.073700000000000000e+05
6.829870000000000000e+05
4.669110000000000000e+05
9.279410000000000000e+05
6.553960000000000000e+05
6.571500000000000000e+05
1.216952000000000000e+06
1.625387000000000000e+06
2.276050000000000000e+05
9.314010000000000000e+05
9.302110000000000000e+05
1.565885000000000000e+06
1.573671000000000000e+06
1.163219000000000000e+06
1.352303000000000000e+06
1.357551000000000000e+06
9.673810000000000000e+05
7.194680000000000000e+05
2.357690000000000000e+05
7.048010000000000000e+05
4.994460000000000000e+05
1.383550000000000000e+06
6.730130000000000000e+05
1.240444000000000000e+06
8.864080000000000000e+05
3.283340000000000000e+05
4.477230000000000000e+05
1.824734000000000000e+06
1.252324000000000000e+06
6.370410000000000000e+05
1.297718000000000000e+06
1.835694000000000000e+06
1.094989000000000000e+06
1.553080000000000000e+06
4.743910000000000000e+05
1.437351000000000000e+06
1.782985000000000000e+06
6.970350000000000000e+05
1.761317000000000000e+06
1.581432000000000000e+06
1.222127000000000000e+06
1.179859000000000000e+06
9.359160000000000000e+05
1.846094000000000000e+06
8.141010000000000000e+05
7.758540000000000000e+05
8.563870000000000000e+05
1.808471000000000000e+06
3.374460000000000000e+05
1.705373000000000000e+06
1.728879000000000000e+06
1.275215000000000000e+06
1.714482000000000000e+06
6.171120000000000000e+05
1.085022000000000000e+06
1.381054000000000000e+06
7.359430000000000000e+05
4.360700000000000000e+04
4.215060000000000000e+05
1.018414000000000000e+06
5.300720000000000000e+05
5.649330000000000000e+05
1.656897000000000000e+06
1.948150000000000000e+05
1.717857000000000000e+06
1.780157000000000000e+06
4.506070000000000000e+05
8.026700000000000000e+04
1.454005000000000000e+06
6.584070000000000000e+05
1.602427000000000000e+06
2.546660000000000000e+05
1.233547000000000000e+06
4.241060000000000000e+05
1.380253000000000000e+06
7.830090000000000000e+05
8.132500000000000000e+05
8.438840000000000000e+05
1.101317000000000000e+06
3.796640000000000000e+05
4.385520000000000000e+05
1.673079000000000000e+06
2.645160000000000000e+05
7.462640000000000000e+05
1.631292000000000000e+06
1.659657000000000000e+06
5.474650000000000000e+05
3.036310000000000000e+05
2.128310000000000000e+05
1.630243000000000000e+06
1.096790000000000000e+06
1.856052000000000000e+06
8.160730000000000000e+05
5.805440000000000000e+05
1.024212000000000000e+06
1.227652000000000000e+06
1.744427000000000000e+06
2.023500000000000000e+04
7.265300000000000000e+05
1.174510000000000000e+05
1.660133000000000000e+06
1.694662000000000000e+06
1.232531000000000000e+06
7.203080000000000000e+05
3.588930000000000000e+05
3.550400000000000000e+04
6.610970000000000000e+05
1.316048000000000000e+06
9.526840000000000000e+05
1.570171000000000000e+06
1.771804000000000000e+06
1.391866000000000000e+06
7.566510000000000000e+05
2.574550000000000000e+05
1.655494000000000000e+06
9.636230000000000000e+05
1.487216000000000000e+06
1.624786000000000000e+06
3.884250000000000000e+05
9.009800000000000000e+04
3.416660000000000000e+05
9.239810000000000000e+05
1.635030000000000000e+06
1.297489000000000000e+06
5.739450000000000000e+05
1.150508000000000000e+06
1.253417000000000000e+06
1.321019000000000000e+06
3.232240000000000000e+05
6.937330000000000000e+05
5.720600000000000000e+04
1.606702000000000000e+06
1.412608000000000000e+06
1.025277000000000000e+06
5.302440000000000000e+05
1.272033000000000000e+06
1.225979000000000000e+06
1.369238000000000000e+06
6.363530000000000000e+05
1.445014000000000000e+06
3.546280000000000000e+05
1.253472000000000000e+06
3.756680000000000000e+05
1.615594000000000000e+06
1.378800000000000000e+06
5.151800000000000000e+05
1.282325000000000000e+06
3.137260000000000000e+05
7.068220000000000000e+05
1.494977000000000000e+06
2.245170000000000000e+05
3.652800000000000000e+05
1.238676000000000000e+06
5.013540000000000000e+05
9.151350000000000000e+05
1.831252000000000000e+06
5.684230000000000000e+05
1.265135000000000000e+06
7.346970000000000000e+05
1.827177000000000000e+06
1.342720000000000000e+06
3.225320000000000000e+05
1.828732000000000000e+06
5.126460000000000000e+05
9.829600000000000000e+04
2.190300000000000000e+05
1.173161000000000000e+06
1.012359000000000000e+06
1.455649000000000000e+06
1.643372000000000000e+06
2.200270000000000000e+05
1.853228000000000000e+06
1.708269000000000000e+06
1.245911000000000000e+06
9.306300000000000000e+05
2.376800000000000000e+05
5.896610000000000000e+05
1.616200000000000000e+05
6.535280000000000000e+05
1.315270000000000000e+05
1.223160000000000000e+05
1.520518000000000000e+06
2.041900000000000000e+04
1.111836000000000000e+06
2.797670000000000000e+05
1.684083000000000000e+06
3.780800000000000000e+04
1.856618000000000000e+06
1.252300000000000000e+05
1.798030000000000000e+05
1.540119000000000000e+06
2.407930000000000000e+05
2.389340000000000000e+05
1.436224000000000000e+06
8.973690000000000000e+05
1.591289000000000000e+06
9.265500000000000000e+04
1.830176000000000000e+06
1.524483000000000000e+06
8.727770000000000000e+05
1.677508000000000000e+06
1.782334000000000000e+06
4.105270000000000000e+05
1.836277000000000000e+06
1.596075000000000000e+06
1.732283000000000000e+06
1.384713000000000000e+06
1.451053000000000000e+06
1.462599000000000000e+06
9.014850000000000000e+05
1.084741000000000000e+06
1.450831000000000000e+06
5.053130000000000000e+05
1.814602000000000000e+06
5.871680000000000000e+05
2.444340000000000000e+05
1.347020000000000000e+05
1.638413000000000000e+06
1.522700000000000000e+06
1.349711000000000000e+06
1.134027000000000000e+06
4.149740000000000000e+05
1.150674000000000000e+06
3.660790000000000000e+05
1.365582000000000000e+06
7.035080000000000000e+05
1.825980000000000000e+06
1.749529000000000000e+06
7.245480000000000000e+05
9.372340000000000000e+05
1.633715000000000000e+06
1.591002000000000000e+06
2.026230000000000000e+05
1.353690000000000000e+05
2.886770000000000000e+05
9.166460000000000000e+05
1.713787000000000000e+06
1.743354000000000000e+06
3.034430000000000000e+05
5.196350000000000000e+05
7.268600000000000000e+04
1.023602000000000000e+06
1.274333000000000000e+06
1.625092000000000000e+06
3.075240000000000000e+05
1.492651000000000000e+06
1.126491000000000000e+06
1.063363000000000000e+06
6.370540000000000000e+05
1.592589000000000000e+06
1.478200000000000000e+04
4.400350000000000000e+05
5.796530000000000000e+05
1.346575000000000000e+06
1.747200000000000000e+05
1.620284000000000000e+06
2.527190000000000000e+05
1.273880000000000000e+05
1.362589000000000000e+06
1.396172000000000000e+06
1.752334000000000000e+06
8.296800000000000000e+04
3.165660000000000000e+05
1.960830000000000000e+05
1.118200000000000000e+05
3.137370000000000000e+05
1.278396000000000000e+06
3.862840000000000000e+05
1.359444000000000000e+06
3.042850000000000000e+05
1.490527000000000000e+06
9.254720000000000000e+05
1.422210000000000000e+05
1.650870000000000000e+06
3.128380000000000000e+05
4.719540000000000000e+05
1.559010000000000000e+06
1.783054000000000000e+06
1.520561000000000000e+06
1.572361000000000000e+06
3.202830000000000000e+05
2.238870000000000000e+05
1.353396000000000000e+06
1.742293000000000000e+06
1.248010000000000000e+06
1.235098000000000000e+06
3.328190000000000000e+05
1.095167000000000000e+06
1.813817000000000000e+06
1.497356000000000000e+06
1.547742000000000000e+06
3.065850000000000000e+05
1.574091000000000000e+06
1.722288000000000000e+06
1.086900000000000000e+06
8.817770000000000000e+05
7.843200000000000000e+04
1.625459000000000000e+06
1.078984000000000000e+06
5.140540000000000000e+05
1.718480000000000000e+05
1.813722000000000000e+06
7.043370000000000000e+05
1.711014000000000000e+06
1.673936000000000000e+06
1.430552000000000000e+06
3.129600000000000000e+05
1.147595000000000000e+06
1.752316000000000000e+06
5.574090000000000000e+05
2.246600000000000000e+05
1.469955000000000000e+06
1.524030000000000000e+05
5.073130000000000000e+05
4.512460000000000000e+05
5.891810000000000000e+05
1.633543000000000000e+06
1.590180000000000000e+05
1.383206000000000000e+06
1.463138000000000000e+06
1.232201000000000000e+06
6.695900000000000000e+05
1.829441000000000000e+06
1.668479000000000000e+06
1.345550000000000000e+06
1.153107000000000000e+06
1.415332000000000000e+06
3.214260000000000000e+05
7.071440000000000000e+05
1.520290000000000000e+06
1.323173000000000000e+06
7.263950000000000000e+05
3.568780000000000000e+05
3.790580000000000000e+05
7.259770000000000000e+05
2.105590000000000000e+05
6.475720000000000000e+05
1.816180000000000000e+05
1.831523000000000000e+06
4.397860000000000000e+05
1.024514000000000000e+06
1.601246000000000000e+06
1.416601000000000000e+06
9.543830000000000000e+05
1.832326000000000000e+06
1.030015000000000000e+06
6.730540000000000000e+05
1.504275000000000000e+06
2.243570000000000000e+05
9.910170000000000000e+05
4.607420000000000000e+05
1.081333000000000000e+06
1.283950000000000000e+06
3.242910000000000000e+05
6.307690000000000000e+05
9.699180000000000000e+05
6.912900000000000000e+04
1.378090000000000000e+06
1.279738000000000000e+06
1.476451000000000000e+06
7.288370000000000000e+05
1.658113000000000000e+06
1.484999000000000000e+06
2.179820000000000000e+05
1.853345000000000000e+06
2.474450000000000000e+05
1.102489000000000000e+06
1.207952000000000000e+06
1.528705000000000000e+06
1.255183000000000000e+06
7.449100000000000000e+05
1.314189000000000000e+06
1.241616000000000000e+06
1.717094000000000000e+06
1.226502000000000000e+06
1.825865000000000000e+06
1.359963000000000000e+06
1.651831000000000000e+06
3.229620000000000000e+05
3.032680000000000000e+05
3.032790000000000000e+05
1.276443000000000000e+06
1.356364000000000000e+06
1.321128000000000000e+06
1.270153000000000000e+06
1.225185000000000000e+06
1.825271000000000000e+06
1.578658000000000000e+06
2.073730000000000000e+05
1.152461000000000000e+06
6.525700000000000000e+05
1.260663000000000000e+06
1.371787000000000000e+06
4.762430000000000000e+05
1.466983000000000000e+06
1.345860000000000000e+06
3.265270000000000000e+05
1.634105000000000000e+06
3.362870000000000000e+05
5.084280000000000000e+05
1.774690000000000000e+06
1.356133000000000000e+06
1.028658000000000000e+06
1.283275000000000000e+06
2.520150000000000000e+05
6.176980000000000000e+05
1.478887000000000000e+06
3.717720000000000000e+05
1.708794000000000000e+06
4.052360000000000000e+05
1.285062000000000000e+06
5.392630000000000000e+05
5.702630000000000000e+05
1.158224000000000000e+06
7.210880000000000000e+05
1.354870000000000000e+05
9.407230000000000000e+05
2.953710000000000000e+05
1.845761000000000000e+06
1.390550000000000000e+06
3.019960000000000000e+05
1.783280000000000000e+06
1.843060000000000000e+05
7.641740000000000000e+05
1.569469000000000000e+06
1.823854000000000000e+06
1.386001000000000000e+06
6.792130000000000000e+05
1.758627000000000000e+06
4.283240000000000000e+05
1.709880000000000000e+06
1.076262000000000000e+06
5.179110000000000000e+05
1.230524000000000000e+06
1.195410000000000000e+05
7.434160000000000000e+05
1.257660000000000000e+06
1.628943000000000000e+06
3.261500000000000000e+04
1.379900000000000000e+06
9.396180000000000000e+05
1.331919000000000000e+06
1.657508000000000000e+06
1.370333000000000000e+06
1.667002000000000000e+06
1.415473000000000000e+06
1.473137000000000000e+06
7.490370000000000000e+05
1.754175000000000000e+06
6.847320000000000000e+05
1.582699000000000000e+06
1.688828000000000000e+06
1.760742000000000000e+06
3.299410000000000000e+05
4.410830000000000000e+05
6.170340000000000000e+05
1.320068000000000000e+06
1.342986000000000000e+06
1.276436000000000000e+06
6.366610000000000000e+05
1.540413000000000000e+06
1.244262000000000000e+06
1.828272000000000000e+06
1.599973000000000000e+06
3.288830000000000000e+05
8.966130000000000000e+05
3.185320000000000000e+05
1.259149000000000000e+06
7.011760000000000000e+05
1.372720000000000000e+06
1.716451000000000000e+06
1.706376000000000000e+06
1.397135000000000000e+06
5.512190000000000000e+05
1.584018000000000000e+06
6.151110000000000000e+05
1.575178000000000000e+06
1.847292000000000000e+06
1.606930000000000000e+06
5.617050000000000000e+05
5.053660000000000000e+05
1.366427000000000000e+06
1.593437000000000000e+06
1.556096000000000000e+06
1.022010000000000000e+05
1.529252000000000000e+06
7.155480000000000000e+05
1.116669000000000000e+06
9.542630000000000000e+05
3.180990000000000000e+05
6.642780000000000000e+05
3.114540000000000000e+05
1.812755000000000000e+06
1.824584000000000000e+06
1.709310000000000000e+05
3.593800000000000000e+05
9.044720000000000000e+05
1.540188000000000000e+06
8.852540000000000000e+05
1.732410000000000000e+06
1.565444000000000000e+06
1.236120000000000000e+05
1.054460000000000000e+05
1.758030000000000000e+06
1.565042000000000000e+06
1.253441000000000000e+06
1.298059000000000000e+06
3.687700000000000000e+04
3.418300000000000000e+04
1.198423000000000000e+06
1.590583000000000000e+06
1.834770000000000000e+06
1.570148000000000000e+06
9.268820000000000000e+05
7.213110000000000000e+05
1.248675000000000000e+06
1.251605000000000000e+06
3.495730000000000000e+05
1.569868000000000000e+06
1.557952000000000000e+06
7.268230000000000000e+05
1.475940000000000000e+05
1.639022000000000000e+06
7.605450000000000000e+05
3.568270000000000000e+05
1.004130000000000000e+06
4.835870000000000000e+05
4.702700000000000000e+05
9.023180000000000000e+05
1.418299000000000000e+06
1.359930000000000000e+05
4.483450000000000000e+05
8.208320000000000000e+05
7.792190000000000000e+05
3.876590000000000000e+05
1.414793000000000000e+06
6.402930000000000000e+05
1.419262000000000000e+06
6.196290000000000000e+05
1.285220000000000000e+06
1.770436000000000000e+06
1.945100000000000000e+05
1.230947000000000000e+06
1.311311000000000000e+06
1.527531000000000000e+06
2.860980000000000000e+05
9.017300000000000000e+04
1.098772000000000000e+06
1.462449000000000000e+06
1.094372000000000000e+06
1.332431000000000000e+06
1.419245000000000000e+06
1.546011000000000000e+06
1.082703000000000000e+06
1.073570000000000000e+06
2.291130000000000000e+05
2.578860000000000000e+05
3.108000000000000000e+04
1.313706000000000000e+06
7.359580000000000000e+05
4.724400000000000000e+04
1.845982000000000000e+06
1.620457000000000000e+06
1.702800000000000000e+05
5.992750000000000000e+05
3.400080000000000000e+05
4.420820000000000000e+05
9.279220000000000000e+05
1.512231000000000000e+06
1.066250000000000000e+06
1.458548000000000000e+06
5.824170000000000000e+05
4.442810000000000000e+05
1.316436000000000000e+06
9.383690000000000000e+05
1.237267000000000000e+06
1.643769000000000000e+06
3.856600000000000000e+05
1.131565000000000000e+06
1.568787000000000000e+06
1.379390000000000000e+06
1.226110000000000000e+06
3.570200000000000000e+04
7.197610000000000000e+05
5.620970000000000000e+05
3.100620000000000000e+05
1.617996000000000000e+06
1.603324000000000000e+06
1.770857000000000000e+06
1.458578000000000000e+06
1.856442000000000000e+06
1.651576000000000000e+06
1.519974000000000000e+06
1.676679000000000000e+06
7.124910000000000000e+05
3.039660000000000000e+05
1.719040000000000000e+05
1.394739000000000000e+06
1.779357000000000000e+06
4.572300000000000000e+04
7.571290000000000000e+05
4.588350000000000000e+05
1.184500000000000000e+04
3.449330000000000000e+05
1.681865000000000000e+06
1.809565000000000000e+06
1.347299000000000000e+06
5.464860000000000000e+05
4.422590000000000000e+05
6.594800000000000000e+05
1.337770000000000000e+05
1.337924000000000000e+06
1.058900000000000000e+06
1.523820000000000000e+06
3.590270000000000000e+05
1.712503000000000000e+06
1.305532000000000000e+06
3.154140000000000000e+05
1.322350000000000000e+06
2.308020000000000000e+05
5.204090000000000000e+05
1.771176000000000000e+06
6.609200000000000000e+05
5.054260000000000000e+05
1.495287000000000000e+06
1.618674000000000000e+06
1.474721000000000000e+06
1.130562000000000000e+06
4.030040000000000000e+05
1.238122000000000000e+06
6.590290000000000000e+05
7.374780000000000000e+05
1.828610000000000000e+06
1.779347000000000000e+06
2.038800000000000000e+05
1.316656000000000000e+06
1.015564000000000000e+06
1.830549000000000000e+06
2.145690000000000000e+05
2.463560000000000000e+05
1.091840000000000000e+06
1.059582000000000000e+06
5.556800000000000000e+05
7.187750000000000000e+05
1.944180000000000000e+05
1.850741000000000000e+06
1.394460000000000000e+06
8.945940000000000000e+05
1.083807000000000000e+06
3.150380000000000000e+05
1.352971000000000000e+06
1.224640000000000000e+06
5.102560000000000000e+05
7.244550000000000000e+05
1.225091000000000000e+06
1.260366000000000000e+06
4.784900000000000000e+04
1.756021000000000000e+06
1.413908000000000000e+06
1.712659000000000000e+06
1.738950000000000000e+05
3.815400000000000000e+04
1.817303000000000000e+06
5.723280000000000000e+05
1.343576000000000000e+06
6.373280000000000000e+05
6.830730000000000000e+05
1.055230000000000000e+05
1.160685000000000000e+06
2.894460000000000000e+05
1.679498000000000000e+06
1.356226000000000000e+06
5.293510000000000000e+05
1.276559000000000000e+06
1.632056000000000000e+06
1.118677000000000000e+06
4.316920000000000000e+05
1.631857000000000000e+06
1.702162000000000000e+06
1.333964000000000000e+06
1.811320000000000000e+05
1.102966000000000000e+06
3.650030000000000000e+05
5.063220000000000000e+05
1.424510000000000000e+05
1.393169000000000000e+06
1.654664000000000000e+06
1.658030000000000000e+06
1.678978000000000000e+06
6.941880000000000000e+05
1.205070000000000000e+05
1.648210000000000000e+05
5.399730000000000000e+05
6.838110000000000000e+05
3.791330000000000000e+05
8.928630000000000000e+05
3.406090000000000000e+05
1.957200000000000000e+05
1.531507000000000000e+06
1.820468000000000000e+06
7.257900000000000000e+04
1.721832000000000000e+06
1.823577000000000000e+06
1.164748000000000000e+06
4.018500000000000000e+05
1.007635000000000000e+06
1.949520000000000000e+05
1.673138000000000000e+06
2.348350000000000000e+05
1.569857000000000000e+06
1.635913000000000000e+06
1.474617000000000000e+06
1.711278000000000000e+06
1.196209000000000000e+06
6.510090000000000000e+05
1.241966000000000000e+06
4.239740000000000000e+05
6.793640000000000000e+05
1.531731000000000000e+06
1.332006000000000000e+06
1.707066000000000000e+06
1.219008000000000000e+06
1.819826000000000000e+06
1.539709000000000000e+06
5.660620000000000000e+05
4.583330000000000000e+05
5.709310000000000000e+05
2.965590000000000000e+05
4.563390000000000000e+05
1.319229000000000000e+06
9.163610000000000000e+05
1.813120000000000000e+05
1.192651000000000000e+06
2.331830000000000000e+05
5.294130000000000000e+05
1.230764000000000000e+06
4.527950000000000000e+05
4.779630000000000000e+05
1.850699000000000000e+06
5.135490000000000000e+05
1.378542000000000000e+06
3.781470000000000000e+05
1.826425000000000000e+06
1.621986000000000000e+06
9.402100000000000000e+04
1.427730000000000000e+05
1.664084000000000000e+06
9.509500000000000000e+05
1.847616000000000000e+06
1.322195000000000000e+06
1.219261000000000000e+06
8.213700000000000000e+04
5.486590000000000000e+05
1.851091000000000000e+06
3.836700000000000000e+04
5.591500000000000000e+04
3.005550000000000000e+05
7.796730000000000000e+05
1.116319000000000000e+06
3.516760000000000000e+05
1.322763000000000000e+06
1.839826000000000000e+06
1.306223000000000000e+06
1.349761000000000000e+06
1.437651000000000000e+06
1.522719000000000000e+06
7.083310000000000000e+05
1.142426000000000000e+06
4.355310000000000000e+05
1.313313000000000000e+06
4.520160000000000000e+05
1.825625000000000000e+06
1.382966000000000000e+06
1.763268000000000000e+06
2.186640000000000000e+05
1.261019000000000000e+06
1.305300000000000000e+05
1.759695000000000000e+06
1.519812000000000000e+06
1.620705000000000000e+06
3.949240000000000000e+05
1.762698000000000000e+06
1.413596000000000000e+06
2.473330000000000000e+05
1.347420000000000000e+06
1.130564000000000000e+06
1.107660000000000000e+06
1.080497000000000000e+06
1.760153000000000000e+06
1.351470000000000000e+05
1.179410000000000000e+05
1.844166000000000000e+06
1.324805000000000000e+06
1.359217000000000000e+06
1.342200000000000000e+05
8.383140000000000000e+05
7.802700000000000000e+05
1.650680000000000000e+06
1.738420000000000000e+05
1.033509000000000000e+06
1.671440000000000000e+06
3.841590000000000000e+05
1.135478000000000000e+06
4.319110000000000000e+05
5.286870000000000000e+05
6.664670000000000000e+05
3.376770000000000000e+05
1.015156000000000000e+06
1.130890000000000000e+06
1.296730000000000000e+05
2.891200000000000000e+05
1.453102000000000000e+06
1.050653000000000000e+06
1.288420000000000000e+06
3.879550000000000000e+05
1.254337000000000000e+06
7.288730000000000000e+05
3.381630000000000000e+05
1.818057000000000000e+06
3.910100000000000000e+05
1.384501000000000000e+06
2.747780000000000000e+05
4.409430000000000000e+05
1.342769000000000000e+06
5.216090000000000000e+05
1.829382000000000000e+06
1.628708000000000000e+06
1.263024000000000000e+06
1.726230000000000000e+05
9.208140000000000000e+05
1.488113000000000000e+06
1.784096000000000000e+06
9.538640000000000000e+05
7.163590000000000000e+05
1.414045000000000000e+06
7.001480000000000000e+05
8.965200000000000000e+04
6.950390000000000000e+05
2.167300000000000000e+05
1.719800000000000000e+04
1.125004000000000000e+06
1.155318000000000000e+06
7.059200000000000000e+04
1.650672000000000000e+06
1.480950000000000000e+06
1.455952000000000000e+06
3.514800000000000000e+04
1.379633000000000000e+06
9.375660000000000000e+05
1.696449000000000000e+06
2.039360000000000000e+05
1.454403000000000000e+06
2.082620000000000000e+05
1.745099000000000000e+06
1.637775000000000000e+06
1.229698000000000000e+06
1.380417000000000000e+06
1.367536000000000000e+06
1.701860000000000000e+05
1.773507000000000000e+06
1.129538000000000000e+06
1.637661000000000000e+06
1.706541000000000000e+06
7.055360000000000000e+05
1.150070000000000000e+06
1.657087000000000000e+06
9.357230000000000000e+05
8.969960000000000000e+05
1.733479000000000000e+06
1.586398000000000000e+06
3.900910000000000000e+05
1.012723000000000000e+06
1.856530000000000000e+05
1.107945000000000000e+06
1.215270000000000000e+05
1.570656000000000000e+06
1.437255000000000000e+06
1.652332000000000000e+06
3.298900000000000000e+05
4.771600000000000000e+04
1.828720000000000000e+06
1.247843000000000000e+06
5.035900000000000000e+04
2.354250000000000000e+05
1.455082000000000000e+06
1.210284000000000000e+06
5.304300000000000000e+05
5.004400000000000000e+05
1.358533000000000000e+06
1.549849000000000000e+06
1.549932000000000000e+06
8.979600000000000000e+04
1.781442000000000000e+06
1.380251000000000000e+06
1.167293000000000000e+06
5.104810000000000000e+05
1.415931000000000000e+06
1.752618000000000000e+06
1.805750000000000000e+06
8.953590000000000000e+05
3.194560000000000000e+05
3.799190000000000000e+05
7.132890000000000000e+05
5.055600000000000000e+04
1.779527000000000000e+06
1.752466000000000000e+06
1.450677000000000000e+06
7.404140000000000000e+05
1.486437000000000000e+06
6.800560000000000000e+05
5.976720000000000000e+05
3.264910000000000000e+05
1.332503000000000000e+06
1.453825000000000000e+06
1.818487000000000000e+06
3.857490000000000000e+05
1.024149000000000000e+06
2.115230000000000000e+05
3.648870000000000000e+05
1.807576000000000000e+06
1.332194000000000000e+06
1.771510000000000000e+05
6.177190000000000000e+05
6.971660000000000000e+05
5.379570000000000000e+05
1.854729000000000000e+06
1.056448000000000000e+06
7.366390000000000000e+05
5.471570000000000000e+05
1.367546000000000000e+06
1.293231000000000000e+06
8.916980000000000000e+05
1.651900000000000000e+04
1.163173000000000000e+06
1.755389000000000000e+06
1.458450000000000000e+06
1.995940000000000000e+05
1.831580000000000000e+06
6.090390000000000000e+05
1.205630000000000000e+06
3.513580000000000000e+05
1.621604000000000000e+06
3.117710000000000000e+05
1.478384000000000000e+06
2.329730000000000000e+05
7.177270000000000000e+05
8.042280000000000000e+05
8.610090000000000000e+05
6.334440000000000000e+05
1.426014000000000000e+06
1.259404000000000000e+06
1.820081000000000000e+06
9.943200000000000000e+04
4.617060000000000000e+05
7.015050000000000000e+05
1.472381000000000000e+06
1.731610000000000000e+05
1.322932000000000000e+06
6.998400000000000000e+04
1.463275000000000000e+06
1.099190000000000000e+05
2.506610000000000000e+05
9.276980000000000000e+05
1.834152000000000000e+06
5.681880000000000000e+05
1.525598000000000000e+06
2.074760000000000000e+05
3.201020000000000000e+05
1.496190000000000000e+06
4.610740000000000000e+05
3.194060000000000000e+05
2.334770000000000000e+05
7.430340000000000000e+05
1.574880000000000000e+06
3.457190000000000000e+05
1.785980000000000000e+05
1.523264000000000000e+06
2.536070000000000000e+05
5.594300000000000000e+05
1.146110000000000000e+05
1.581370000000000000e+06
1.252468000000000000e+06
1.657413000000000000e+06
3.908390000000000000e+05
3.036540000000000000e+05
4.703400000000000000e+05
1.584595000000000000e+06
1.832151000000000000e+06
1.788457000000000000e+06
1.652500000000000000e+04
6.391180000000000000e+05
3.417900000000000000e+05
2.609550000000000000e+05
3.781430000000000000e+05
8.915090000000000000e+05
1.324102000000000000e+06
5.298430000000000000e+05
2.121360000000000000e+05
6.787620000000000000e+05
9.372630000000000000e+05
1.378021000000000000e+06
1.516712000000000000e+06
1.594228000000000000e+06
1.198343000000000000e+06
1.095313000000000000e+06
4.936280000000000000e+05
1.377199000000000000e+06
1.551298000000000000e+06
2.763500000000000000e+04
1.547005000000000000e+06
1.628493000000000000e+06
1.414977000000000000e+06
7.052710000000000000e+05
1.650711000000000000e+06
1.671854000000000000e+06
1.255802000000000000e+06
5.066000000000000000e+04
1.464688000000000000e+06
5.797860000000000000e+05
3.610600000000000000e+05
1.279111000000000000e+06
1.382228000000000000e+06
1.782149000000000000e+06
1.525900000000000000e+04
1.833117000000000000e+06
4.262510000000000000e+05
3.345800000000000000e+04
1.222133000000000000e+06
1.455502000000000000e+06
6.752690000000000000e+05
1.579497000000000000e+06
9.237800000000000000e+04
1.141135000000000000e+06
1.744309000000000000e+06
1.715060000000000000e+05
1.763531000000000000e+06
1.808127000000000000e+06
1.445257000000000000e+06
6.376530000000000000e+05
1.693606000000000000e+06
4.380240000000000000e+05
1.519247000000000000e+06
1.943280000000000000e+05
1.414428000000000000e+06
6.604220000000000000e+05
4.401130000000000000e+05
1.227088000000000000e+06
5.878000000000000000e+05
2.327090000000000000e+05
8.965960000000000000e+05
1.582755000000000000e+06
5.599630000000000000e+05
1.955930000000000000e+05
1.856840000000000000e+06
1.289489000000000000e+06
6.422890000000000000e+05
5.169590000000000000e+05
7.159310000000000000e+05
1.156315000000000000e+06
1.379177000000000000e+06
2.039000000000000000e+04
5.323820000000000000e+05
1.825984000000000000e+06
1.161320000000000000e+06
1.258742000000000000e+06
1.025230000000000000e+06
1.825930000000000000e+06
1.376384000000000000e+06
7.123630000000000000e+05
1.116206000000000000e+06
1.605466000000000000e+06
2.808130000000000000e+05
1.415460000000000000e+05
1.453566000000000000e+06
1.349310000000000000e+05
2.458340000000000000e+05
1.673264000000000000e+06
1.340660000000000000e+05
9.543390000000000000e+05
2.478550000000000000e+05
1.723790000000000000e+05
1.386867000000000000e+06
1.845193000000000000e+06
7.455820000000000000e+05
1.125544000000000000e+06
1.998440000000000000e+05
9.309100000000000000e+04
5.015300000000000000e+04
1.425921000000000000e+06
1.660343000000000000e+06
1.568710000000000000e+06
1.064770000000000000e+06
1.676787000000000000e+06
6.760820000000000000e+05
1.517809000000000000e+06
1.211356000000000000e+06
1.236027000000000000e+06
2.536500000000000000e+05
2.388000000000000000e+05
7.183540000000000000e+05
3.872580000000000000e+05
4.655230000000000000e+05
1.633695000000000000e+06
5.989400000000000000e+05
8.784850000000000000e+05
1.320170000000000000e+06
1.732850000000000000e+06
7.279480000000000000e+05
7.009020000000000000e+05
1.367029000000000000e+06
1.624890000000000000e+06
1.296808000000000000e+06
1.761515000000000000e+06
1.320746000000000000e+06
1.347194000000000000e+06
1.260150000000000000e+05
4.263820000000000000e+05
1.781204000000000000e+06
1.298315000000000000e+06
1.770967000000000000e+06
6.088400000000000000e+05
1.514178000000000000e+06
3.154900000000000000e+05
7.672480000000000000e+05
2.055760000000000000e+05
1.063865000000000000e+06
3.898460000000000000e+05
1.274758000000000000e+06
3.316790000000000000e+05
1.242535000000000000e+06
4.863700000000000000e+04
4.593640000000000000e+05
9.235060000000000000e+05
1.764109000000000000e+06
4.570550000000000000e+05
1.044133000000000000e+06
3.709700000000000000e+04
1.161993000000000000e+06
1.716429000000000000e+06
3.880290000000000000e+05
1.685389000000000000e+06
5.154940000000000000e+05
1.043521000000000000e+06
1.377690000000000000e+05
1.571148000000000000e+06
2.767110000000000000e+05
1.779432000000000000e+06
1.631714000000000000e+06
1.208098000000000000e+06
1.113350000000000000e+05
1.274540000000000000e+06
1.493310000000000000e+05
6.722010000000000000e+05
1.560365000000000000e+06
1.826468000000000000e+06
1.377154000000000000e+06
4.515640000000000000e+05
1.708966000000000000e+06
1.549030000000000000e+05
1.631420000000000000e+06
1.470176000000000000e+06
1.298449000000000000e+06
1.715629000000000000e+06
1.415937000000000000e+06
1.026996000000000000e+06
1.628911000000000000e+06
3.481700000000000000e+04
5.567690000000000000e+05
1.758574000000000000e+06
1.549357000000000000e+06
1.523462000000000000e+06
4.665470000000000000e+05
1.760772000000000000e+06
7.587460000000000000e+05
1.740768000000000000e+06
1.279288000000000000e+06
1.772806000000000000e+06
1.594082000000000000e+06
3.024100000000000000e+05
1.783499000000000000e+06
6.122180000000000000e+05
1.282260000000000000e+06
5.574000000000000000e+05
1.809442000000000000e+06
1.260785000000000000e+06
1.730200000000000000e+05
1.437765000000000000e+06
4.367090000000000000e+05
1.161521000000000000e+06
4.393220000000000000e+05
1.602560000000000000e+05
1.059767000000000000e+06
8.710500000000000000e+04
1.479900000000000000e+05
1.683940000000000000e+05
1.146017000000000000e+06
6.773130000000000000e+05
1.550914000000000000e+06
1.319816000000000000e+06
1.828728000000000000e+06
4.306000000000000000e+04
1.471460000000000000e+05
1.366770000000000000e+05
3.386570000000000000e+05
3.404040000000000000e+05
5.970090000000000000e+05
3.192380000000000000e+05
1.828607000000000000e+06
1.261351000000000000e+06
1.525067000000000000e+06
1.368509000000000000e+06
1.820888000000000000e+06
4.981760000000000000e+05
4.947670000000000000e+05
1.771510000000000000e+06
6.660110000000000000e+05
1.006000000000000000e+05
4.849600000000000000e+04
1.510253000000000000e+06
4.410140000000000000e+05
1.467947000000000000e+06
1.603156000000000000e+06
3.109890000000000000e+05
1.729333000000000000e+06
1.331184000000000000e+06
3.015420000000000000e+05
2.314260000000000000e+05
7.047440000000000000e+05
1.833120000000000000e+06
1.206816000000000000e+06
1.758549000000000000e+06
4.381580000000000000e+05
4.553270000000000000e+05
1.968990000000000000e+05
1.674222000000000000e+06
1.194780000000000000e+06
1.722110000000000000e+06
3.769920000000000000e+05
5.815380000000000000e+05
1.379837000000000000e+06
1.779465000000000000e+06
1.255141000000000000e+06
1.718349000000000000e+06
1.844645000000000000e+06
1.652195000000000000e+06
1.841812000000000000e+06
1.379005000000000000e+06
1.722478000000000000e+06
2.983000000000000000e+05
1.521562000000000000e+06
1.366401000000000000e+06
1.339795000000000000e+06
5.816380000000000000e+05
3.368700000000000000e+05
1.420639000000000000e+06
1.822263000000000000e+06
1.578121000000000000e+06
9.652450000000000000e+05
1.716383000000000000e+06
1.642869000000000000e+06
4.478930000000000000e+05
6.594100000000000000e+05
1.710141000000000000e+06
1.295029000000000000e+06
2.611630000000000000e+05
5.712300000000000000e+04
1.365067000000000000e+06
1.810048000000000000e+06
1.127150000000000000e+06
1.892000000000000000e+04
2.851000000000000000e+05
6.884450000000000000e+05
3.457400000000000000e+04
1.808607000000000000e+06
1.739131000000000000e+06
1.150312000000000000e+06
1.843171000000000000e+06
5.580720000000000000e+05
7.110100000000000000e+05
3.021370000000000000e+05
1.637390000000000000e+05
1.164299000000000000e+06
2.337440000000000000e+05
1.788580000000000000e+05
1.131729000000000000e+06
1.087861000000000000e+06
1.076641000000000000e+06
1.025187000000000000e+06
1.414339000000000000e+06
6.608380000000000000e+05
9.156040000000000000e+05
1.489520000000000000e+06
6.175570000000000000e+05
1.669905000000000000e+06
1.492934000000000000e+06
1.464986000000000000e+06
1.253098000000000000e+06
1.783137000000000000e+06
1.634069000000000000e+06
4.514360000000000000e+05
5.783440000000000000e+05
1.836460000000000000e+06
7.274930000000000000e+05
1.524273000000000000e+06
9.433610000000000000e+05
3.217730000000000000e+05
4.471890000000000000e+05
1.213154000000000000e+06
1.297503000000000000e+06
5.737810000000000000e+05
2.121110000000000000e+05
1.130300000000000000e+04
4.830850000000000000e+05
8.965230000000000000e+05
3.385500000000000000e+05
7.205420000000000000e+05
1.103390000000000000e+06
1.487250000000000000e+06
9.427200000000000000e+05
1.246362000000000000e+06
4.019220000000000000e+05
3.968100000000000000e+04
1.337484000000000000e+06
1.329910000000000000e+05
1.354379000000000000e+06
1.627442000000000000e+06
3.370360000000000000e+05
9.376710000000000000e+05
2.410730000000000000e+05
2.496130000000000000e+05
1.558700000000000000e+06
1.745960000000000000e+06
2.491570000000000000e+05
1.915730000000000000e+05
9.714190000000000000e+05
1.382134000000000000e+06
1.355152000000000000e+06
3.733600000000000000e+04
7.924400000000000000e+04
1.418902000000000000e+06
1.620668000000000000e+06
1.560889000000000000e+06
6.277470000000000000e+05
1.721987000000000000e+06
1.297210000000000000e+05
4.514220000000000000e+05
5.208340000000000000e+05
1.548084000000000000e+06
1.678050000000000000e+05
1.846347000000000000e+06
5.534800000000000000e+04
3.245350000000000000e+05
3.824030000000000000e+05
1.830333000000000000e+06
9.531810000000000000e+05
1.130907000000000000e+06
1.756565000000000000e+06
3.900260000000000000e+05
7.267720000000000000e+05
1.703949000000000000e+06
1.225768000000000000e+06
1.379818000000000000e+06
5.151840000000000000e+05
1.849016000000000000e+06
1.150560000000000000e+06
1.278086000000000000e+06
1.633775000000000000e+06
1.592130000000000000e+06
7.158400000000000000e+05
1.628573000000000000e+06
9.605350000000000000e+05
1.825317000000000000e+06
1.065879000000000000e+06
1.746122000000000000e+06
5.527620000000000000e+05
1.027715000000000000e+06
9.119100000000000000e+05
1.138719000000000000e+06
1.380435000000000000e+06
6.648200000000000000e+05
1.122980000000000000e+05
1.688354000000000000e+06
5.831390000000000000e+05
2.617840000000000000e+05
5.371260000000000000e+05
1.114938000000000000e+06
1.782564000000000000e+06
1.475007000000000000e+06
5.213520000000000000e+05
1.595864000000000000e+06
1.408950000000000000e+05
1.043659000000000000e+06
9.020290000000000000e+05
1.853161000000000000e+06
2.896210000000000000e+05
1.633894000000000000e+06
7.829900000000000000e+04
1.252323000000000000e+06
2.542590000000000000e+05
1.418204000000000000e+06
3.503700000000000000e+04
1.818189000000000000e+06
3.687220000000000000e+05
2.231340000000000000e+05
9.309000000000000000e+05
1.034100000000000000e+04
1.444403000000000000e+06
1.569187000000000000e+06
1.364426000000000000e+06
1.442040000000000000e+05
6.529200000000000000e+05
2.580530000000000000e+05
4.445270000000000000e+05
9.355970000000000000e+05
1.208559000000000000e+06
2.681570000000000000e+05
7.303400000000000000e+04
1.090670000000000000e+05
4.214910000000000000e+05
1.322606000000000000e+06
4.388800000000000000e+05
5.207850000000000000e+05
1.854393000000000000e+06
1.456786000000000000e+06
1.262536000000000000e+06
4.208110000000000000e+05
1.096842000000000000e+06
1.255407000000000000e+06
1.038992000000000000e+06
1.729848000000000000e+06
1.248404000000000000e+06
9.312610000000000000e+05
1.437912000000000000e+06
2.902530000000000000e+05
1.647100000000000000e+06
6.004340000000000000e+05
2.422290000000000000e+05
1.121174000000000000e+06
1.985140000000000000e+05
4.392480000000000000e+05
6.149410000000000000e+05
1.702100000000000000e+04
1.666385000000000000e+06
1.729629000000000000e+06
1.643167000000000000e+06
1.833825000000000000e+06
1.818126000000000000e+06
1.627498000000000000e+06
1.550507000000000000e+06
1.681964000000000000e+06
1.584400000000000000e+04
1.066309000000000000e+06
3.232050000000000000e+05
1.476829000000000000e+06
1.621730000000000000e+06
1.782464000000000000e+06
1.816899000000000000e+06
1.073369000000000000e+06
1.115278000000000000e+06
2.293710000000000000e+05
4.597710000000000000e+05
3.516190000000000000e+05
2.529950000000000000e+05
1.314096000000000000e+06
1.616429000000000000e+06
1.413864000000000000e+06
1.105547000000000000e+06
1.706437000000000000e+06
1.799746000000000000e+06
1.729166000000000000e+06
1.480599000000000000e+06
1.318836000000000000e+06
1.353304000000000000e+06
1.399166000000000000e+06
2.828310000000000000e+05
5.340630000000000000e+05
3.464700000000000000e+04
1.150511000000000000e+06
3.416530000000000000e+05
1.229195000000000000e+06
4.152650000000000000e+05
2.642660000000000000e+05
1.265442000000000000e+06
1.833708000000000000e+06
1.368805000000000000e+06
2.511720000000000000e+05
1.643488000000000000e+06
9.527470000000000000e+05
7.193760000000000000e+05
1.166860000000000000e+05
3.885260000000000000e+05
5.149780000000000000e+05
1.808599000000000000e+06
1.311446000000000000e+06
4.734920000000000000e+05
1.497090000000000000e+05
9.942710000000000000e+05
2.112380000000000000e+05
1.833138000000000000e+06
1.369242000000000000e+06
6.365490000000000000e+05
1.497425000000000000e+06
1.576822000000000000e+06
1.595110000000000000e+05
1.882850000000000000e+05
1.418071000000000000e+06
2.976220000000000000e+05
9.283860000000000000e+05
1.633783000000000000e+06
6.634850000000000000e+05
1.572563000000000000e+06
1.159891000000000000e+06
9.956480000000000000e+05
1.572550000000000000e+06
1.716290000000000000e+06
1.249673000000000000e+06
2.503060000000000000e+05
5.875370000000000000e+05
1.767825000000000000e+06
1.732721000000000000e+06
1.806614000000000000e+06
7.268160000000000000e+05
6.426290000000000000e+05
1.487393000000000000e+06
1.833003000000000000e+06
1.903240000000000000e+05
1.824221000000000000e+06
1.816506000000000000e+06
1.370919000000000000e+06
1.002283000000000000e+06
1.668517000000000000e+06
3.759670000000000000e+05
1.718980000000000000e+05
1.380365000000000000e+06
5.618990000000000000e+05
1.086518000000000000e+06
5.040300000000000000e+05
4.797340000000000000e+05
1.007418000000000000e+06
1.096898000000000000e+06
1.686138000000000000e+06
5.762500000000000000e+05
1.257574000000000000e+06
1.125157000000000000e+06
7.978400000000000000e+04
1.520872000000000000e+06
1.101124000000000000e+06
4.928750000000000000e+05
9.167160000000000000e+05
9.286600000000000000e+05
1.553709000000000000e+06
4.360480000000000000e+05
2.135450000000000000e+05
1.182964000000000000e+06
1.630583000000000000e+06
5.253200000000000000e+05
1.488317000000000000e+06
1.791951000000000000e+06
1.267520000000000000e+06
1.776019000000000000e+06
1.296592000000000000e+06
1.354930000000000000e+05
8.975170000000000000e+05
1.678938000000000000e+06
1.405415000000000000e+06
5.749790000000000000e+05
1.469590000000000000e+05
1.150978000000000000e+06
7.048180000000000000e+05
4.608740000000000000e+05
5.557400000000000000e+04
6.143290000000000000e+05
3.211780000000000000e+05
1.715759000000000000e+06
6.691680000000000000e+05
1.734666000000000000e+06
1.474588000000000000e+06
1.247317000000000000e+06
3.079060000000000000e+05
1.075420000000000000e+06
1.718990000000000000e+05
2.016110000000000000e+05
1.717748000000000000e+06
1.483389000000000000e+06
1.955310000000000000e+05
1.748475000000000000e+06
3.055600000000000000e+04
5.517710000000000000e+05
1.129362000000000000e+06
2.002000000000000000e+05
5.342080000000000000e+05
1.277722000000000000e+06
1.599615000000000000e+06
1.462872000000000000e+06
2.073040000000000000e+05
1.221659000000000000e+06
3.908950000000000000e+05
4.368560000000000000e+05
1.119780000000000000e+05
1.524819000000000000e+06
1.627050000000000000e+05
5.825510000000000000e+05
1.512746000000000000e+06
1.193119000000000000e+06
1.762248000000000000e+06
1.309280000000000000e+05
1.520461000000000000e+06
9.329480000000000000e+05
2.599550000000000000e+05
4.349280000000000000e+05
1.275326000000000000e+06
1.988170000000000000e+05
1.715047000000000000e+06
1.320916000000000000e+06
1.060878000000000000e+06
1.443019000000000000e+06
6.920880000000000000e+05
1.479282000000000000e+06
1.432490000000000000e+05
1.419126000000000000e+06
1.755575000000000000e+06
1.130846000000000000e+06
1.366448000000000000e+06
3.079470000000000000e+05
4.905740000000000000e+05
1.331770000000000000e+06
2.133560000000000000e+05
1.813580000000000000e+06
1.583770000000000000e+06
6.025290000000000000e+05
1.109568000000000000e+06
1.209904000000000000e+06
3.503620000000000000e+05
1.538840000000000000e+05
6.615950000000000000e+05
1.850600000000000000e+04
4.753310000000000000e+05
9.937810000000000000e+05
1.603720000000000000e+05
1.354010000000000000e+05
1.821742000000000000e+06
7.657000000000000000e+04
1.283690000000000000e+05
1.306546000000000000e+06
2.016780000000000000e+05
1.548932000000000000e+06
2.170180000000000000e+05
1.345393000000000000e+06
1.696531000000000000e+06
1.206903000000000000e+06
1.233312000000000000e+06
1.615072000000000000e+06
6.721400000000000000e+05
5.316260000000000000e+05
5.797420000000000000e+05
1.732855000000000000e+06
1.418973000000000000e+06
2.680740000000000000e+05
3.855440000000000000e+05
6.195030000000000000e+05
1.340578000000000000e+06
1.457633000000000000e+06
1.165511000000000000e+06
1.622178000000000000e+06
9.318900000000000000e+05
6.644800000000000000e+05
1.114768000000000000e+06
1.853661000000000000e+06
1.157247000000000000e+06
1.510174000000000000e+06
1.451155000000000000e+06
1.418228000000000000e+06
5.951750000000000000e+05
6.338660000000000000e+05
8.963070000000000000e+05
1.283598000000000000e+06
6.649500000000000000e+05
1.380295000000000000e+06
1.343425000000000000e+06
1.382259000000000000e+06
6.691940000000000000e+05
1.530390000000000000e+05
3.718500000000000000e+04
1.493435000000000000e+06
1.483702000000000000e+06
7.421280000000000000e+05
9.279340000000000000e+05
1.039430000000000000e+05
1.084900000000000000e+06
1.830454000000000000e+06
1.653213000000000000e+06
1.083302000000000000e+06
9.520190000000000000e+05
1.713029000000000000e+06
3.712530000000000000e+05
1.833966000000000000e+06
1.193190000000000000e+06
5.873440000000000000e+05
1.342145000000000000e+06
9.001350000000000000e+05
1.571175000000000000e+06
2.866470000000000000e+05
3.855500000000000000e+04
5.124810000000000000e+05
1.158829000000000000e+06
2.407580000000000000e+05
1.650558000000000000e+06
4.173500000000000000e+05
1.412180000000000000e+05
1.668450000000000000e+06
6.241980000000000000e+05
1.366451000000000000e+06
1.775472000000000000e+06
1.459252000000000000e+06
6.791410000000000000e+05
5.297800000000000000e+05
1.450999000000000000e+06
1.778898000000000000e+06
1.342921000000000000e+06
3.029520000000000000e+05
4.483500000000000000e+05
1.445708000000000000e+06
1.315612000000000000e+06
1.305870000000000000e+05
1.969300000000000000e+05
4.577080000000000000e+05
3.014560000000000000e+05
7.926400000000000000e+04
1.800355000000000000e+06
4.445420000000000000e+05
4.103800000000000000e+05
1.684370000000000000e+06
4.951320000000000000e+05
2.402110000000000000e+05
9.356510000000000000e+05
1.267196000000000000e+06
1.346723000000000000e+06
1.853818000000000000e+06
1.638350000000000000e+06
1.064687000000000000e+06
1.854549000000000000e+06
6.950320000000000000e+05
1.653799000000000000e+06
1.564413000000000000e+06
3.324940000000000000e+05
1.140131000000000000e+06
1.426652000000000000e+06
6.697350000000000000e+05
6.616640000000000000e+05
4.507460000000000000e+05
2.875700000000000000e+04
3.776050000000000000e+05
2.888200000000000000e+04
1.428549000000000000e+06
1.320650000000000000e+05
1.111618000000000000e+06
1.276799000000000000e+06
1.280733000000000000e+06
1.754503000000000000e+06
1.360000000000000000e+03
5.524250000000000000e+05
3.815620000000000000e+05
1.771726000000000000e+06
1.487382000000000000e+06
1.780474000000000000e+06
1.870880000000000000e+05
4.227790000000000000e+05
3.678830000000000000e+05
2.830310000000000000e+05
1.566079000000000000e+06
1.230335000000000000e+06
1.719575000000000000e+06
2.956100000000000000e+04
1.073299000000000000e+06
1.276717000000000000e+06
1.344834000000000000e+06
9.053100000000000000e+04
7.291700000000000000e+04
1.301366000000000000e+06
1.389174000000000000e+06
1.841275000000000000e+06
3.034120000000000000e+05
1.721321000000000000e+06
1.825847000000000000e+06
1.239057000000000000e+06
1.434199000000000000e+06
1.221180000000000000e+06
1.114785000000000000e+06
1.575896000000000000e+06
1.719944000000000000e+06
1.624129000000000000e+06
1.117600000000000000e+04
1.219687000000000000e+06
1.549289000000000000e+06
1.463722000000000000e+06
2.212420000000000000e+05
1.830714000000000000e+06
1.000848000000000000e+06
1.708650000000000000e+05
1.852729000000000000e+06
1.521842000000000000e+06
1.269278000000000000e+06
6.544810000000000000e+05
1.812642000000000000e+06
1.295347000000000000e+06
1.421131000000000000e+06
1.279018000000000000e+06
6.186660000000000000e+05
1.665690000000000000e+05
