1.643675000000000000e+06
5.061900000000000000e+05
2.030720000000000000e+05
1.630859000000000000e+06
1.657969000000000000e+06
7.071800000000000000e+05
1.795710000000000000e+06
1.724417000000000000e+06
3.867340000000000000e+05
5.221040000000000000e+05
1.433190000000000000e+06
1.640739000000000000e+06
1.023079000000000000e+06
1.342280000000000000e+06
7.070200000000000000e+04
4.686600000000000000e+05
3.121390000000000000e+05
1.666697000000000000e+06
1.768947000000000000e+06
2.021880000000000000e+05
2.991110000000000000e+05
2.387310000000000000e+05
4.515030000000000000e+05
4.374770000000000000e+05
4.277400000000000000e+05
1.085116000000000000e+06
3.869980000000000000e+05
1.638491000000000000e+06
1.083746000000000000e+06
1.632158000000000000e+06
3.806410000000000000e+05
1.083715000000000000e+06
1.794947000000000000e+06
1.643740000000000000e+06
6.780220000000000000e+05
2.194210000000000000e+05
1.639721000000000000e+06
1.642353000000000000e+06
1.385932000000000000e+06
1.493377000000000000e+06
1.772665000000000000e+06
1.433446000000000000e+06
1.456436000000000000e+06
1.606113000000000000e+06
1.083650000000000000e+06
5.842170000000000000e+05
6.716260000000000000e+05
1.938740000000000000e+05
4.948250000000000000e+05
1.777785000000000000e+06
1.253195000000000000e+06
1.389620000000000000e+06
2.400130000000000000e+05
1.750562000000000000e+06
9.856400000000000000e+04
1.743693000000000000e+06
1.156570000000000000e+06
1.792445000000000000e+06
1.341922000000000000e+06
1.356765000000000000e+06
6.771980000000000000e+05
1.282282000000000000e+06
1.300711000000000000e+06
1.339482000000000000e+06
1.696110000000000000e+05
1.757150000000000000e+05
1.806994000000000000e+06
1.792455000000000000e+06
3.920450000000000000e+05
9.300820000000000000e+05
1.161938000000000000e+06
