1.666180000000000000e+05
3.122220000000000000e+05
1.341440000000000000e+05
6.919540000000000000e+05
7.206420000000000000e+05
5.056800000000000000e+05
9.685010000000000000e+05
1.244600000000000000e+04
1.759549000000000000e+06
8.086300000000000000e+04
1.560010000000000000e+05
1.777785000000000000e+06
9.232510000000000000e+05
7.046520000000000000e+05
1.332460000000000000e+05
1.837489000000000000e+06
6.771980000000000000e+05
6.962290000000000000e+05
1.443148000000000000e+06
1.250797000000000000e+06
1.794425000000000000e+06
6.489450000000000000e+05
2.304820000000000000e+05
2.992260000000000000e+05
2.930800000000000000e+04
1.643300000000000000e+04
1.218303000000000000e+06
1.392144000000000000e+06
1.593449000000000000e+06
1.711215000000000000e+06
1.436632000000000000e+06
4.372080000000000000e+05
5.611170000000000000e+05
8.901730000000000000e+05
1.356765000000000000e+06
1.594566000000000000e+06
8.980000000000000000e+05
8.966110000000000000e+05
3.318310000000000000e+05
7.636070000000000000e+05
1.279084000000000000e+06
3.781980000000000000e+05
4.369610000000000000e+05
1.796120000000000000e+06
1.617400000000000000e+04
1.523308000000000000e+06
3.004810000000000000e+05
1.047778000000000000e+06
1.644401000000000000e+06
6.980330000000000000e+05
1.843313000000000000e+06
5.685300000000000000e+04
7.000780000000000000e+05
1.781284000000000000e+06
1.661330000000000000e+05
1.697940000000000000e+06
5.639900000000000000e+04
1.580959000000000000e+06
1.795757000000000000e+06
1.430498000000000000e+06
8.521000000000000000e+03
1.301400000000000000e+04
2.133400000000000000e+04
1.580461000000000000e+06
1.588725000000000000e+06
1.389620000000000000e+06
1.002100000000000000e+06
7.060900000000000000e+05
5.337330000000000000e+05
1.282842000000000000e+06
2.503760000000000000e+05
1.218607000000000000e+06
3.658260000000000000e+05
1.788805000000000000e+06
1.391226000000000000e+06
2.247980000000000000e+05
2.652150000000000000e+05
6.903460000000000000e+05
1.400610000000000000e+06
1.579829000000000000e+06
1.003772000000000000e+06
6.781470000000000000e+05
1.846475000000000000e+06
1.834827000000000000e+06
9.889180000000000000e+05
9.964500000000000000e+05
2.001640000000000000e+05
1.728849000000000000e+06
1.745304000000000000e+06
1.813678000000000000e+06
5.013110000000000000e+05
8.995960000000000000e+05
4.723510000000000000e+05
2.963870000000000000e+05
7.071580000000000000e+05
4.720690000000000000e+05
2.996760000000000000e+05
1.821733000000000000e+06
2.481590000000000000e+05
