1.576513000000000000e+06
1.238977000000000000e+06
1.302707000000000000e+06
1.758773000000000000e+06
7.689000000000000000e+03
2.399840000000000000e+05
6.851710000000000000e+05
5.744200000000000000e+05
3.769120000000000000e+05
4.211190000000000000e+05
1.342281000000000000e+06
1.645665000000000000e+06
1.300440000000000000e+06
1.792445000000000000e+06
1.097561000000000000e+06
7.271300000000000000e+04
1.632657000000000000e+06
9.553520000000000000e+05
3.005180000000000000e+05
1.059129000000000000e+06
1.663660000000000000e+05
4.890050000000000000e+05
1.842835000000000000e+06
8.047000000000000000e+03
2.374400000000000000e+05
1.374859000000000000e+06
7.003900000000000000e+04
3.081460000000000000e+05
7.460040000000000000e+05
1.486999000000000000e+06
2.106500000000000000e+04
1.480104000000000000e+06
9.162990000000000000e+05
1.066804000000000000e+06
1.634658000000000000e+06
1.712683000000000000e+06
2.609480000000000000e+05
1.567577000000000000e+06
4.520380000000000000e+05
1.150907000000000000e+06
9.216220000000000000e+05
3.659030000000000000e+05
2.421960000000000000e+05
1.423310000000000000e+05
2.407530000000000000e+05
5.061900000000000000e+05
1.362430000000000000e+05
1.478138000000000000e+06
1.401219000000000000e+06
1.142800000000000000e+04
1.661543000000000000e+06
1.488949000000000000e+06
1.509517000000000000e+06
4.671860000000000000e+05
1.791988000000000000e+06
5.842880000000000000e+05
1.383791000000000000e+06
1.110451000000000000e+06
1.813540000000000000e+05
7.072680000000000000e+05
1.562770000000000000e+06
5.248530000000000000e+05
1.753677000000000000e+06
1.224609000000000000e+06
1.519030000000000000e+05
1.652634000000000000e+06
2.857030000000000000e+05
1.144936000000000000e+06
3.568480000000000000e+05
3.777540000000000000e+05
1.795984000000000000e+06
3.343070000000000000e+05
1.374677000000000000e+06
4.690640000000000000e+05
1.396435000000000000e+06
4.141840000000000000e+05
1.587939000000000000e+06
1.400024000000000000e+06
1.302450000000000000e+05
1.379689000000000000e+06
7.342370000000000000e+05
5.163900000000000000e+04
2.442120000000000000e+05
1.536020000000000000e+05
1.539701000000000000e+06
1.481334000000000000e+06
1.643675000000000000e+06
8.725980000000000000e+05
1.209865000000000000e+06
1.341922000000000000e+06
