1.851190000000000000e+06
8.674670000000000000e+05
1.227791000000000000e+06
1.116245000000000000e+06
7.303140000000000000e+05
8.301340000000000000e+05
7.836790000000000000e+05
8.719020000000000000e+05
1.851397000000000000e+06
6.529490000000000000e+05
9.626330000000000000e+05
3.854300000000000000e+05
1.623305000000000000e+06
1.851346000000000000e+06
9.546440000000000000e+05
3.571300000000000000e+04
7.391540000000000000e+05
1.849583000000000000e+06
8.726550000000000000e+05
1.364337000000000000e+06
1.116008000000000000e+06
1.569864000000000000e+06
1.360940000000000000e+06
3.143070000000000000e+05
1.522846000000000000e+06
1.379354000000000000e+06
2.256560000000000000e+05
1.851288000000000000e+06
1.849817000000000000e+06
7.344120000000000000e+05
8.671530000000000000e+05
1.851134000000000000e+06
1.850751000000000000e+06
1.852544000000000000e+06
1.116031000000000000e+06
3.241170000000000000e+05
9.665230000000000000e+05
1.850582000000000000e+06
7.294790000000000000e+05
7.279580000000000000e+05
9.546510000000000000e+05
7.281790000000000000e+05
1.227164000000000000e+06
8.834020000000000000e+05
1.387862000000000000e+06
8.857620000000000000e+05
1.352680000000000000e+05
9.824350000000000000e+05
1.364821000000000000e+06
7.287390000000000000e+05
1.846034000000000000e+06
1.475494000000000000e+06
6.530650000000000000e+05
3.145140000000000000e+05
1.851273000000000000e+06
1.225919000000000000e+06
4.398770000000000000e+05
7.273580000000000000e+05
1.356282000000000000e+06
8.661670000000000000e+05
3.831150000000000000e+05
1.710226000000000000e+06
1.225509000000000000e+06
9.614100000000000000e+05
6.537630000000000000e+05
3.423810000000000000e+05
1.605490000000000000e+06
1.017143000000000000e+06
1.650859000000000000e+06
8.790900000000000000e+05
7.416230000000000000e+05
1.622116000000000000e+06
1.379582000000000000e+06
7.286090000000000000e+05
1.783250000000000000e+06
3.809900000000000000e+05
7.849840000000000000e+05
8.176300000000000000e+05
1.823851000000000000e+06
9.100570000000000000e+05
1.121218000000000000e+06
4.389570000000000000e+05
3.136020000000000000e+05
1.112225000000000000e+06
9.350250000000000000e+05
5.474690000000000000e+05
3.150750000000000000e+05
1.364991000000000000e+06
1.015120000000000000e+05
9.005110000000000000e+05
1.226681000000000000e+06
9.809030000000000000e+05
9.545710000000000000e+05
1.254260000000000000e+06
1.845976000000000000e+06
1.845764000000000000e+06
8.815970000000000000e+05
9.754450000000000000e+05
1.715179000000000000e+06
1.838490000000000000e+06
1.849955000000000000e+06
1.229032000000000000e+06
8.978980000000000000e+05
1.631734000000000000e+06
7.439400000000000000e+05
1.359172000000000000e+06
8.962710000000000000e+05
1.522258000000000000e+06
8.886630000000000000e+05
1.846884000000000000e+06
1.844859000000000000e+06
1.115661000000000000e+06
1.679034000000000000e+06
7.288840000000000000e+05
1.591301000000000000e+06
3.191410000000000000e+05
8.942750000000000000e+05
1.228366000000000000e+06
1.019489000000000000e+06
1.121335000000000000e+06
2.036150000000000000e+05
1.852771000000000000e+06
8.804130000000000000e+05
1.732552000000000000e+06
1.607220000000000000e+06
1.414752000000000000e+06
3.135930000000000000e+05
6.317860000000000000e+05
9.274200000000000000e+05
3.140890000000000000e+05
1.274471000000000000e+06
1.606288000000000000e+06
8.579630000000000000e+05
8.077360000000000000e+05
7.753740000000000000e+05
1.624530000000000000e+06
1.457927000000000000e+06
6.569830000000000000e+05
3.124200000000000000e+05
7.356680000000000000e+05
9.891650000000000000e+05
7.325730000000000000e+05
1.758121000000000000e+06
1.030330000000000000e+06
1.850467000000000000e+06
1.229361000000000000e+06
1.848682000000000000e+06
1.578800000000000000e+04
9.663060000000000000e+05
1.388797000000000000e+06
6.026580000000000000e+05
7.697970000000000000e+05
1.109041000000000000e+06
5.423350000000000000e+05
1.360208000000000000e+06
9.064620000000000000e+05
1.450873000000000000e+06
1.575585000000000000e+06
3.879080000000000000e+05
9.993720000000000000e+05
1.826374000000000000e+06
2.892300000000000000e+05
1.850680000000000000e+06
1.387183000000000000e+06
8.961230000000000000e+05
9.493090000000000000e+05
8.945030000000000000e+05
1.129752000000000000e+06
1.424497000000000000e+06
1.162916000000000000e+06
1.225392000000000000e+06
1.714533000000000000e+06
6.035460000000000000e+05
9.444430000000000000e+05
1.839979000000000000e+06
9.804480000000000000e+05
9.493610000000000000e+05
1.383012000000000000e+06
1.123520000000000000e+06
1.852538000000000000e+06
1.824811000000000000e+06
1.624077000000000000e+06
1.521434000000000000e+06
9.271840000000000000e+05
1.829700000000000000e+06
3.792330000000000000e+05
1.519135000000000000e+06
3.870840000000000000e+05
1.003955000000000000e+06
7.327610000000000000e+05
7.297990000000000000e+05
5.114710000000000000e+05
8.320380000000000000e+05
7.942780000000000000e+05
7.266230000000000000e+05
2.191660000000000000e+05
1.111238000000000000e+06
6.536640000000000000e+05
9.244620000000000000e+05
3.866410000000000000e+05
1.813099000000000000e+06
7.348220000000000000e+05
1.356800000000000000e+06
1.275251000000000000e+06
9.574910000000000000e+05
1.118515000000000000e+06
8.103150000000000000e+05
1.225114000000000000e+06
7.209210000000000000e+05
3.837110000000000000e+05
1.252112000000000000e+06
5.447650000000000000e+05
1.171044000000000000e+06
1.024981000000000000e+06
1.006274000000000000e+06
1.155133000000000000e+06
5.896670000000000000e+05
1.391164000000000000e+06
1.315192000000000000e+06
1.278023000000000000e+06
1.715819000000000000e+06
9.733640000000000000e+05
8.715260000000000000e+05
1.103400000000000000e+06
1.353103000000000000e+06
7.288390000000000000e+05
1.397141000000000000e+06
1.226056000000000000e+06
4.794060000000000000e+05
1.162986000000000000e+06
1.093669000000000000e+06
1.270562000000000000e+06
6.399860000000000000e+05
1.227857000000000000e+06
6.188140000000000000e+05
3.159340000000000000e+05
1.494977000000000000e+06
7.392360000000000000e+05
4.393290000000000000e+05
7.675980000000000000e+05
7.399940000000000000e+05
1.558874000000000000e+06
7.367800000000000000e+05
1.851651000000000000e+06
6.566050000000000000e+05
9.763870000000000000e+05
1.743976000000000000e+06
6.568710000000000000e+05
1.632286000000000000e+06
6.695900000000000000e+05
1.833267000000000000e+06
6.615950000000000000e+05
1.005158000000000000e+06
5.307210000000000000e+05
1.353177000000000000e+06
3.820170000000000000e+05
1.276427000000000000e+06
1.559012000000000000e+06
2.105870000000000000e+05
3.183100000000000000e+05
6.380440000000000000e+05
8.565440000000000000e+05
8.123980000000000000e+05
2.518510000000000000e+05
1.386180000000000000e+06
1.189387000000000000e+06
2.104510000000000000e+05
1.568804000000000000e+06
1.253983000000000000e+06
6.590580000000000000e+05
8.809210000000000000e+05
1.240044000000000000e+06
3.724800000000000000e+04
4.320440000000000000e+05
3.628700000000000000e+04
1.010389000000000000e+06
1.119245000000000000e+06
1.243891000000000000e+06
1.708269000000000000e+06
7.264800000000000000e+05
1.782875000000000000e+06
1.006295000000000000e+06
1.126493000000000000e+06
1.845871000000000000e+06
1.773047000000000000e+06
1.365372000000000000e+06
3.585900000000000000e+04
1.717483000000000000e+06
1.457396000000000000e+06
6.921050000000000000e+05
3.720700000000000000e+04
1.822083000000000000e+06
1.231283000000000000e+06
3.176740000000000000e+05
6.410940000000000000e+05
8.965820000000000000e+05
1.227328000000000000e+06
3.157960000000000000e+05
1.566501000000000000e+06
4.388950000000000000e+05
9.515600000000000000e+05
1.028998000000000000e+06
1.147990000000000000e+06
1.633441000000000000e+06
1.745693000000000000e+06
5.283700000000000000e+05
1.523112000000000000e+06
9.230690000000000000e+05
9.260350000000000000e+05
1.622469000000000000e+06
1.820987000000000000e+06
1.649214000000000000e+06
1.098154000000000000e+06
3.147720000000000000e+05
3.226360000000000000e+05
1.250719000000000000e+06
1.835447000000000000e+06
7.207740000000000000e+05
1.018713000000000000e+06
5.226160000000000000e+05
2.636060000000000000e+05
1.519866000000000000e+06
1.384471000000000000e+06
8.881430000000000000e+05
1.822765000000000000e+06
1.267060000000000000e+06
1.022621000000000000e+06
1.225344000000000000e+06
3.049180000000000000e+05
1.576279000000000000e+06
1.722285000000000000e+06
1.632609000000000000e+06
8.957870000000000000e+05
8.067750000000000000e+05
7.757900000000000000e+05
3.455920000000000000e+05
1.709536000000000000e+06
1.730421000000000000e+06
5.693750000000000000e+05
7.661510000000000000e+05
1.752102000000000000e+06
7.355140000000000000e+05
1.099015000000000000e+06
1.366281000000000000e+06
1.365093000000000000e+06
1.012359000000000000e+06
8.925020000000000000e+05
2.248770000000000000e+05
3.588930000000000000e+05
1.714031000000000000e+06
7.118900000000000000e+05
1.435221000000000000e+06
1.365273000000000000e+06
1.125016000000000000e+06
1.365161000000000000e+06
1.122919000000000000e+06
3.863710000000000000e+05
8.944000000000000000e+05
9.914640000000000000e+05
1.259689000000000000e+06
1.359169000000000000e+06
1.828548000000000000e+06
7.260630000000000000e+05
1.848483000000000000e+06
1.852660000000000000e+06
1.853282000000000000e+06
1.388855000000000000e+06
1.473969000000000000e+06
1.458143000000000000e+06
1.851971000000000000e+06
9.497290000000000000e+05
5.151800000000000000e+05
8.306430000000000000e+05
7.985350000000000000e+05
3.071910000000000000e+05
1.389515000000000000e+06
1.112654000000000000e+06
9.361570000000000000e+05
1.816660000000000000e+05
1.274933000000000000e+06
1.852036000000000000e+06
3.874780000000000000e+05
1.832935000000000000e+06
1.853244000000000000e+06
6.189180000000000000e+05
1.002327000000000000e+06
6.593770000000000000e+05
2.872160000000000000e+05
3.723790000000000000e+05
2.859790000000000000e+05
1.841747000000000000e+06
1.273160000000000000e+05
1.682003000000000000e+06
9.417180000000000000e+05
9.559420000000000000e+05
9.924870000000000000e+05
6.117140000000000000e+05
1.728879000000000000e+06
1.224400000000000000e+06
1.851631000000000000e+06
1.716348000000000000e+06
1.051973000000000000e+06
1.634708000000000000e+06
6.521200000000000000e+05
9.359850000000000000e+05
8.646470000000000000e+05
1.135024000000000000e+06
1.833609000000000000e+06
1.637202000000000000e+06
1.487911000000000000e+06
3.027020000000000000e+05
7.718210000000000000e+05
1.829958000000000000e+06
1.266984000000000000e+06
6.822370000000000000e+05
7.565130000000000000e+05
1.263864000000000000e+06
8.936850000000000000e+05
1.020600000000000000e+04
5.468370000000000000e+05
1.493136000000000000e+06
3.471100000000000000e+04
3.154830000000000000e+05
1.853126000000000000e+06
1.238736000000000000e+06
9.090060000000000000e+05
2.474510000000000000e+05
1.832916000000000000e+06
9.488970000000000000e+05
9.284880000000000000e+05
1.245861000000000000e+06
1.091563000000000000e+06
3.505110000000000000e+05
1.840746000000000000e+06
1.417254000000000000e+06
1.715628000000000000e+06
3.698070000000000000e+05
1.350769000000000000e+06
7.197200000000000000e+05
1.206857000000000000e+06
1.852465000000000000e+06
7.336900000000000000e+05
3.884520000000000000e+05
1.244262000000000000e+06
1.588874000000000000e+06
1.242598000000000000e+06
1.362700000000000000e+05
2.236470000000000000e+05
4.593640000000000000e+05
4.565110000000000000e+05
3.518050000000000000e+05
1.038770000000000000e+05
1.070910000000000000e+05
2.193240000000000000e+05
1.718690000000000000e+05
1.266607000000000000e+06
2.311050000000000000e+05
7.384370000000000000e+05
1.771292000000000000e+06
4.989280000000000000e+05
1.475001000000000000e+06
1.093849000000000000e+06
6.095590000000000000e+05
7.357920000000000000e+05
1.232712000000000000e+06
2.251790000000000000e+05
1.625051000000000000e+06
1.352390000000000000e+05
9.874140000000000000e+05
1.279675000000000000e+06
3.115530000000000000e+05
1.319229000000000000e+06
3.716480000000000000e+05
1.007820000000000000e+05
1.360968000000000000e+06
6.635280000000000000e+05
3.032680000000000000e+05
1.804885000000000000e+06
1.476175000000000000e+06
3.164090000000000000e+05
1.342596000000000000e+06
2.112670000000000000e+05
2.980670000000000000e+05
1.741844000000000000e+06
7.404290000000000000e+05
1.565561000000000000e+06
1.253634000000000000e+06
3.729240000000000000e+05
3.778480000000000000e+05
8.522200000000000000e+05
8.044130000000000000e+05
7.739550000000000000e+05
9.544160000000000000e+05
1.761859000000000000e+06
1.642945000000000000e+06
1.464982000000000000e+06
7.269660000000000000e+05
1.278072000000000000e+06
9.364550000000000000e+05
1.547742000000000000e+06
1.625563000000000000e+06
1.371828000000000000e+06
5.527970000000000000e+05
5.702850000000000000e+05
1.849442000000000000e+06
1.228519000000000000e+06
7.397510000000000000e+05
9.645430000000000000e+05
4.304980000000000000e+05
6.611560000000000000e+05
6.609200000000000000e+05
1.250084000000000000e+06
1.795587000000000000e+06
1.836192000000000000e+06
8.980270000000000000e+05
1.584915000000000000e+06
1.365582000000000000e+06
3.739960000000000000e+05
7.203090000000000000e+05
1.156958000000000000e+06
4.308990000000000000e+05
7.192470000000000000e+05
1.620802000000000000e+06
1.719131000000000000e+06
4.506070000000000000e+05
1.073570000000000000e+06
7.188290000000000000e+05
6.334580000000000000e+05
1.647100000000000000e+06
1.628943000000000000e+06
1.398687000000000000e+06
9.543790000000000000e+05
1.017582000000000000e+06
1.748523000000000000e+06
3.877380000000000000e+05
1.559454000000000000e+06
3.066630000000000000e+05
1.124295000000000000e+06
6.897800000000000000e+04
1.853345000000000000e+06
5.063680000000000000e+05
1.367401000000000000e+06
1.406720000000000000e+05
1.254977000000000000e+06
1.850330000000000000e+05
1.782334000000000000e+06
1.340840000000000000e+05
1.561900000000000000e+06
6.829870000000000000e+05
1.834589000000000000e+06
3.901500000000000000e+05
1.620786000000000000e+06
3.079470000000000000e+05
1.136518000000000000e+06
1.479098000000000000e+06
1.727713000000000000e+06
1.808378000000000000e+06
1.628344000000000000e+06
6.513400000000000000e+05
1.696531000000000000e+06
7.641680000000000000e+05
1.268313000000000000e+06
1.096296000000000000e+06
1.848906000000000000e+06
3.185320000000000000e+05
5.040290000000000000e+05
6.349450000000000000e+05
1.346250000000000000e+06
8.906700000000000000e+04
1.108053000000000000e+06
1.196516000000000000e+06
1.831135000000000000e+06
1.103253000000000000e+06
1.379243000000000000e+06
1.476141000000000000e+06
3.879530000000000000e+05
1.174534000000000000e+06
1.588230000000000000e+06
1.177108000000000000e+06
1.855832000000000000e+06
7.936300000000000000e+04
6.945960000000000000e+05
4.466620000000000000e+05
3.869800000000000000e+05
1.347295000000000000e+06
1.067317000000000000e+06
1.843184000000000000e+06
9.650040000000000000e+05
2.200270000000000000e+05
1.790640000000000000e+06
1.459762000000000000e+06
1.595627000000000000e+06
1.755389000000000000e+06
1.274120000000000000e+05
1.146111000000000000e+06
1.623479000000000000e+06
1.632098000000000000e+06
1.363270000000000000e+06
1.720274000000000000e+06
1.188880000000000000e+06
1.457994000000000000e+06
9.655600000000000000e+04
1.624177000000000000e+06
1.731886000000000000e+06
1.744760000000000000e+05
1.836672000000000000e+06
1.604376000000000000e+06
1.657413000000000000e+06
1.282661000000000000e+06
1.601246000000000000e+06
5.114790000000000000e+05
1.603670000000000000e+06
1.627442000000000000e+06
5.392630000000000000e+05
9.993340000000000000e+05
7.015230000000000000e+05
1.392757000000000000e+06
1.779856000000000000e+06
1.716857000000000000e+06
1.221839000000000000e+06
2.013000000000000000e+04
6.607310000000000000e+05
1.761317000000000000e+06
1.476700000000000000e+04
1.352303000000000000e+06
1.845545000000000000e+06
1.714091000000000000e+06
1.384860000000000000e+05
5.651720000000000000e+05
1.783141000000000000e+06
2.018900000000000000e+04
1.653265000000000000e+06
1.276443000000000000e+06
3.481740000000000000e+05
1.820855000000000000e+06
7.507020000000000000e+05
1.230366000000000000e+06
1.129877000000000000e+06
9.551790000000000000e+05
1.136968000000000000e+06
1.521357000000000000e+06
2.906220000000000000e+05
1.624436000000000000e+06
1.849685000000000000e+06
1.419262000000000000e+06
1.435500000000000000e+04
1.788191000000000000e+06
1.855371000000000000e+06
1.248010000000000000e+06
9.420730000000000000e+05
1.549357000000000000e+06
1.744240000000000000e+06
1.782882000000000000e+06
7.001480000000000000e+05
9.381680000000000000e+05
6.729020000000000000e+05
3.453940000000000000e+05
9.312180000000000000e+05
1.375304000000000000e+06
4.433440000000000000e+05
8.694830000000000000e+05
1.259500000000000000e+04
5.067270000000000000e+05
2.245170000000000000e+05
1.830192000000000000e+06
1.346507000000000000e+06
1.109427000000000000e+06
1.826221000000000000e+06
1.364032000000000000e+06
7.291700000000000000e+04
1.210930000000000000e+05
1.151006000000000000e+06
4.399920000000000000e+05
3.746740000000000000e+05
3.344800000000000000e+04
1.580532000000000000e+06
1.127475000000000000e+06
3.058320000000000000e+05
4.354070000000000000e+05
1.160574000000000000e+06
4.772910000000000000e+05
1.852991000000000000e+06
1.125158000000000000e+06
1.412090000000000000e+05
4.446450000000000000e+05
1.628620000000000000e+06
1.357022000000000000e+06
1.461856000000000000e+06
1.744935000000000000e+06
1.832843000000000000e+06
7.219300000000000000e+05
8.984920000000000000e+05
1.226322000000000000e+06
1.451298000000000000e+06
1.785008000000000000e+06
1.624995000000000000e+06
1.356394000000000000e+06
9.540100000000000000e+05
1.102463000000000000e+06
3.660790000000000000e+05
1.680905000000000000e+06
1.227642000000000000e+06
1.004650000000000000e+06
1.605771000000000000e+06
1.826369000000000000e+06
6.656840000000000000e+05
1.773161000000000000e+06
1.446930000000000000e+05
1.364958000000000000e+06
1.784242000000000000e+06
7.278720000000000000e+05
9.720930000000000000e+05
1.475455000000000000e+06
1.453290000000000000e+06
1.824928000000000000e+06
1.851091000000000000e+06
1.840938000000000000e+06
1.611987000000000000e+06
6.398310000000000000e+05
3.884590000000000000e+05
1.114971000000000000e+06
1.569111000000000000e+06
3.030830000000000000e+05
1.198170000000000000e+05
1.591064000000000000e+06
1.356966000000000000e+06
3.388510000000000000e+05
1.254892000000000000e+06
3.211740000000000000e+05
1.181140000000000000e+05
1.522760000000000000e+06
1.018495000000000000e+06
1.320746000000000000e+06
1.714856000000000000e+06
1.599954000000000000e+06
1.744819000000000000e+06
1.625521000000000000e+06
8.069560000000000000e+05
8.512640000000000000e+05
6.525930000000000000e+05
3.213800000000000000e+05
9.628780000000000000e+05
5.123070000000000000e+05
1.825175000000000000e+06
8.796850000000000000e+05
2.474450000000000000e+05
1.743540000000000000e+06
2.719500000000000000e+04
1.380817000000000000e+06
1.509060000000000000e+06
3.776990000000000000e+05
9.916210000000000000e+05
1.722004000000000000e+06
1.002283000000000000e+06
9.359160000000000000e+05
3.854700000000000000e+04
1.565983000000000000e+06
6.928520000000000000e+05
1.712945000000000000e+06
1.436146000000000000e+06
1.128410000000000000e+05
1.653701000000000000e+06
1.482076000000000000e+06
1.606702000000000000e+06
3.718770000000000000e+05
1.192651000000000000e+06
1.259606000000000000e+06
1.068033000000000000e+06
1.743354000000000000e+06
4.669110000000000000e+05
1.586613000000000000e+06
1.018414000000000000e+06
1.264800000000000000e+05
1.054490000000000000e+05
3.952300000000000000e+04
1.651831000000000000e+06
1.762007000000000000e+06
4.396160000000000000e+05
1.273880000000000000e+05
5.014130000000000000e+05
4.360040000000000000e+05
1.659657000000000000e+06
1.383866000000000000e+06
1.372030000000000000e+06
6.123190000000000000e+05
1.225204000000000000e+06
1.624373000000000000e+06
5.126220000000000000e+05
3.730700000000000000e+05
1.230524000000000000e+06
1.709456000000000000e+06
9.357760000000000000e+05
3.590270000000000000e+05
4.379400000000000000e+05
4.787930000000000000e+05
4.956000000000000000e+05
5.805440000000000000e+05
8.980600000000000000e+05
1.816253000000000000e+06
1.846190000000000000e+06
1.221726000000000000e+06
6.122060000000000000e+05
1.229698000000000000e+06
1.281794000000000000e+06
3.835920000000000000e+05
6.171120000000000000e+05
1.287147000000000000e+06
3.168960000000000000e+05
7.350380000000000000e+05
1.242651000000000000e+06
2.240190000000000000e+05
1.556096000000000000e+06
1.760634000000000000e+06
1.764026000000000000e+06
1.364426000000000000e+06
1.024514000000000000e+06
1.107170000000000000e+06
6.124880000000000000e+05
1.278048000000000000e+06
1.853079000000000000e+06
1.225491000000000000e+06
3.574220000000000000e+05
1.445257000000000000e+06
1.078889000000000000e+06
1.786150000000000000e+05
3.813550000000000000e+05
6.766410000000000000e+05
1.482579000000000000e+06
1.336928000000000000e+06
1.822444000000000000e+06
1.014940000000000000e+06
6.181110000000000000e+05
8.874020000000000000e+05
6.414800000000000000e+05
2.329730000000000000e+05
4.771430000000000000e+05
7.351040000000000000e+05
1.260928000000000000e+06
1.571852000000000000e+06
1.152196000000000000e+06
6.584590000000000000e+05
1.633695000000000000e+06
3.642350000000000000e+05
2.255790000000000000e+05
1.454050000000000000e+06
1.167800000000000000e+06
1.279260000000000000e+06
1.276258000000000000e+06
1.205630000000000000e+06
1.584818000000000000e+06
1.226045000000000000e+06
1.378800000000000000e+06
7.257000000000000000e+05
6.338170000000000000e+05
9.433610000000000000e+05
1.134703000000000000e+06
2.202200000000000000e+05
1.720830000000000000e+06
3.397110000000000000e+05
1.736090000000000000e+05
9.502740000000000000e+05
1.369238000000000000e+06
1.314326000000000000e+06
1.364179000000000000e+06
7.267240000000000000e+05
1.847292000000000000e+06
7.179950000000000000e+05
1.565494000000000000e+06
5.817530000000000000e+05
1.842928000000000000e+06
1.763542000000000000e+06
1.710601000000000000e+06
1.831252000000000000e+06
7.242930000000000000e+05
1.315817000000000000e+06
1.827539000000000000e+06
3.039660000000000000e+05
1.004013000000000000e+06
2.246600000000000000e+05
1.664084000000000000e+06
4.368700000000000000e+04
1.223880000000000000e+05
4.392660000000000000e+05
1.568323000000000000e+06
1.107945000000000000e+06
1.712659000000000000e+06
4.173500000000000000e+05
1.226963000000000000e+06
2.488470000000000000e+05
2.461690000000000000e+05
1.574091000000000000e+06
1.102600000000000000e+06
5.355240000000000000e+05
1.386055000000000000e+06
9.402100000000000000e+04
2.345130000000000000e+05
1.815097000000000000e+06
1.592629000000000000e+06
1.098157000000000000e+06
4.399800000000000000e+04
1.719800000000000000e+04
1.803681000000000000e+06
5.809600000000000000e+05
1.368957000000000000e+06
1.705233000000000000e+06
2.337440000000000000e+05
9.044720000000000000e+05
5.394320000000000000e+05
9.906590000000000000e+05
1.039810000000000000e+05
1.676225000000000000e+06
3.459000000000000000e+05
1.418920000000000000e+06
6.642780000000000000e+05
6.730130000000000000e+05
1.560975000000000000e+06
1.760772000000000000e+06
8.981460000000000000e+05
1.229461000000000000e+06
4.703400000000000000e+05
1.238676000000000000e+06
2.294930000000000000e+05
1.821727000000000000e+06
1.096249000000000000e+06
1.156646000000000000e+06
3.576800000000000000e+04
1.274828000000000000e+06
9.472520000000000000e+05
1.829339000000000000e+06
9.160510000000000000e+05
1.163750000000000000e+06
7.337950000000000000e+05
1.111906000000000000e+06
1.607586000000000000e+06
1.370254000000000000e+06
5.163950000000000000e+05
1.198907000000000000e+06
4.520160000000000000e+05
9.268820000000000000e+05
1.354430000000000000e+05
1.852407000000000000e+06
1.714955000000000000e+06
4.149740000000000000e+05
7.150400000000000000e+05
1.267231000000000000e+06
1.830330000000000000e+06
5.316260000000000000e+05
7.657620000000000000e+05
5.067140000000000000e+05
1.717354000000000000e+06
3.713500000000000000e+04
1.394062000000000000e+06
1.094031000000000000e+06
9.302110000000000000e+05
7.657100000000000000e+05
1.275271000000000000e+06
1.839807000000000000e+06
1.830176000000000000e+06
7.574870000000000000e+05
1.384713000000000000e+06
2.113310000000000000e+05
1.278396000000000000e+06
1.311160000000000000e+05
3.525770000000000000e+05
9.375660000000000000e+05
1.248650000000000000e+05
1.839875000000000000e+06
9.552880000000000000e+05
5.741700000000000000e+04
1.179858000000000000e+06
6.176980000000000000e+05
1.257888000000000000e+06
1.770436000000000000e+06
1.569868000000000000e+06
7.284900000000000000e+05
1.603340000000000000e+06
1.260867000000000000e+06
1.221494000000000000e+06
1.835694000000000000e+06
6.177190000000000000e+05
6.291650000000000000e+05
5.087590000000000000e+05
6.137440000000000000e+05
1.375267000000000000e+06
3.823510000000000000e+05
1.088397000000000000e+06
3.862840000000000000e+05
6.536080000000000000e+05
4.367090000000000000e+05
1.206414000000000000e+06
1.383723000000000000e+06
1.278220000000000000e+05
1.193190000000000000e+06
1.131565000000000000e+06
3.856600000000000000e+05
1.643769000000000000e+06
2.618800000000000000e+05
1.593601000000000000e+06
2.402110000000000000e+05
1.463075000000000000e+06
6.609750000000000000e+05
1.466983000000000000e+06
1.735890000000000000e+05
1.633543000000000000e+06
1.066800000000000000e+05
1.722288000000000000e+06
3.884110000000000000e+05
1.613272000000000000e+06
8.893460000000000000e+05
1.313313000000000000e+06
5.102560000000000000e+05
6.092790000000000000e+05
1.230323000000000000e+06
1.025825000000000000e+06
1.574904000000000000e+06
1.751320000000000000e+06
1.473981000000000000e+06
1.230117000000000000e+06
1.756066000000000000e+06
1.602146000000000000e+06
1.319185000000000000e+06
1.323456000000000000e+06
1.160017000000000000e+06
3.878280000000000000e+05
1.625330000000000000e+06
1.060524000000000000e+06
1.712503000000000000e+06
1.694662000000000000e+06
1.762341000000000000e+06
1.821556000000000000e+06
1.249507000000000000e+06
1.504275000000000000e+06
1.830665000000000000e+06
1.528805000000000000e+06
1.113786000000000000e+06
1.444756000000000000e+06
6.195400000000000000e+05
1.726410000000000000e+06
1.714836000000000000e+06
1.825390000000000000e+06
1.320068000000000000e+06
1.530390000000000000e+05
1.420363000000000000e+06
5.254970000000000000e+05
1.600779000000000000e+06
1.711343000000000000e+06
1.355132000000000000e+06
1.607441000000000000e+06
1.198509000000000000e+06
4.261940000000000000e+05
1.350903000000000000e+06
1.651222000000000000e+06
1.828179000000000000e+06
1.379479000000000000e+06
1.088721000000000000e+06
1.161425000000000000e+06
3.908390000000000000e+05
4.563390000000000000e+05
1.745978000000000000e+06
1.620254000000000000e+06
4.936280000000000000e+05
2.991350000000000000e+05
2.069310000000000000e+05
9.526840000000000000e+05
2.959480000000000000e+05
1.063580000000000000e+06
1.113368000000000000e+06
1.841320000000000000e+05
1.380367000000000000e+06
8.980000000000000000e+05
9.268950000000000000e+05
1.487216000000000000e+06
8.993730000000000000e+05
1.107078000000000000e+06
1.708383000000000000e+06
1.795720000000000000e+05
1.760742000000000000e+06
1.706823000000000000e+06
1.101317000000000000e+06
2.891800000000000000e+05
1.254022000000000000e+06
1.808601000000000000e+06
1.315750000000000000e+05
1.296806000000000000e+06
1.357551000000000000e+06
7.050330000000000000e+05
1.095933000000000000e+06
1.323433000000000000e+06
8.995300000000000000e+04
1.847330000000000000e+06
1.017744000000000000e+06
6.393450000000000000e+05
1.822487000000000000e+06
4.572300000000000000e+04
5.620970000000000000e+05
6.802590000000000000e+05
1.125544000000000000e+06
1.356226000000000000e+06
1.713428000000000000e+06
1.716294000000000000e+06
7.288370000000000000e+05
1.379633000000000000e+06
1.853241000000000000e+06
8.965440000000000000e+05
1.732604000000000000e+06
1.455649000000000000e+06
3.217730000000000000e+05
1.252468000000000000e+06
1.353280000000000000e+05
1.349761000000000000e+06
2.860980000000000000e+05
7.275230000000000000e+05
1.650680000000000000e+06
1.832255000000000000e+06
1.379016000000000000e+06
5.645450000000000000e+05
1.187923000000000000e+06
1.840270000000000000e+06
4.216640000000000000e+05
1.838258000000000000e+06
1.844780000000000000e+06
1.762698000000000000e+06
1.840200000000000000e+04
4.744470000000000000e+05
2.121360000000000000e+05
1.342597000000000000e+06
1.192753000000000000e+06
1.841275000000000000e+06
1.729405000000000000e+06
2.082620000000000000e+05
1.607729000000000000e+06
1.238122000000000000e+06
1.727177000000000000e+06
9.595490000000000000e+05
5.905880000000000000e+05
1.592370000000000000e+06
3.027650000000000000e+05
1.366898000000000000e+06
1.744419000000000000e+06
3.889180000000000000e+05
5.494520000000000000e+05
3.796640000000000000e+05
8.938900000000000000e+04
2.406050000000000000e+05
1.622259000000000000e+06
1.073510000000000000e+05
5.702630000000000000e+05
1.379903000000000000e+06
9.578400000000000000e+05
1.731935000000000000e+06
2.520150000000000000e+05
5.014850000000000000e+05
3.142830000000000000e+05
3.410730000000000000e+05
9.910340000000000000e+05
1.808607000000000000e+06
1.711906000000000000e+06
1.825651000000000000e+06
1.450789000000000000e+06
3.699100000000000000e+04
5.796530000000000000e+05
6.170340000000000000e+05
1.849016000000000000e+06
1.870880000000000000e+05
2.680740000000000000e+05
1.624741000000000000e+06
1.292956000000000000e+06
1.158224000000000000e+06
1.602427000000000000e+06
1.633828000000000000e+06
1.774690000000000000e+06
4.393220000000000000e+05
1.482266000000000000e+06
1.846249000000000000e+06
1.635913000000000000e+06
1.347420000000000000e+06
2.039360000000000000e+05
9.169010000000000000e+05
3.245970000000000000e+05
4.380240000000000000e+05
1.428583000000000000e+06
3.232880000000000000e+05
1.060530000000000000e+06
1.806614000000000000e+06
6.371660000000000000e+05
1.696803000000000000e+06
1.988170000000000000e+05
3.265270000000000000e+05
5.886210000000000000e+05
1.681876000000000000e+06
1.548084000000000000e+06
1.525925000000000000e+06
1.637842000000000000e+06
1.783110000000000000e+06
3.901100000000000000e+05
5.246160000000000000e+05
2.741060000000000000e+05
1.497356000000000000e+06
1.247339000000000000e+06
5.385590000000000000e+05
1.845729000000000000e+06
1.630243000000000000e+06
1.716127000000000000e+06
1.428999000000000000e+06
1.605497000000000000e+06
1.235543000000000000e+06
1.700993000000000000e+06
1.237267000000000000e+06
1.365067000000000000e+06
1.416601000000000000e+06
3.233350000000000000e+05
1.518082000000000000e+06
1.240760000000000000e+06
2.242330000000000000e+05
1.630583000000000000e+06
4.969130000000000000e+05
9.266800000000000000e+05
1.125554000000000000e+06
1.388684000000000000e+06
1.011180000000000000e+05
4.527950000000000000e+05
1.471262000000000000e+06
1.717857000000000000e+06
1.534900000000000000e+05
1.994850000000000000e+05
1.160685000000000000e+06
1.834929000000000000e+06
1.621730000000000000e+06
1.506453000000000000e+06
1.675773000000000000e+06
5.327830000000000000e+05
4.295400000000000000e+05
1.368509000000000000e+06
9.279340000000000000e+05
1.848406000000000000e+06
1.820658000000000000e+06
1.058380000000000000e+06
2.527190000000000000e+05
1.088686000000000000e+06
1.587910000000000000e+06
5.591500000000000000e+04
4.719540000000000000e+05
1.194371000000000000e+06
1.374798000000000000e+06
9.523790000000000000e+05
1.845827000000000000e+06
1.359930000000000000e+05
3.173420000000000000e+05
1.478200000000000000e+04
1.762164000000000000e+06
5.896610000000000000e+05
3.238850000000000000e+05
8.870370000000000000e+05
1.223160000000000000e+05
1.476559000000000000e+06
1.706541000000000000e+06
6.371250000000000000e+05
5.180710000000000000e+05
9.543390000000000000e+05
1.594571000000000000e+06
1.292231000000000000e+06
7.359670000000000000e+05
1.571540000000000000e+06
1.479900000000000000e+05
1.043536000000000000e+06
1.476163000000000000e+06
1.630532000000000000e+06
1.333964000000000000e+06
3.755790000000000000e+05
1.813722000000000000e+06
5.726300000000000000e+05
7.191340000000000000e+05
3.284050000000000000e+05
2.217530000000000000e+05
1.298208000000000000e+06
1.111618000000000000e+06
1.823997000000000000e+06
3.416660000000000000e+05
6.950320000000000000e+05
9.309000000000000000e+05
1.820468000000000000e+06
1.666389000000000000e+06
9.162020000000000000e+05
1.711014000000000000e+06
1.546732000000000000e+06
1.659497000000000000e+06
6.468740000000000000e+05
2.453270000000000000e+05
9.509500000000000000e+05
1.770154000000000000e+06
4.422440000000000000e+05
1.624982000000000000e+06
2.946900000000000000e+05
5.042150000000000000e+05
1.574848000000000000e+06
3.799190000000000000e+05
7.268600000000000000e+04
5.340630000000000000e+05
1.382080000000000000e+06
1.716072000000000000e+06
1.625387000000000000e+06
1.763690000000000000e+06
7.245480000000000000e+05
1.653385000000000000e+06
1.697094000000000000e+06
3.741570000000000000e+05
1.191721000000000000e+06
1.366193000000000000e+06
4.982740000000000000e+05
1.828732000000000000e+06
4.381790000000000000e+05
1.225162000000000000e+06
1.481193000000000000e+06
8.097600000000000000e+04
2.895060000000000000e+05
1.671440000000000000e+06
1.275215000000000000e+06
5.292520000000000000e+05
1.729403000000000000e+06
1.370333000000000000e+06
1.622742000000000000e+06
4.058920000000000000e+05
1.161716000000000000e+06
1.531507000000000000e+06
2.132990000000000000e+05
9.279410000000000000e+05
1.152461000000000000e+06
1.094399000000000000e+06
1.457633000000000000e+06
2.128310000000000000e+05
3.949240000000000000e+05
1.852815000000000000e+06
1.397498000000000000e+06
1.683940000000000000e+05
1.099738000000000000e+06
1.607651000000000000e+06
1.520290000000000000e+06
7.583740000000000000e+05
1.354535000000000000e+06
1.564172000000000000e+06
2.357690000000000000e+05
1.584025000000000000e+06
1.734180000000000000e+05
1.476451000000000000e+06
1.380427000000000000e+06
1.232201000000000000e+06
1.714482000000000000e+06
1.008450000000000000e+05
5.761300000000000000e+05
3.444120000000000000e+05
1.782985000000000000e+06
1.380435000000000000e+06
8.167060000000000000e+05
7.780710000000000000e+05
8.502030000000000000e+05
1.729601000000000000e+06
1.568879000000000000e+06
1.376678000000000000e+06
1.380307000000000000e+06
1.279738000000000000e+06
1.160310000000000000e+05
7.001940000000000000e+05
5.073130000000000000e+05
1.616870000000000000e+05
3.860110000000000000e+05
3.137370000000000000e+05
2.136160000000000000e+05
6.970350000000000000e+05
9.283860000000000000e+05
5.599630000000000000e+05
3.855440000000000000e+05
1.072052000000000000e+06
1.569664000000000000e+06
1.228528000000000000e+06
1.394460000000000000e+06
5.465250000000000000e+05
1.079801000000000000e+06
3.593820000000000000e+05
1.130729000000000000e+06
1.028658000000000000e+06
7.656910000000000000e+05
9.421690000000000000e+05
1.347020000000000000e+05
2.348350000000000000e+05
9.407230000000000000e+05
1.717094000000000000e+06
1.216946000000000000e+06
1.058514000000000000e+06
1.618927000000000000e+06
2.073380000000000000e+05
1.525769000000000000e+06
5.129640000000000000e+05
1.709246000000000000e+06
1.081409000000000000e+06
1.001640000000000000e+06
3.120080000000000000e+05
1.146751000000000000e+06
4.630970000000000000e+05
1.635764000000000000e+06
2.254060000000000000e+05
5.399920000000000000e+05
1.447399000000000000e+06
1.189516000000000000e+06
6.055680000000000000e+05
1.592569000000000000e+06
3.420060000000000000e+05
1.446941000000000000e+06
1.531731000000000000e+06
1.620457000000000000e+06
9.258750000000000000e+05
1.073363000000000000e+06
3.141230000000000000e+05
1.856530000000000000e+05
7.306700000000000000e+05
1.331919000000000000e+06
1.522353000000000000e+06
9.163610000000000000e+05
1.547529000000000000e+06
2.546660000000000000e+05
1.530389000000000000e+06
1.650963000000000000e+06
1.758627000000000000e+06
1.586398000000000000e+06
7.268230000000000000e+05
9.343090000000000000e+05
1.166157000000000000e+06
3.115020000000000000e+05
1.666868000000000000e+06
1.080352000000000000e+06
1.276530000000000000e+06
1.140108000000000000e+06
6.890430000000000000e+05
1.355152000000000000e+06
1.565885000000000000e+06
5.388210000000000000e+05
1.126491000000000000e+06
1.828607000000000000e+06
7.597450000000000000e+05
1.828272000000000000e+06
1.129538000000000000e+06
1.289338000000000000e+06
9.014850000000000000e+05
2.573810000000000000e+05
7.259190000000000000e+05
1.520462000000000000e+06
1.297718000000000000e+06
5.291420000000000000e+05
4.732450000000000000e+05
9.526920000000000000e+05
2.389340000000000000e+05
1.086830000000000000e+05
1.359217000000000000e+06
6.307690000000000000e+05
9.522600000000000000e+05
1.658113000000000000e+06
1.545493000000000000e+06
1.789365000000000000e+06
1.570148000000000000e+06
1.324144000000000000e+06
1.113430000000000000e+05
1.087861000000000000e+06
1.345608000000000000e+06
1.151730000000000000e+06
5.302440000000000000e+05
6.830730000000000000e+05
9.668480000000000000e+05
3.693950000000000000e+05
1.760153000000000000e+06
4.731600000000000000e+04
1.685904000000000000e+06
1.732600000000000000e+05
1.836820000000000000e+06
1.455502000000000000e+06
1.488313000000000000e+06
1.288773000000000000e+06
4.410830000000000000e+05
1.805750000000000000e+06
5.737810000000000000e+05
4.779630000000000000e+05
1.220251000000000000e+06
3.747050000000000000e+05
1.780332000000000000e+06
1.371787000000000000e+06
1.511769000000000000e+06
3.809110000000000000e+05
1.732670000000000000e+05
5.397870000000000000e+05
3.021370000000000000e+05
7.062480000000000000e+05
1.388982000000000000e+06
1.521842000000000000e+06
1.247843000000000000e+06
1.337920000000000000e+06
1.808355000000000000e+06
1.258768000000000000e+06
2.197870000000000000e+05
1.492447000000000000e+06
1.521522000000000000e+06
5.587760000000000000e+05
1.789740000000000000e+05
1.311176000000000000e+06
2.627700000000000000e+04
1.847935000000000000e+06
1.650672000000000000e+06
4.553270000000000000e+05
1.754175000000000000e+06
1.763227000000000000e+06
6.915560000000000000e+05
1.110116000000000000e+06
1.463947000000000000e+06
1.785988000000000000e+06
1.706437000000000000e+06
1.752316000000000000e+06
1.206475000000000000e+06
2.851150000000000000e+05
2.132300000000000000e+05
1.462291000000000000e+06
1.125157000000000000e+06
1.204208000000000000e+06
1.564413000000000000e+06
1.637585000000000000e+06
2.023280000000000000e+05
1.456857000000000000e+06
7.158400000000000000e+05
8.096230000000000000e+05
1.784890000000000000e+05
1.825366000000000000e+06
1.935060000000000000e+05
1.099429000000000000e+06
1.575178000000000000e+06
1.379818000000000000e+06
3.379540000000000000e+05
1.620284000000000000e+06
5.212030000000000000e+05
1.145900000000000000e+04
1.368246000000000000e+06
1.729629000000000000e+06
1.709310000000000000e+05
1.710242000000000000e+06
7.263950000000000000e+05
1.834374000000000000e+06
1.264501000000000000e+06
3.896490000000000000e+05
1.450677000000000000e+06
1.688828000000000000e+06
1.366401000000000000e+06
1.224640000000000000e+06
1.165336000000000000e+06
1.128516000000000000e+06
1.437651000000000000e+06
1.523530000000000000e+05
1.722478000000000000e+06
3.760890000000000000e+05
2.497000000000000000e+04
5.149050000000000000e+05
1.082145000000000000e+06
4.327680000000000000e+05
1.254950000000000000e+05
6.022360000000000000e+05
1.077472000000000000e+06
5.009320000000000000e+05
3.036310000000000000e+05
3.101540000000000000e+05
3.079060000000000000e+05
7.047280000000000000e+05
6.616640000000000000e+05
1.384359000000000000e+06
3.968100000000000000e+04
4.635420000000000000e+05
1.714559000000000000e+06
1.594466000000000000e+06
1.261019000000000000e+06
4.366580000000000000e+05
1.152787000000000000e+06
1.492651000000000000e+06
1.387617000000000000e+06
1.341260000000000000e+05
1.755211000000000000e+06
1.819347000000000000e+06
1.265442000000000000e+06
7.213110000000000000e+05
3.419590000000000000e+05
1.853050000000000000e+06
9.156040000000000000e+05
1.117692000000000000e+06
1.229083000000000000e+06
3.032790000000000000e+05
3.687700000000000000e+04
6.535280000000000000e+05
1.212001000000000000e+06
5.805020000000000000e+05
1.082167000000000000e+06
9.003820000000000000e+05
1.609668000000000000e+06
1.684083000000000000e+06
8.973690000000000000e+05
1.255389000000000000e+06
1.252493000000000000e+06
1.130564000000000000e+06
7.411260000000000000e+05
1.827177000000000000e+06
4.479520000000000000e+05
1.673264000000000000e+06
5.663590000000000000e+05
8.563870000000000000e+05
7.837730000000000000e+05
8.141010000000000000e+05
1.330958000000000000e+06
1.659339000000000000e+06
4.392960000000000000e+05
4.474680000000000000e+05
1.025277000000000000e+06
1.806862000000000000e+06
1.414140000000000000e+05
5.891810000000000000e+05
3.513210000000000000e+05
3.888750000000000000e+05
7.359580000000000000e+05
5.131610000000000000e+05
3.055600000000000000e+04
1.522447000000000000e+06
9.709240000000000000e+05
1.620668000000000000e+06
7.193760000000000000e+05
5.284570000000000000e+05
3.541050000000000000e+05
1.490544000000000000e+06
1.594995000000000000e+06
4.612780000000000000e+05
1.528705000000000000e+06
9.339340000000000000e+05
1.575084000000000000e+06
1.695530000000000000e+05
1.634344000000000000e+06
1.108785000000000000e+06
1.729570000000000000e+06
1.833890000000000000e+06
1.454329000000000000e+06
3.816790000000000000e+05
1.514178000000000000e+06
1.631061000000000000e+06
8.975170000000000000e+05
4.384960000000000000e+05
1.253417000000000000e+06
5.034170000000000000e+05
1.558700000000000000e+06
1.252660000000000000e+06
6.584610000000000000e+05
1.840526000000000000e+06
1.673138000000000000e+06
5.366590000000000000e+05
1.624986000000000000e+06
1.204940000000000000e+05
1.682792000000000000e+06
5.815380000000000000e+05
6.541630000000000000e+05
6.475720000000000000e+05
9.306190000000000000e+05
1.631420000000000000e+06
1.805719000000000000e+06
1.055507000000000000e+06
1.844166000000000000e+06
7.076510000000000000e+05
1.693000000000000000e+06
1.247281000000000000e+06
1.571404000000000000e+06
1.379515000000000000e+06
1.779527000000000000e+06
1.580780000000000000e+05
5.139810000000000000e+05
5.759710000000000000e+05
1.565068000000000000e+06
1.404060000000000000e+06
3.192380000000000000e+05
1.759695000000000000e+06
1.369879000000000000e+06
1.492934000000000000e+06
4.583330000000000000e+05
1.427730000000000000e+05
1.267196000000000000e+06
1.208559000000000000e+06
1.790858000000000000e+06
1.716429000000000000e+06
3.004870000000000000e+05
1.780157000000000000e+06
9.163730000000000000e+05
1.720356000000000000e+06
1.543619000000000000e+06
7.992300000000000000e+04
1.380655000000000000e+06
1.836460000000000000e+06
1.256393000000000000e+06
1.184500000000000000e+04
5.464790000000000000e+05
1.357570000000000000e+05
5.808180000000000000e+05
1.074306000000000000e+06
1.466800000000000000e+06
1.024255000000000000e+06
1.624290000000000000e+06
8.823230000000000000e+05
1.678853000000000000e+06
1.116319000000000000e+06
1.680125000000000000e+06
9.636230000000000000e+05
9.236600000000000000e+04
5.517710000000000000e+05
6.610970000000000000e+05
6.192870000000000000e+05
2.868210000000000000e+05
5.815820000000000000e+05
6.663600000000000000e+05
1.058803000000000000e+06
1.062485000000000000e+06
1.463074000000000000e+06
1.631925000000000000e+06
1.708794000000000000e+06
4.905650000000000000e+05
1.097380000000000000e+05
4.692820000000000000e+05
1.518109000000000000e+06
4.381580000000000000e+05
1.779635000000000000e+06
1.379292000000000000e+06
1.827240000000000000e+05
1.679630000000000000e+06
1.743700000000000000e+04
1.712896000000000000e+06
1.437912000000000000e+06
6.608380000000000000e+05
8.969680000000000000e+05
1.845761000000000000e+06
1.708341000000000000e+06
3.005550000000000000e+05
1.527594000000000000e+06
1.633744000000000000e+06
7.033620000000000000e+05
2.039000000000000000e+04
1.383206000000000000e+06
1.465499000000000000e+06
5.951750000000000000e+05
1.586226000000000000e+06
1.166087000000000000e+06
1.523264000000000000e+06
1.814602000000000000e+06
1.731610000000000000e+05
1.756565000000000000e+06
1.283232000000000000e+06
6.752690000000000000e+05
1.425320000000000000e+06
4.208110000000000000e+05
1.578540000000000000e+06
4.471890000000000000e+05
3.793130000000000000e+05
1.819983000000000000e+06
3.042850000000000000e+05
6.529200000000000000e+05
1.162855000000000000e+06
1.477937000000000000e+06
5.857330000000000000e+05
1.127598000000000000e+06
1.194720000000000000e+05
1.643488000000000000e+06
1.695455000000000000e+06
1.524483000000000000e+06
1.739131000000000000e+06
1.256593000000000000e+06
1.174510000000000000e+05
4.105270000000000000e+05
6.594100000000000000e+05
5.468580000000000000e+05
4.617060000000000000e+05
6.553960000000000000e+05
5.656810000000000000e+05
3.781470000000000000e+05
2.709030000000000000e+05
2.291130000000000000e+05
2.377070000000000000e+05
1.377203000000000000e+06
1.124516000000000000e+06
1.754503000000000000e+06
4.739700000000000000e+05
7.048010000000000000e+05
2.052250000000000000e+05
7.030550000000000000e+05
1.527998000000000000e+06
5.013590000000000000e+05
1.224770000000000000e+06
1.545770000000000000e+06
7.452290000000000000e+05
9.254000000000000000e+03
2.115230000000000000e+05
1.785126000000000000e+06
7.386670000000000000e+05
1.783280000000000000e+06
9.419320000000000000e+05
1.275170000000000000e+06
1.337007000000000000e+06
1.461388000000000000e+06
1.030445000000000000e+06
1.043659000000000000e+06
3.781430000000000000e+05
1.213500000000000000e+04
1.812755000000000000e+06
1.277651000000000000e+06
5.231930000000000000e+05
2.645160000000000000e+05
1.713105000000000000e+06
1.620380000000000000e+06
1.697754000000000000e+06
1.831580000000000000e+06
1.488113000000000000e+06
9.022180000000000000e+05
6.363100000000000000e+05
5.869880000000000000e+05
8.963070000000000000e+05
1.305300000000000000e+05
1.482808000000000000e+06
1.758431000000000000e+06
6.722010000000000000e+05
7.057400000000000000e+05
5.784850000000000000e+05
1.080130000000000000e+05
1.042908000000000000e+06
1.366451000000000000e+06
3.652800000000000000e+05
6.186660000000000000e+05
4.946120000000000000e+05
8.945010000000000000e+05
1.211356000000000000e+06
1.854393000000000000e+06
1.389810000000000000e+06
1.198059000000000000e+06
1.828262000000000000e+06
3.570200000000000000e+04
1.631714000000000000e+06
1.628400000000000000e+06
1.339795000000000000e+06
5.752280000000000000e+05
6.998400000000000000e+04
4.570550000000000000e+05
1.383636000000000000e+06
1.777933000000000000e+06
4.400350000000000000e+05
1.354543000000000000e+06
6.585100000000000000e+05
4.998970000000000000e+05
1.339585000000000000e+06
1.060878000000000000e+06
4.940220000000000000e+05
1.237400000000000000e+04
1.833003000000000000e+06
7.357840000000000000e+05
1.783054000000000000e+06
3.753090000000000000e+05
1.330497000000000000e+06
1.607310000000000000e+06
7.045950000000000000e+05
2.243460000000000000e+05
1.960830000000000000e+05
1.779432000000000000e+06
1.855531000000000000e+06
1.560916000000000000e+06
1.111568000000000000e+06
1.288420000000000000e+06
3.083720000000000000e+05
5.301230000000000000e+05
1.002230000000000000e+05
3.114500000000000000e+05
1.450831000000000000e+06
1.111764000000000000e+06
2.276050000000000000e+05
1.620705000000000000e+06
1.788788000000000000e+06
9.318900000000000000e+05
4.136100000000000000e+04
9.372630000000000000e+05
3.687220000000000000e+05
1.254606000000000000e+06
1.274333000000000000e+06
1.613591000000000000e+06
7.257900000000000000e+04
5.512190000000000000e+05
1.818057000000000000e+06
1.005034000000000000e+06
1.919790000000000000e+05
1.322688000000000000e+06
1.353102000000000000e+06
1.568719000000000000e+06
1.607674000000000000e+06
1.635030000000000000e+06
1.831523000000000000e+06
1.224467000000000000e+06
1.743011000000000000e+06
1.519974000000000000e+06
1.095303000000000000e+06
2.446760000000000000e+05
1.816899000000000000e+06
1.845193000000000000e+06
1.471740000000000000e+05
1.109292000000000000e+06
7.547090000000000000e+05
5.053130000000000000e+05
1.366427000000000000e+06
1.809565000000000000e+06
7.843200000000000000e+04
6.376890000000000000e+05
5.390340000000000000e+05
1.529296000000000000e+06
4.627630000000000000e+05
1.848410000000000000e+06
1.114209000000000000e+06
1.731990000000000000e+06
1.241629000000000000e+06
1.267520000000000000e+06
9.001040000000000000e+05
7.201650000000000000e+05
5.293570000000000000e+05
4.456060000000000000e+05
1.477521000000000000e+06
1.814427000000000000e+06
1.289489000000000000e+06
1.594721000000000000e+06
1.343576000000000000e+06
6.218970000000000000e+05
3.513580000000000000e+05
6.370540000000000000e+05
5.900140000000000000e+05
6.682080000000000000e+05
4.849600000000000000e+04
3.517260000000000000e+05
1.022010000000000000e+05
1.363357000000000000e+06
1.414657000000000000e+06
1.300815000000000000e+06
1.225497000000000000e+06
1.276799000000000000e+06
3.823120000000000000e+05
1.372732000000000000e+06
1.732591000000000000e+06
8.710720000000000000e+05
3.165660000000000000e+05
1.592130000000000000e+06
1.630456000000000000e+06
3.567650000000000000e+05
6.153860000000000000e+05
1.781442000000000000e+06
5.324650000000000000e+05
2.438820000000000000e+05
3.065850000000000000e+05
3.518080000000000000e+05
2.804200000000000000e+05
3.872580000000000000e+05
1.118838000000000000e+06
1.431310000000000000e+05
1.702551000000000000e+06
1.077813000000000000e+06
1.846123000000000000e+06
1.592589000000000000e+06
1.307817000000000000e+06
1.648240000000000000e+05
1.293696000000000000e+06
1.215270000000000000e+05
2.441830000000000000e+05
1.817303000000000000e+06
1.222550000000000000e+06
3.717430000000000000e+05
7.015050000000000000e+05
1.625459000000000000e+06
1.711107000000000000e+06
1.772988000000000000e+06
1.232204000000000000e+06
1.660343000000000000e+06
3.036540000000000000e+05
4.306180000000000000e+05
1.785980000000000000e+05
1.193119000000000000e+06
1.309540000000000000e+05
1.123400000000000000e+05
1.948150000000000000e+05
1.442561000000000000e+06
1.471830000000000000e+06
1.830454000000000000e+06
2.133560000000000000e+05
1.257574000000000000e+06
2.191200000000000000e+04
1.824584000000000000e+06
1.206816000000000000e+06
1.114938000000000000e+06
1.223431000000000000e+06
3.245350000000000000e+05
6.365490000000000000e+05
7.093730000000000000e+05
1.380841000000000000e+06
1.372720000000000000e+06
1.472009000000000000e+06
8.965230000000000000e+05
1.114768000000000000e+06
6.954530000000000000e+05
2.496130000000000000e+05
3.879550000000000000e+05
2.875700000000000000e+04
1.637566000000000000e+06
1.059249000000000000e+06
1.195079000000000000e+06
1.681700000000000000e+06
2.503060000000000000e+05
1.451276000000000000e+06
1.491386000000000000e+06
5.406030000000000000e+05
1.846747000000000000e+06
1.813487000000000000e+06
1.219996000000000000e+06
1.458548000000000000e+06
3.502040000000000000e+05
1.597246000000000000e+06
6.772380000000000000e+05
5.151030000000000000e+05
1.196150000000000000e+05
9.296650000000000000e+05
9.297390000000000000e+05
1.602560000000000000e+05
6.787620000000000000e+05
1.259434000000000000e+06
7.262750000000000000e+05
4.483450000000000000e+05
1.468259000000000000e+06
1.451155000000000000e+06
1.723507000000000000e+06
1.752435000000000000e+06
1.390900000000000000e+06
1.723157000000000000e+06
1.260776000000000000e+06
1.295766000000000000e+06
1.856840000000000000e+06
1.595850000000000000e+06
2.944480000000000000e+05
3.261500000000000000e+04
1.944180000000000000e+05
1.397881000000000000e+06
1.101803000000000000e+06
1.783083000000000000e+06
1.767540000000000000e+06
1.232531000000000000e+06
6.175570000000000000e+05
1.820888000000000000e+06
1.130841000000000000e+06
1.756654000000000000e+06
1.310324000000000000e+06
1.379177000000000000e+06
1.645262000000000000e+06
1.234893000000000000e+06
1.793215000000000000e+06
1.064770000000000000e+06
1.570916000000000000e+06
2.473330000000000000e+05
3.235380000000000000e+05
1.371288000000000000e+06
9.239810000000000000e+05
6.699600000000000000e+04
4.018500000000000000e+05
1.382090000000000000e+05
8.968080000000000000e+05
1.719301000000000000e+06
1.412608000000000000e+06
1.318320000000000000e+05
3.566180000000000000e+05
1.147709000000000000e+06
1.593437000000000000e+06
1.572047000000000000e+06
1.374080000000000000e+05
1.461906000000000000e+06
1.148292000000000000e+06
1.371626000000000000e+06
2.851000000000000000e+05
1.625450000000000000e+06
5.598500000000000000e+04
3.029970000000000000e+05
9.309100000000000000e+04
8.916980000000000000e+05
1.219851000000000000e+06
1.365794000000000000e+06
6.470300000000000000e+04
3.108000000000000000e+04
3.029490000000000000e+05
5.053660000000000000e+05
1.853228000000000000e+06
1.475940000000000000e+05
3.194560000000000000e+05
1.572100000000000000e+06
4.871820000000000000e+05
1.394983000000000000e+06
7.203080000000000000e+05
1.783675000000000000e+06
1.519194000000000000e+06
1.831659000000000000e+06
1.557172000000000000e+06
6.120490000000000000e+05
8.912440000000000000e+05
9.316780000000000000e+05
6.165770000000000000e+05
1.533353000000000000e+06
1.640188000000000000e+06
1.348483000000000000e+06
2.603550000000000000e+05
5.253200000000000000e+05
1.248986000000000000e+06
1.295947000000000000e+06
1.518088000000000000e+06
1.417088000000000000e+06
5.104810000000000000e+05
3.371740000000000000e+05
2.125550000000000000e+05
3.313380000000000000e+05
1.497011000000000000e+06
1.654473000000000000e+06
1.834501000000000000e+06
1.841805000000000000e+06
7.492490000000000000e+05
9.543830000000000000e+05
1.520561000000000000e+06
1.295409000000000000e+06
1.670172000000000000e+06
1.463138000000000000e+06
1.767825000000000000e+06
3.150380000000000000e+05
4.835870000000000000e+05
6.604220000000000000e+05
6.942490000000000000e+05
7.371450000000000000e+05
2.898380000000000000e+05
3.378380000000000000e+05
3.153240000000000000e+05
1.778953000000000000e+06
5.227530000000000000e+05
1.800799000000000000e+06
6.722560000000000000e+05
1.378090000000000000e+06
1.058900000000000000e+06
5.707720000000000000e+05
2.886770000000000000e+05
1.255802000000000000e+06
1.261351000000000000e+06
1.230335000000000000e+06
7.223760000000000000e+05
1.843304000000000000e+06
1.412180000000000000e+05
7.367230000000000000e+05
1.219261000000000000e+06
1.447274000000000000e+06
2.772970000000000000e+05
9.167740000000000000e+05
8.682720000000000000e+05
1.709880000000000000e+06
1.553744000000000000e+06
3.643420000000000000e+05
1.096227000000000000e+06
1.806831000000000000e+06
1.628051000000000000e+06
1.415522000000000000e+06
1.279576000000000000e+06
1.441901000000000000e+06
3.476100000000000000e+04
1.369242000000000000e+06
1.270444000000000000e+06
4.709230000000000000e+05
6.821450000000000000e+05
1.761515000000000000e+06
1.512531000000000000e+06
1.729166000000000000e+06
1.253472000000000000e+06
1.486475000000000000e+06
3.514800000000000000e+04
1.630952000000000000e+06
3.391650000000000000e+05
5.316500000000000000e+05
4.319110000000000000e+05
1.782149000000000000e+06
1.615922000000000000e+06
5.702890000000000000e+05
8.406000000000000000e+04
5.298430000000000000e+05
6.664670000000000000e+05
4.905740000000000000e+05
1.734081000000000000e+06
1.240444000000000000e+06
1.752618000000000000e+06
1.657508000000000000e+06
1.490808000000000000e+06
1.473530000000000000e+05
1.625092000000000000e+06
1.453102000000000000e+06
4.474700000000000000e+05
1.157943000000000000e+06
1.154398000000000000e+06
1.252181000000000000e+06
1.262536000000000000e+06
7.438060000000000000e+05
1.722082000000000000e+06
1.652500000000000000e+04
7.243800000000000000e+05
1.827709000000000000e+06
6.830150000000000000e+05
1.656897000000000000e+06
1.821127000000000000e+06
1.493023000000000000e+06
1.998440000000000000e+05
1.809967000000000000e+06
1.487779000000000000e+06
1.752334000000000000e+06
1.677028000000000000e+06
1.561522000000000000e+06
1.360551000000000000e+06
5.723280000000000000e+05
1.100628000000000000e+06
3.738770000000000000e+05
7.801650000000000000e+05
8.531990000000000000e+05
8.212840000000000000e+05
5.216090000000000000e+05
1.771510000000000000e+05
1.222127000000000000e+06
3.752100000000000000e+05
1.631135000000000000e+06
1.364346000000000000e+06
1.522909000000000000e+06
1.294813000000000000e+06
5.898220000000000000e+05
1.495287000000000000e+06
1.472000000000000000e+05
1.298449000000000000e+06
1.283950000000000000e+06
1.743693000000000000e+06
1.629598000000000000e+06
1.349380000000000000e+05
6.769460000000000000e+05
1.320301000000000000e+06
2.566700000000000000e+05
8.908340000000000000e+05
1.614440000000000000e+06
1.353304000000000000e+06
1.671854000000000000e+06
1.751354000000000000e+06
1.491197000000000000e+06
7.956560000000000000e+05
8.392820000000000000e+05
6.694560000000000000e+05
1.783499000000000000e+06
1.490306000000000000e+06
3.595050000000000000e+05
1.284149000000000000e+06
1.054460000000000000e+05
1.219414000000000000e+06
9.295470000000000000e+05
1.306570000000000000e+06
1.685644000000000000e+06
1.253347000000000000e+06
9.592890000000000000e+05
1.719040000000000000e+05
5.189200000000000000e+04
1.833825000000000000e+06
1.324272000000000000e+06
5.325380000000000000e+05
4.790410000000000000e+05
1.265135000000000000e+06
1.789238000000000000e+06
1.225096000000000000e+06
1.778386000000000000e+06
1.274597000000000000e+06
1.330978000000000000e+06
1.674194000000000000e+06
4.587200000000000000e+04
9.134450000000000000e+05
1.812642000000000000e+06
2.871000000000000000e+04
1.699771000000000000e+06
3.368700000000000000e+05
6.950390000000000000e+05
1.677691000000000000e+06
1.075176000000000000e+06
1.817261000000000000e+06
2.132470000000000000e+05
5.895850000000000000e+05
1.095830000000000000e+05
1.714625000000000000e+06
1.829382000000000000e+06
1.625193000000000000e+06
1.255183000000000000e+06
1.635035000000000000e+06
1.630116000000000000e+06
1.850699000000000000e+06
1.346575000000000000e+06
1.164804000000000000e+06
4.903580000000000000e+05
1.117642000000000000e+06
1.089586000000000000e+06
2.977310000000000000e+05
3.224640000000000000e+05
4.516370000000000000e+05
1.122677000000000000e+06
1.086900000000000000e+06
2.546600000000000000e+05
1.594082000000000000e+06
4.030040000000000000e+05
1.758574000000000000e+06
