3.122320000000000000e+05
7.206420000000000000e+05
1.306191000000000000e+06
5.611100000000000000e+05
1.759549000000000000e+06
1.330950000000000000e+05
6.960560000000000000e+05
3.886200000000000000e+05
1.282842000000000000e+06
1.218607000000000000e+06
1.430935000000000000e+06
1.244600000000000000e+04
4.372080000000000000e+05
1.837489000000000000e+06
6.919540000000000000e+05
1.668567000000000000e+06
2.227840000000000000e+05
5.249830000000000000e+05
1.594566000000000000e+06
1.426289000000000000e+06
1.221199000000000000e+06
1.795918000000000000e+06
2.578110000000000000e+05
7.636070000000000000e+05
5.061900000000000000e+05
1.436632000000000000e+06
1.384178000000000000e+06
1.424758000000000000e+06
2.996760000000000000e+05
1.222344000000000000e+06
1.625100000000000000e+04
6.416800000000000000e+05
1.271998000000000000e+06
2.247980000000000000e+05
9.796920000000000000e+05
1.020121000000000000e+06
1.580359000000000000e+06
8.817250000000000000e+05
2.652150000000000000e+05
1.593449000000000000e+06
1.794425000000000000e+06
1.348499000000000000e+06
1.666180000000000000e+05
1.583169000000000000e+06
1.586717000000000000e+06
9.818600000000000000e+05
1.443233000000000000e+06
6.980330000000000000e+05
1.002100000000000000e+06
6.836620000000000000e+05
8.966110000000000000e+05
1.356142000000000000e+06
1.750562000000000000e+06
2.963870000000000000e+05
1.311892000000000000e+06
4.369610000000000000e+05
1.649953000000000000e+06
6.063100000000000000e+05
9.566530000000000000e+05
1.198815000000000000e+06
1.439565000000000000e+06
1.579968000000000000e+06
1.714618000000000000e+06
2.321400000000000000e+05
1.580959000000000000e+06
1.803824000000000000e+06
1.843313000000000000e+06
1.749992000000000000e+06
1.728849000000000000e+06
1.601255000000000000e+06
1.022789000000000000e+06
1.745304000000000000e+06
1.386946000000000000e+06
1.001870000000000000e+06
1.429883000000000000e+06
8.980000000000000000e+05
1.997440000000000000e+05
9.340170000000000000e+05
1.057711000000000000e+06
1.638491000000000000e+06
1.399580000000000000e+06
1.218303000000000000e+06
1.350960000000000000e+05
5.043080000000000000e+05
1.777785000000000000e+06
1.068100000000000000e+04
3.091690000000000000e+05
1.846475000000000000e+06
1.455288000000000000e+06
1.181090000000000000e+05
5.160800000000000000e+05
1.798046000000000000e+06
2.933700000000000000e+04
1.514962000000000000e+06
1.328760000000000000e+05
2.976300000000000000e+05
1.656099000000000000e+06
1.668431000000000000e+06
2.285650000000000000e+05
2.954150000000000000e+05
1.616140000000000000e+05
1.799242000000000000e+06
7.072680000000000000e+05
5.208260000000000000e+05
5.467950000000000000e+05
2.443360000000000000e+05
1.628663000000000000e+06
3.821810000000000000e+05
6.781470000000000000e+05
9.964810000000000000e+05
1.777069000000000000e+06
1.420939000000000000e+06
3.753660000000000000e+05
1.187526000000000000e+06
