1.851153000000000000e+06
1.227788000000000000e+06
8.732720000000000000e+05
1.116245000000000000e+06
8.186920000000000000e+05
7.887630000000000000e+05
8.717800000000000000e+05
7.303140000000000000e+05
1.851397000000000000e+06
6.529490000000000000e+05
7.568390000000000000e+05
1.623305000000000000e+06
3.853740000000000000e+05
9.626330000000000000e+05
1.851346000000000000e+06
3.569100000000000000e+04
9.546440000000000000e+05
1.849583000000000000e+06
7.268450000000000000e+05
1.364337000000000000e+06
1.116008000000000000e+06
2.256560000000000000e+05
1.851288000000000000e+06
8.671180000000000000e+05
3.143070000000000000e+05
7.344120000000000000e+05
1.569845000000000000e+06
1.851134000000000000e+06
1.360940000000000000e+06
1.379354000000000000e+06
1.522846000000000000e+06
1.852544000000000000e+06
1.850751000000000000e+06
1.387848000000000000e+06
3.241170000000000000e+05
1.364821000000000000e+06
8.859770000000000000e+05
1.225509000000000000e+06
7.287390000000000000e+05
1.352680000000000000e+05
6.530650000000000000e+05
1.850756000000000000e+06
1.850582000000000000e+06
3.145140000000000000e+05
1.116031000000000000e+06
4.398690000000000000e+05
7.279580000000000000e+05
8.661670000000000000e+05
1.227164000000000000e+06
8.029400000000000000e+05
7.735060000000000000e+05
8.359760000000000000e+05
7.281790000000000000e+05
3.423810000000000000e+05
1.357041000000000000e+06
8.816620000000000000e+05
1.851273000000000000e+06
9.663240000000000000e+05
7.298260000000000000e+05
8.791080000000000000e+05
9.546510000000000000e+05
1.226681000000000000e+06
9.937510000000000000e+05
1.225919000000000000e+06
3.150750000000000000e+05
1.823966000000000000e+06
8.886630000000000000e+05
7.270830000000000000e+05
1.475494000000000000e+06
1.017200000000000000e+05
8.804130000000000000e+05
1.650859000000000000e+06
1.846034000000000000e+06
1.710226000000000000e+06
3.831150000000000000e+05
1.631761000000000000e+06
1.388633000000000000e+06
1.591142000000000000e+06
1.364366000000000000e+06
7.356680000000000000e+05
8.962710000000000000e+05
7.286340000000000000e+05
1.228307000000000000e+06
1.112225000000000000e+06
1.360208000000000000e+06
1.679034000000000000e+06
6.536800000000000000e+05
8.942750000000000000e+05
1.387353000000000000e+06
9.100570000000000000e+05
4.389570000000000000e+05
1.607220000000000000e+06
1.715179000000000000e+06
1.254433000000000000e+06
1.229032000000000000e+06
9.809030000000000000e+05
1.017143000000000000e+06
8.226350000000000000e+05
8.625300000000000000e+05
7.777870000000000000e+05
9.350250000000000000e+05
1.851651000000000000e+06
1.846884000000000000e+06
1.606288000000000000e+06
9.545710000000000000e+05
1.605490000000000000e+06
1.838490000000000000e+06
7.463910000000000000e+05
3.140890000000000000e+05
5.462950000000000000e+05
1.383012000000000000e+06
9.904030000000000000e+05
1.732506000000000000e+06
2.036150000000000000e+05
3.136020000000000000e+05
3.809900000000000000e+05
1.852768000000000000e+06
1.362635000000000000e+06
1.387183000000000000e+06
9.619220000000000000e+05
1.121654000000000000e+06
9.056480000000000000e+05
9.005110000000000000e+05
1.849994000000000000e+06
1.379582000000000000e+06
1.225392000000000000e+06
1.845764000000000000e+06
8.895090000000000000e+05
1.022354000000000000e+06
1.822665000000000000e+06
1.229361000000000000e+06
6.026580000000000000e+05
1.522258000000000000e+06
1.578800000000000000e+04
1.845976000000000000e+06
1.783250000000000000e+06
1.833267000000000000e+06
1.624530000000000000e+06
7.412780000000000000e+05
5.452680000000000000e+05
1.624077000000000000e+06
1.622116000000000000e+06
9.274200000000000000e+05
9.482680000000000000e+05
1.129752000000000000e+06
8.945030000000000000e+05
8.982250000000000000e+05
3.128640000000000000e+05
9.754450000000000000e+05
7.697970000000000000e+05
6.317860000000000000e+05
1.414752000000000000e+06
1.275251000000000000e+06
6.568710000000000000e+05
8.294540000000000000e+05
7.325670000000000000e+05
3.191410000000000000e+05
1.848682000000000000e+06
1.227857000000000000e+06
1.758121000000000000e+06
7.279660000000000000e+05
1.457927000000000000e+06
1.278022000000000000e+06
1.829700000000000000e+06
9.493610000000000000e+05
1.434980000000000000e+06
7.264800000000000000e+05
3.124200000000000000e+05
1.575585000000000000e+06
1.270741000000000000e+06
9.663060000000000000e+05
3.870840000000000000e+05
1.391164000000000000e+06
2.890950000000000000e+05
1.115732000000000000e+06
1.850680000000000000e+06
1.844859000000000000e+06
9.773210000000000000e+05
7.288840000000000000e+05
1.824811000000000000e+06
8.961230000000000000e+05
7.392360000000000000e+05
3.226360000000000000e+05
1.226333000000000000e+06
7.702450000000000000e+05
1.005700000000000000e+06
1.274471000000000000e+06
1.813099000000000000e+06
1.397141000000000000e+06
6.035460000000000000e+05
6.536640000000000000e+05
8.565440000000000000e+05
8.203840000000000000e+05
7.804670000000000000e+05
8.113480000000000000e+05
8.413660000000000000e+05
1.030330000000000000e+06
1.715819000000000000e+06
5.117380000000000000e+05
7.327610000000000000e+05
6.566050000000000000e+05
1.252112000000000000e+06
1.121335000000000000e+06
1.771188000000000000e+06
9.583000000000000000e+05
7.342710000000000000e+05
1.559012000000000000e+06
1.450873000000000000e+06
1.632286000000000000e+06
9.891650000000000000e+05
1.850467000000000000e+06
1.118515000000000000e+06
9.733640000000000000e+05
1.162915000000000000e+06
8.881430000000000000e+05
6.569830000000000000e+05
1.714618000000000000e+06
3.455920000000000000e+05
1.093669000000000000e+06
1.024981000000000000e+06
8.809210000000000000e+05
3.879080000000000000e+05
1.353103000000000000e+06
6.590580000000000000e+05
8.846960000000000000e+05
7.565130000000000000e+05
1.315192000000000000e+06
3.147720000000000000e+05
1.558874000000000000e+06
1.253983000000000000e+06
7.266230000000000000e+05
1.112031000000000000e+06
1.845871000000000000e+06
7.288390000000000000e+05
3.102070000000000000e+05
1.717256000000000000e+06
6.189180000000000000e+05
1.521434000000000000e+06
1.109066000000000000e+06
7.789700000000000000e+05
8.522200000000000000e+05
8.174770000000000000e+05
1.227328000000000000e+06
1.365372000000000000e+06
1.454661000000000000e+06
8.965820000000000000e+05
1.353177000000000000e+06
9.454360000000000000e+05
1.123520000000000000e+06
1.424497000000000000e+06
7.998340000000000000e+05
1.231283000000000000e+06
1.839979000000000000e+06
1.240044000000000000e+06
1.851602000000000000e+06
5.423350000000000000e+05
8.134320000000000000e+05
8.585950000000000000e+05
9.993720000000000000e+05
2.251790000000000000e+05
1.568804000000000000e+06
1.385421000000000000e+06
6.593410000000000000e+05
1.773047000000000000e+06
1.243584000000000000e+06
8.944000000000000000e+05
1.018713000000000000e+06
1.681992000000000000e+06
1.822083000000000000e+06
1.718690000000000000e+05
3.162370000000000000e+05
1.225114000000000000e+06
1.840746000000000000e+06
1.170509000000000000e+06
7.357920000000000000e+05
1.006295000000000000e+06
7.704440000000000000e+05
6.921500000000000000e+05
1.709536000000000000e+06
7.368740000000000000e+05
2.196910000000000000e+05
4.320440000000000000e+05
7.757900000000000000e+05
8.211440000000000000e+05
1.155133000000000000e+06
1.352390000000000000e+05
3.176740000000000000e+05
1.276427000000000000e+06
1.112686000000000000e+06
1.103400000000000000e+06
1.340840000000000000e+05
3.154830000000000000e+05
1.820987000000000000e+06
1.851971000000000000e+06
3.578400000000000000e+04
1.743976000000000000e+06
8.936850000000000000e+05
1.389934000000000000e+06
1.018211000000000000e+06
3.628700000000000000e+04
1.412090000000000000e+05
1.365684000000000000e+06
6.395770000000000000e+05
2.104510000000000000e+05
8.694830000000000000e+05
7.399940000000000000e+05
1.266984000000000000e+06
9.271840000000000000e+05
1.853244000000000000e+06
1.719131000000000000e+06
1.837489000000000000e+06
1.221839000000000000e+06
1.369721000000000000e+06
1.848906000000000000e+06
1.005158000000000000e+06
9.244620000000000000e+05
1.464982000000000000e+06
3.183100000000000000e+05
1.832916000000000000e+06
1.273160000000000000e+05
1.417254000000000000e+06
1.028998000000000000e+06
1.790640000000000000e+06
1.834589000000000000e+06
3.792330000000000000e+05
3.157960000000000000e+05
3.866410000000000000e+05
7.355140000000000000e+05
3.483470000000000000e+05
1.098154000000000000e+06
6.399860000000000000e+05
9.359850000000000000e+05
1.714031000000000000e+06
1.566501000000000000e+06
1.225491000000000000e+06
7.207740000000000000e+05
1.361687000000000000e+06
1.206857000000000000e+06
1.342038000000000000e+06
2.345130000000000000e+05
3.115200000000000000e+05
4.433440000000000000e+05
7.209210000000000000e+05
1.383723000000000000e+06
1.519135000000000000e+06
2.518510000000000000e+05
1.137810000000000000e+05
7.574870000000000000e+05
1.232712000000000000e+06
6.521200000000000000e+05
4.393290000000000000e+05
1.118007000000000000e+06
1.476175000000000000e+06
9.364550000000000000e+05
1.249750000000000000e+06
3.716480000000000000e+05
1.406720000000000000e+05
1.836192000000000000e+06
8.957780000000000000e+05
1.281794000000000000e+06
1.728879000000000000e+06
7.269660000000000000e+05
3.066630000000000000e+05
1.566700000000000000e+04
5.896670000000000000e+05
9.090060000000000000e+05
1.782882000000000000e+06
1.469000000000000000e+04
6.410940000000000000e+05
1.228519000000000000e+06
1.119197000000000000e+06
1.715628000000000000e+06
3.058320000000000000e+05
1.457468000000000000e+06
1.010389000000000000e+06
1.476141000000000000e+06
3.874780000000000000e+05
1.022621000000000000e+06
8.721760000000000000e+05
1.732632000000000000e+06
1.624436000000000000e+06
1.565561000000000000e+06
1.782875000000000000e+06
1.147990000000000000e+06
7.659460000000000000e+05
1.379243000000000000e+06
9.514270000000000000e+05
1.523074000000000000e+06
1.714856000000000000e+06
2.112670000000000000e+05
1.622469000000000000e+06
1.852465000000000000e+06
9.874140000000000000e+05
1.244323000000000000e+06
1.278072000000000000e+06
1.487455000000000000e+06
2.248770000000000000e+05
6.514600000000000000e+05
1.748523000000000000e+06
1.221726000000000000e+06
1.722285000000000000e+06
9.361570000000000000e+05
3.211740000000000000e+05
1.843184000000000000e+06
1.848479000000000000e+06
1.839919000000000000e+06
2.236470000000000000e+05
5.702850000000000000e+05
9.989420000000000000e+05
1.177108000000000000e+06
2.311050000000000000e+05
1.849442000000000000e+06
4.794450000000000000e+05
1.388167000000000000e+06
3.720700000000000000e+04
7.629010000000000000e+05
9.914640000000000000e+05
9.357760000000000000e+05
9.312180000000000000e+05
1.853282000000000000e+06
9.763870000000000000e+05
1.267060000000000000e+06
1.364032000000000000e+06
1.384860000000000000e+05
1.051973000000000000e+06
1.365273000000000000e+06
1.649214000000000000e+06
1.038770000000000000e+05
1.826374000000000000e+06
7.507570000000000000e+05
1.632609000000000000e+06
7.260630000000000000e+05
1.108812000000000000e+06
1.362760000000000000e+05
3.820170000000000000e+05
1.227642000000000000e+06
1.736090000000000000e+05
7.188290000000000000e+05
1.135024000000000000e+06
1.832935000000000000e+06
3.585900000000000000e+04
6.526120000000000000e+05
8.966730000000000000e+05
1.383636000000000000e+06
6.897800000000000000e+04
8.906700000000000000e+04
1.017312000000000000e+06
1.732631000000000000e+06
3.142830000000000000e+05
1.099015000000000000e+06
1.381770000000000000e+06
9.552880000000000000e+05
6.945960000000000000e+05
7.118900000000000000e+05
1.117944000000000000e+06
1.615432000000000000e+06
6.628960000000000000e+05
2.473760000000000000e+05
3.884520000000000000e+05
1.852660000000000000e+06
9.544160000000000000e+05
9.921840000000000000e+05
2.193870000000000000e+05
5.283700000000000000e+05
1.392757000000000000e+06
8.796850000000000000e+05
1.225344000000000000e+06
1.824928000000000000e+06
2.107450000000000000e+05
1.752102000000000000e+06
9.559420000000000000e+05
3.836970000000000000e+05
3.585860000000000000e+05
1.226322000000000000e+06
3.481740000000000000e+05
1.576279000000000000e+06
8.981460000000000000e+05
1.830192000000000000e+06
1.841747000000000000e+06
1.278048000000000000e+06
6.334580000000000000e+05
1.224400000000000000e+06
3.471100000000000000e+04
9.160510000000000000e+05
2.859790000000000000e+05
7.192470000000000000e+05
1.600779000000000000e+06
1.624373000000000000e+06
6.928520000000000000e+05
1.070910000000000000e+05
8.965440000000000000e+05
1.829958000000000000e+06
3.163560000000000000e+05
1.716878000000000000e+06
4.418030000000000000e+05
1.588874000000000000e+06
3.505110000000000000e+05
1.521357000000000000e+06
8.364920000000000000e+05
1.653628000000000000e+06
1.826369000000000000e+06
1.386055000000000000e+06
1.114971000000000000e+06
2.872080000000000000e+05
9.522760000000000000e+05
3.576800000000000000e+04
1.348140000000000000e+05
1.458143000000000000e+06
1.522760000000000000e+06
5.123070000000000000e+05
1.676225000000000000e+06
1.633441000000000000e+06
6.188140000000000000e+05
3.027020000000000000e+05
1.481978000000000000e+06
3.729540000000000000e+05
1.827177000000000000e+06
1.716333000000000000e+06
1.078889000000000000e+06
1.713428000000000000e+06
1.160574000000000000e+06
1.238795000000000000e+06
7.197200000000000000e+05
3.739960000000000000e+05
1.829339000000000000e+06
1.519866000000000000e+06
1.836672000000000000e+06
1.126493000000000000e+06
1.020600000000000000e+04
1.198420000000000000e+05
4.956000000000000000e+05
3.879800000000000000e+05
1.136518000000000000e+06
1.181140000000000000e+05
1.263864000000000000e+06
1.068033000000000000e+06
9.543790000000000000e+05
1.007820000000000000e+05
1.451298000000000000e+06
1.561860000000000000e+06
7.219300000000000000e+05
3.877380000000000000e+05
1.369021000000000000e+06
1.366281000000000000e+06
1.122951000000000000e+06
1.570148000000000000e+06
1.198907000000000000e+06
1.479098000000000000e+06
1.342596000000000000e+06
2.193240000000000000e+05
3.588930000000000000e+05
1.565494000000000000e+06
5.527970000000000000e+05
1.380097000000000000e+06
5.692990000000000000e+05
8.980270000000000000e+05
1.700993000000000000e+06
9.840640000000000000e+05
1.378907000000000000e+06
1.642945000000000000e+06
3.224640000000000000e+05
1.003467000000000000e+06
1.397586000000000000e+06
1.274933000000000000e+06
2.240190000000000000e+05
7.337730000000000000e+05
1.727714000000000000e+06
3.049180000000000000e+05
1.528805000000000000e+06
6.095680000000000000e+05
1.595739000000000000e+06
7.150400000000000000e+05
1.831135000000000000e+06
3.796640000000000000e+05
1.188880000000000000e+06
1.567795000000000000e+06
2.267110000000000000e+05
1.125158000000000000e+06
1.110116000000000000e+06
4.458440000000000000e+05
1.580532000000000000e+06
1.124295000000000000e+06
9.260350000000000000e+05
5.067270000000000000e+05
1.364179000000000000e+06
1.591064000000000000e+06
7.351040000000000000e+05
9.514070000000000000e+05
2.906220000000000000e+05
1.730576000000000000e+06
4.392660000000000000e+05
6.536080000000000000e+05
1.821727000000000000e+06
1.172941000000000000e+06
3.884590000000000000e+05
1.250077000000000000e+06
1.323433000000000000e+06
1.096296000000000000e+06
9.343090000000000000e+05
5.741700000000000000e+04
1.744745000000000000e+06
1.129877000000000000e+06
7.384370000000000000e+05
7.397510000000000000e+05
1.745978000000000000e+06
3.778480000000000000e+05
1.274333000000000000e+06
8.995300000000000000e+04
4.388950000000000000e+05
1.354430000000000000e+05
6.117140000000000000e+05
1.840938000000000000e+06
7.242930000000000000e+05
1.820855000000000000e+06
1.228577000000000000e+06
1.091563000000000000e+06
1.473969000000000000e+06
1.146971000000000000e+06
1.584818000000000000e+06
1.350903000000000000e+06
6.822370000000000000e+05
1.711343000000000000e+06
1.223880000000000000e+05
6.338170000000000000e+05
8.024690000000000000e+05
1.453290000000000000e+06
1.482579000000000000e+06
1.054490000000000000e+05
1.475477000000000000e+06
9.433770000000000000e+05
1.494977000000000000e+06
3.396510000000000000e+05
1.624312000000000000e+06
1.828548000000000000e+06
7.203090000000000000e+05
1.671440000000000000e+06
5.226160000000000000e+05
1.717135000000000000e+06
6.490690000000000000e+05
3.714010000000000000e+05
1.093849000000000000e+06
1.357213000000000000e+06
4.446450000000000000e+05
1.259782000000000000e+06
1.354535000000000000e+06
1.743540000000000000e+06
1.994850000000000000e+05
1.806655000000000000e+06
1.826221000000000000e+06
1.855371000000000000e+06
1.607009000000000000e+06
1.358625000000000000e+06
3.388510000000000000e+05
1.357551000000000000e+06
1.611987000000000000e+06
3.453940000000000000e+05
1.821920000000000000e+05
1.476700000000000000e+04
1.565983000000000000e+06
1.816204000000000000e+06
1.011180000000000000e+05
1.795587000000000000e+06
9.268950000000000000e+05
1.709456000000000000e+06
1.082167000000000000e+06
9.628780000000000000e+05
1.279260000000000000e+06
1.388684000000000000e+06
1.220825000000000000e+06
2.132990000000000000e+05
1.436216000000000000e+06
1.592220000000000000e+06
1.628620000000000000e+06
1.242394000000000000e+06
5.014850000000000000e+05
3.032680000000000000e+05
1.729403000000000000e+06
3.863710000000000000e+05
1.853079000000000000e+06
1.127475000000000000e+06
1.249507000000000000e+06
1.167800000000000000e+06
1.103253000000000000e+06
1.101841000000000000e+06
1.292956000000000000e+06
1.852969000000000000e+06
1.833890000000000000e+06
1.253670000000000000e+06
1.547742000000000000e+06
6.181110000000000000e+05
1.745682000000000000e+06
1.130729000000000000e+06
1.086204000000000000e+06
9.556400000000000000e+05
9.258750000000000000e+05
1.828179000000000000e+06
9.578400000000000000e+05
5.805440000000000000e+05
4.842200000000000000e+04
1.293820000000000000e+05
6.370410000000000000e+05
1.350769000000000000e+06
1.254977000000000000e+06
5.127070000000000000e+05
2.979850000000000000e+05
1.651222000000000000e+06
2.453270000000000000e+05
9.230690000000000000e+05
1.389389000000000000e+06
1.228528000000000000e+06
1.359798000000000000e+06
1.386888000000000000e+06
1.761317000000000000e+06
1.466983000000000000e+06
9.650040000000000000e+05
1.815097000000000000e+06
2.136160000000000000e+05
1.018562000000000000e+06
2.245170000000000000e+05
4.565110000000000000e+05
2.406050000000000000e+05
1.323456000000000000e+06
3.778930000000000000e+05
1.744296000000000000e+06
1.835694000000000000e+06
1.783141000000000000e+06
1.625563000000000000e+06
2.131840000000000000e+05
1.744427000000000000e+06
1.369179000000000000e+06
1.210930000000000000e+05
1.623479000000000000e+06
1.846190000000000000e+06
1.017582000000000000e+06
1.456857000000000000e+06
1.560975000000000000e+06
6.171120000000000000e+05
1.852407000000000000e+06
3.444120000000000000e+05
1.264599000000000000e+06
1.625521000000000000e+06
1.559454000000000000e+06
1.311160000000000000e+05
4.669110000000000000e+05
1.779856000000000000e+06
9.701730000000000000e+05
1.415522000000000000e+06
1.808601000000000000e+06
3.979500000000000000e+04
1.254892000000000000e+06
1.150674000000000000e+06
1.852991000000000000e+06
6.829870000000000000e+05
1.063580000000000000e+06
1.276443000000000000e+06
1.784242000000000000e+06
3.413330000000000000e+05
1.631925000000000000e+06
1.226045000000000000e+06
1.419262000000000000e+06
1.823206000000000000e+06
9.526840000000000000e+05
1.095933000000000000e+06
1.125016000000000000e+06
4.360040000000000000e+05
3.344800000000000000e+04
1.001640000000000000e+06
9.381680000000000000e+05
1.712945000000000000e+06
1.371941000000000000e+06
8.833430000000000000e+05
1.592370000000000000e+06
3.750510000000000000e+05
1.620796000000000000e+06
1.575084000000000000e+06
1.268313000000000000e+06
1.080352000000000000e+06
8.993730000000000000e+05
2.991340000000000000e+05
4.506070000000000000e+05
1.795010000000000000e+06
1.264800000000000000e+05
9.585100000000000000e+04
5.651720000000000000e+05
1.229083000000000000e+06
1.625330000000000000e+06
1.463075000000000000e+06
1.139259000000000000e+06
2.242330000000000000e+05
1.365582000000000000e+06
1.607674000000000000e+06
1.039810000000000000e+05
3.666620000000000000e+05
2.254060000000000000e+05
9.169220000000000000e+05
1.825358000000000000e+06
1.380427000000000000e+06
1.282397000000000000e+06
1.145900000000000000e+04
4.997480000000000000e+05
7.278720000000000000e+05
1.450789000000000000e+06
1.607586000000000000e+06
1.731873000000000000e+06
4.630970000000000000e+05
1.004650000000000000e+06
9.284880000000000000e+05
1.744819000000000000e+06
7.275230000000000000e+05
1.365093000000000000e+06
1.287147000000000000e+06
9.503100000000000000e+05
1.088397000000000000e+06
5.355240000000000000e+05
9.014850000000000000e+05
1.680627000000000000e+06
1.108053000000000000e+06
1.482714000000000000e+06
1.653701000000000000e+06
5.040290000000000000e+05
1.446930000000000000e+05
7.265600000000000000e+05
9.003820000000000000e+05
1.274828000000000000e+06
1.847330000000000000e+06
7.657100000000000000e+05
1.622259000000000000e+06
1.506453000000000000e+06
5.392630000000000000e+05
1.625051000000000000e+06
1.229461000000000000e+06
1.852089000000000000e+06
1.240760000000000000e+06
1.820468000000000000e+06
1.830173000000000000e+06
9.551790000000000000e+05
5.817530000000000000e+05
7.042880000000000000e+05
5.394320000000000000e+05
1.397498000000000000e+06
5.013540000000000000e+05
1.846249000000000000e+06
1.624855000000000000e+06
5.151800000000000000e+05
1.450836000000000000e+06
1.025825000000000000e+06
3.214400000000000000e+05
1.473981000000000000e+06
1.760742000000000000e+06
1.569111000000000000e+06
1.230366000000000000e+06
1.520290000000000000e+06
1.574091000000000000e+06
1.571852000000000000e+06
9.523840000000000000e+05
1.012359000000000000e+06
1.821556000000000000e+06
5.809600000000000000e+05
5.726300000000000000e+05
3.153240000000000000e+05
1.634708000000000000e+06
1.356689000000000000e+06
1.848362000000000000e+06
1.518082000000000000e+06
6.376890000000000000e+05
5.292520000000000000e+05
1.163750000000000000e+06
4.384960000000000000e+05
1.855832000000000000e+06
9.316220000000000000e+05
1.352303000000000000e+06
1.230323000000000000e+06
1.418920000000000000e+06
1.125554000000000000e+06
2.488580000000000000e+05
1.714451000000000000e+06
3.808180000000000000e+05
6.613370000000000000e+05
4.308200000000000000e+05
1.457994000000000000e+06
1.298208000000000000e+06
1.024255000000000000e+06
9.488970000000000000e+05
1.832255000000000000e+06
1.205671000000000000e+06
1.276258000000000000e+06
3.856600000000000000e+05
6.292080000000000000e+05
1.546732000000000000e+06
6.132660000000000000e+05
1.225204000000000000e+06
4.399920000000000000e+05
6.607740000000000000e+05
1.484999000000000000e+06
3.901500000000000000e+05
1.024514000000000000e+06
1.291556000000000000e+06
1.377199000000000000e+06
1.850330000000000000e+05
5.307210000000000000e+05
5.397870000000000000e+05
6.723470000000000000e+05
1.058380000000000000e+06
1.369238000000000000e+06
1.378800000000000000e+06
1.840270000000000000e+06
1.018495000000000000e+06
1.828272000000000000e+06
5.254970000000000000e+05
3.232190000000000000e+05
1.273880000000000000e+05
1.520518000000000000e+06
4.771430000000000000e+05
1.225162000000000000e+06
8.081600000000000000e+04
1.710601000000000000e+06
1.843060000000000000e+05
1.073510000000000000e+05
1.833609000000000000e+06
1.849685000000000000e+06
1.266607000000000000e+06
3.901100000000000000e+05
1.509060000000000000e+06
9.527230000000000000e+05
1.345550000000000000e+06
9.167740000000000000e+05
6.282130000000000000e+05
5.896610000000000000e+05
5.468370000000000000e+05
4.787930000000000000e+05
1.603059000000000000e+06
1.659657000000000000e+06
1.524483000000000000e+06
4.149740000000000000e+05
1.751210000000000000e+05
5.067140000000000000e+05
1.107078000000000000e+06
1.853345000000000000e+06
1.205630000000000000e+06
5.385780000000000000e+05
1.161425000000000000e+06
1.834720000000000000e+06
1.066285000000000000e+06
1.111764000000000000e+06
4.477230000000000000e+05
2.255790000000000000e+05
1.102576000000000000e+06
6.475720000000000000e+05
1.370254000000000000e+06
1.275271000000000000e+06
1.289332000000000000e+06
1.397881000000000000e+06
1.742108000000000000e+06
1.445014000000000000e+06
1.084589000000000000e+06
1.242651000000000000e+06
1.760634000000000000e+06
9.540100000000000000e+05
1.259606000000000000e+06
1.274120000000000000e+05
2.243460000000000000e+05
3.889180000000000000e+05
1.493136000000000000e+06
1.822444000000000000e+06
5.063680000000000000e+05
1.230524000000000000e+06
1.705373000000000000e+06
4.744170000000000000e+05
6.192870000000000000e+05
1.189419000000000000e+06
7.267240000000000000e+05
3.030830000000000000e+05
7.268600000000000000e+04
1.514319000000000000e+06
1.828262000000000000e+06
3.717430000000000000e+05
1.588230000000000000e+06
1.825651000000000000e+06
1.296806000000000000e+06
3.395920000000000000e+05
1.006590000000000000e+05
3.108000000000000000e+04
5.053130000000000000e+05
6.609750000000000000e+05
1.604561000000000000e+06
1.613272000000000000e+06
7.876500000000000000e+04
1.487216000000000000e+06
1.584915000000000000e+06
1.637202000000000000e+06
1.653219000000000000e+06
1.078725000000000000e+06
1.113957000000000000e+06
1.715843000000000000e+06
5.200800000000000000e+05
1.774011000000000000e+06
1.762007000000000000e+06
7.245480000000000000e+05
1.820081000000000000e+06
1.107945000000000000e+06
1.607651000000000000e+06
1.404060000000000000e+06
1.437651000000000000e+06
1.114318000000000000e+06
4.983700000000000000e+05
1.216952000000000000e+06
1.839807000000000000e+06
6.584610000000000000e+05
9.497290000000000000e+05
1.685389000000000000e+06
1.845827000000000000e+06
1.828732000000000000e+06
1.152196000000000000e+06
1.454329000000000000e+06
1.131565000000000000e+06
4.743910000000000000e+05
6.402930000000000000e+05
1.829441000000000000e+06
1.226963000000000000e+06
1.380817000000000000e+06
1.163219000000000000e+06
1.195410000000000000e+05
1.673138000000000000e+06
1.719800000000000000e+04
5.796530000000000000e+05
1.384713000000000000e+06
1.751320000000000000e+06
6.170340000000000000e+05
1.606336000000000000e+06
9.636230000000000000e+05
1.002230000000000000e+05
1.242598000000000000e+06
1.341260000000000000e+05
5.327830000000000000e+05
3.231620000000000000e+05
3.185760000000000000e+05
9.402100000000000000e+04
9.599480000000000000e+05
1.238676000000000000e+06
4.773420000000000000e+05
1.832843000000000000e+06
8.983410000000000000e+05
1.711906000000000000e+06
4.373700000000000000e+04
1.763542000000000000e+06
1.848314000000000000e+06
2.357690000000000000e+05
1.356394000000000000e+06
9.913650000000000000e+05
1.391575000000000000e+06
1.028658000000000000e+06
1.422210000000000000e+05
1.279675000000000000e+06
1.713105000000000000e+06
6.177190000000000000e+05
1.379479000000000000e+06
3.660790000000000000e+05
1.729601000000000000e+06
1.442102000000000000e+06
1.522353000000000000e+06
7.257900000000000000e+04
4.173500000000000000e+05
1.136968000000000000e+06
1.708217000000000000e+06
1.504275000000000000e+06
1.659497000000000000e+06
4.136100000000000000e+04
1.844834000000000000e+06
1.755389000000000000e+06
3.593820000000000000e+05
1.851001000000000000e+06
1.840526000000000000e+06
2.337440000000000000e+05
6.135980000000000000e+05
7.076510000000000000e+05
1.461388000000000000e+06
2.023280000000000000e+05
4.396160000000000000e+05
1.838258000000000000e+06
3.459000000000000000e+05
1.350157000000000000e+06
1.633543000000000000e+06
8.910180000000000000e+05
1.464638000000000000e+06
1.556096000000000000e+06
1.314326000000000000e+06
1.622558000000000000e+06
1.620802000000000000e+06
3.137370000000000000e+05
1.824566000000000000e+06
1.428583000000000000e+06
4.379400000000000000e+05
1.786150000000000000e+05
1.845545000000000000e+06
8.980600000000000000e+05
6.695900000000000000e+05
1.288773000000000000e+06
2.763500000000000000e+04
1.782334000000000000e+06
1.382090000000000000e+05
1.681865000000000000e+06
1.356226000000000000e+06
1.336910000000000000e+06
1.820658000000000000e+06
3.474160000000000000e+05
1.260928000000000000e+06
1.582294000000000000e+06
1.762119000000000000e+06
1.722004000000000000e+06
1.633695000000000000e+06
6.370540000000000000e+05
2.527190000000000000e+05
9.424330000000000000e+05
9.265500000000000000e+04
1.122980000000000000e+05
7.213110000000000000e+05
1.856618000000000000e+06
1.848410000000000000e+06
1.379292000000000000e+06
7.357840000000000000e+05
5.129640000000000000e+05
4.719540000000000000e+05
7.376220000000000000e+05
1.393107000000000000e+06
1.729405000000000000e+06
5.087590000000000000e+05
1.461718000000000000e+06
6.307690000000000000e+05
1.187923000000000000e+06
4.316920000000000000e+05
9.302110000000000000e+05
1.372720000000000000e+06
1.604352000000000000e+06
1.615594000000000000e+06
2.280930000000000000e+05
1.830330000000000000e+06
1.487300000000000000e+04
1.712659000000000000e+06
1.383866000000000000e+06
1.622006000000000000e+06
1.785197000000000000e+06
5.114790000000000000e+05
1.603351000000000000e+06
1.113786000000000000e+06
1.102702000000000000e+06
5.102560000000000000e+05
9.359160000000000000e+05
2.573810000000000000e+05
1.600235000000000000e+06
1.008450000000000000e+05
1.476451000000000000e+06
9.309000000000000000e+05
5.512190000000000000e+05
1.601246000000000000e+06
1.853241000000000000e+06
1.194660000000000000e+05
1.278220000000000000e+05
1.625092000000000000e+06
1.359930000000000000e+05
8.980000000000000000e+05
3.699100000000000000e+04
6.608380000000000000e+05
3.141230000000000000e+05
7.605450000000000000e+05
1.743354000000000000e+06
3.835920000000000000e+05
1.587910000000000000e+06
1.714625000000000000e+06
1.842928000000000000e+06
1.589294000000000000e+06
1.459762000000000000e+06
1.716800000000000000e+06
4.105270000000000000e+05
1.664084000000000000e+06
3.042850000000000000e+05
1.229543000000000000e+06
6.195400000000000000e+05
6.342730000000000000e+05
2.200270000000000000e+05
6.915560000000000000e+05
4.400350000000000000e+05
1.531731000000000000e+06
1.346507000000000000e+06
3.723790000000000000e+05
1.043536000000000000e+06
1.332581000000000000e+06
5.905880000000000000e+05
8.938500000000000000e+04
1.447346000000000000e+06
1.630243000000000000e+06
3.476100000000000000e+04
2.171320000000000000e+05
1.375267000000000000e+06
3.021370000000000000e+05
5.246190000000000000e+05
5.196350000000000000e+05
1.322688000000000000e+06
1.497356000000000000e+06
6.766410000000000000e+05
5.053660000000000000e+05
3.284050000000000000e+05
1.427730000000000000e+05
1.607729000000000000e+06
1.630401000000000000e+06
1.066800000000000000e+05
4.981500000000000000e+04
1.322932000000000000e+06
1.372030000000000000e+06
1.720607000000000000e+06
1.416601000000000000e+06
1.386656000000000000e+06
1.238220000000000000e+05
1.696531000000000000e+06
1.824863000000000000e+06
1.062485000000000000e+06
1.564413000000000000e+06
5.869880000000000000e+05
1.735110000000000000e+05
1.831252000000000000e+06
3.642350000000000000e+05
3.039660000000000000e+05
7.992300000000000000e+04
1.616810000000000000e+06
1.058514000000000000e+06
1.363357000000000000e+06
2.520150000000000000e+05
3.845000000000000000e+05
1.856188000000000000e+06
1.320746000000000000e+06
1.606702000000000000e+06
1.156315000000000000e+06
1.319229000000000000e+06
1.247317000000000000e+06
3.079470000000000000e+05
1.841805000000000000e+06
9.163730000000000000e+05
1.711014000000000000e+06
2.073380000000000000e+05
1.165336000000000000e+06
7.430340000000000000e+05
1.067387000000000000e+06
9.156040000000000000e+05
1.625450000000000000e+06
1.574848000000000000e+06
3.245970000000000000e+05
2.461690000000000000e+05
1.853228000000000000e+06
6.091950000000000000e+05
5.645450000000000000e+05
1.226679000000000000e+06
1.569057000000000000e+06
3.883900000000000000e+05
2.891800000000000000e+05
1.347420000000000000e+06
1.770154000000000000e+06
1.534900000000000000e+05
1.463074000000000000e+06
1.818057000000000000e+06
4.563390000000000000e+05
1.229195000000000000e+06
3.884250000000000000e+05
1.525925000000000000e+06
1.708269000000000000e+06
1.711107000000000000e+06
1.571540000000000000e+06
1.657071000000000000e+06
1.109427000000000000e+06
4.216640000000000000e+05
2.741060000000000000e+05
1.232201000000000000e+06
1.315785000000000000e+06
1.892000000000000000e+04
6.594100000000000000e+05
1.789365000000000000e+06
7.288370000000000000e+05
1.821127000000000000e+06
2.112380000000000000e+05
1.837014000000000000e+06
6.655540000000000000e+05
7.571290000000000000e+05
1.651831000000000000e+06
1.358951000000000000e+06
1.184110000000000000e+05
3.567650000000000000e+05
9.030960000000000000e+05
6.120490000000000000e+05
1.714955000000000000e+06
1.451276000000000000e+06
1.628404000000000000e+06
1.052990000000000000e+05
8.817770000000000000e+05
1.643769000000000000e+06
9.728760000000000000e+05
9.279410000000000000e+05
1.283950000000000000e+06
3.590270000000000000e+05
1.827539000000000000e+06
3.418300000000000000e+04
9.929830000000000000e+05
1.779527000000000000e+06
1.804885000000000000e+06
1.354543000000000000e+06
3.525770000000000000e+05
1.245911000000000000e+06
1.096227000000000000e+06
4.724400000000000000e+04
1.347299000000000000e+06
1.356315000000000000e+06
1.219851000000000000e+06
2.246600000000000000e+05
1.549357000000000000e+06
1.380655000000000000e+06
1.847845000000000000e+06
1.224467000000000000e+06
1.602241000000000000e+06
1.897800000000000000e+05
1.265442000000000000e+06
1.569657000000000000e+06
1.345945000000000000e+06
4.304980000000000000e+05
1.624741000000000000e+06
1.445257000000000000e+06
1.414657000000000000e+06
1.156958000000000000e+06
1.697094000000000000e+06
1.801118000000000000e+06
9.279340000000000000e+05
2.039000000000000000e+04
1.471740000000000000e+05
7.291600000000000000e+04
1.660139000000000000e+06
6.609200000000000000e+05
1.160017000000000000e+06
1.463947000000000000e+06
5.151170000000000000e+05
1.394460000000000000e+06
3.420060000000000000e+05
5.471570000000000000e+05
7.306700000000000000e+05
1.349310000000000000e+05
7.187750000000000000e+05
7.201020000000000000e+05
1.315750000000000000e+05
1.848343000000000000e+06
3.114500000000000000e+05
1.004013000000000000e+06
1.706437000000000000e+06
4.617060000000000000e+05
1.524030000000000000e+05
7.001480000000000000e+05
1.369879000000000000e+06
1.380253000000000000e+06
7.724760000000000000e+05
1.279738000000000000e+06
1.379410000000000000e+05
1.527998000000000000e+06
9.163610000000000000e+05
6.330700000000000000e+05
2.240720000000000000e+05
2.121360000000000000e+05
1.486541000000000000e+06
4.593640000000000000e+05
3.071840000000000000e+05
1.719040000000000000e+05
1.781508000000000000e+06
1.808471000000000000e+06
1.129538000000000000e+06
1.609649000000000000e+06
1.492651000000000000e+06
1.240444000000000000e+06
2.013000000000000000e+04
1.770436000000000000e+06
1.565885000000000000e+06
1.111568000000000000e+06
1.116669000000000000e+06
2.329730000000000000e+05
1.174510000000000000e+05
9.306190000000000000e+05
1.225185000000000000e+06
1.519974000000000000e+06
3.201650000000000000e+05
6.970350000000000000e+05
1.355152000000000000e+06
5.073130000000000000e+05
1.713918000000000000e+06
2.132470000000000000e+05
5.385550000000000000e+05
1.625387000000000000e+06
1.594995000000000000e+06
1.450677000000000000e+06
3.755790000000000000e+05
2.402110000000000000e+05
6.666920000000000000e+05
1.487779000000000000e+06
1.448968000000000000e+06
1.594571000000000000e+06
5.213850000000000000e+05
1.803681000000000000e+06
7.325140000000000000e+05
1.222127000000000000e+06
1.395004000000000000e+06
6.830690000000000000e+05
1.828610000000000000e+06
1.824396000000000000e+06
4.313110000000000000e+05
5.761300000000000000e+05
1.632098000000000000e+06
1.814602000000000000e+06
1.685644000000000000e+06
1.645262000000000000e+06
1.134703000000000000e+06
2.474450000000000000e+05
3.120080000000000000e+05
2.074760000000000000e+05
1.760153000000000000e+06
2.345470000000000000e+05
6.571500000000000000e+05
1.488113000000000000e+06
7.035080000000000000e+05
6.692380000000000000e+05
3.854700000000000000e+04
1.620284000000000000e+06
8.968080000000000000e+05
1.998440000000000000e+05
1.002283000000000000e+06
2.498000000000000000e+04
1.488552000000000000e+06
1.073570000000000000e+06
5.702890000000000000e+05
3.781430000000000000e+05
1.366401000000000000e+06
1.297718000000000000e+06
5.385160000000000000e+05
1.737330000000000000e+05
2.578860000000000000e+05
1.412608000000000000e+06
1.231095000000000000e+06
8.477830000000000000e+05
8.067830000000000000e+05
1.383550000000000000e+06
8.836000000000000000e+04
3.872580000000000000e+05
6.730130000000000000e+05
1.014210000000000000e+06
2.294500000000000000e+04
1.831689000000000000e+06
1.244262000000000000e+06
1.391866000000000000e+06
1.717857000000000000e+06
1.234893000000000000e+06
1.758549000000000000e+06
1.252324000000000000e+06
1.731610000000000000e+05
1.746716000000000000e+06
1.751294000000000000e+06
1.166376000000000000e+06
1.223160000000000000e+05
1.771804000000000000e+06
1.478200000000000000e+04
2.099370000000000000e+05
1.758627000000000000e+06
6.366570000000000000e+05
6.584590000000000000e+05
1.836133000000000000e+06
1.628943000000000000e+06
1.683940000000000000e+05
1.720274000000000000e+06
8.870370000000000000e+05
1.824584000000000000e+06
1.813722000000000000e+06
1.388687000000000000e+06
1.845193000000000000e+06
1.276530000000000000e+06
1.079801000000000000e+06
4.467370000000000000e+05
5.574090000000000000e+05
1.476163000000000000e+06
1.331919000000000000e+06
1.694662000000000000e+06
7.656910000000000000e+05
1.356364000000000000e+06
2.018900000000000000e+04
1.379900000000000000e+06
2.100500000000000000e+05
1.650680000000000000e+06
1.248650000000000000e+05
7.191340000000000000e+05
1.783054000000000000e+06
4.745460000000000000e+05
9.268820000000000000e+05
1.152461000000000000e+06
3.855440000000000000e+05
5.756320000000000000e+05
4.018500000000000000e+05
9.861300000000000000e+05
9.411190000000000000e+05
1.383206000000000000e+06
1.333964000000000000e+06
1.342200000000000000e+05
4.572300000000000000e+04
1.845761000000000000e+06
1.325140000000000000e+05
1.468259000000000000e+06
3.238850000000000000e+05
1.949520000000000000e+05
1.780157000000000000e+06
1.714482000000000000e+06
1.778573000000000000e+06
6.541630000000000000e+05
5.594300000000000000e+05
1.345608000000000000e+06
3.514800000000000000e+04
1.101104000000000000e+06
1.602146000000000000e+06
3.652800000000000000e+05
1.337759000000000000e+06
2.503060000000000000e+05
1.729180000000000000e+05
1.808599000000000000e+06
1.548084000000000000e+06
9.266800000000000000e+05
6.374290000000000000e+05
1.540413000000000000e+06
4.261940000000000000e+05
1.774749000000000000e+06
1.621986000000000000e+06
7.263950000000000000e+05
1.572361000000000000e+06
1.520561000000000000e+06
1.275860000000000000e+06
1.379177000000000000e+06
7.647460000000000000e+05
5.316260000000000000e+05
1.729166000000000000e+06
1.631100000000000000e+06
9.301480000000000000e+05
7.490370000000000000e+05
1.718382000000000000e+06
1.673264000000000000e+06
2.645160000000000000e+05
3.376770000000000000e+05
9.017300000000000000e+04
1.369242000000000000e+06
2.045760000000000000e+05
1.054949000000000000e+06
1.248010000000000000e+06
7.179950000000000000e+05
1.388137000000000000e+06
1.295947000000000000e+06
5.140540000000000000e+05
1.574049000000000000e+06
1.366193000000000000e+06
9.375660000000000000e+05
1.825076000000000000e+06
1.520461000000000000e+06
1.271710000000000000e+05
7.359670000000000000e+05
1.366842000000000000e+06
1.722288000000000000e+06
1.237267000000000000e+06
1.347020000000000000e+05
1.531507000000000000e+06
3.215630000000000000e+05
1.252468000000000000e+06
1.371787000000000000e+06
5.160900000000000000e+04
1.847292000000000000e+06
9.759300000000000000e+05
1.215270000000000000e+05
1.446941000000000000e+06
1.512531000000000000e+06
1.631420000000000000e+06
2.016110000000000000e+05
1.455502000000000000e+06
1.944180000000000000e+05
4.058920000000000000e+05
5.656810000000000000e+05
6.604220000000000000e+05
5.154940000000000000e+05
4.664570000000000000e+05
1.288420000000000000e+06
1.593437000000000000e+06
1.653385000000000000e+06
1.637775000000000000e+06
8.966130000000000000e+05
2.291130000000000000e+05
1.253347000000000000e+06
6.175570000000000000e+05
2.231340000000000000e+05
3.019960000000000000e+05
3.034740000000000000e+05
1.706823000000000000e+06
1.678853000000000000e+06
9.309100000000000000e+04
7.077530000000000000e+05
1.339795000000000000e+06
1.620701000000000000e+06
1.307817000000000000e+06
2.220510000000000000e+05
1.643372000000000000e+06
1.279288000000000000e+06
1.238122000000000000e+06
9.299830000000000000e+05
1.676330000000000000e+06
2.744700000000000000e+04
5.302440000000000000e+05
8.979600000000000000e+04
6.613390000000000000e+05
1.671854000000000000e+06
1.097225000000000000e+06
9.433610000000000000e+05
1.330958000000000000e+06
1.844166000000000000e+06
5.527620000000000000e+05
3.406090000000000000e+05
9.509500000000000000e+05
1.192651000000000000e+06
1.364885000000000000e+06
1.529296000000000000e+06
1.198509000000000000e+06
1.380417000000000000e+06
1.235543000000000000e+06
1.633828000000000000e+06
5.663590000000000000e+05
1.817303000000000000e+06
1.948150000000000000e+05
1.710242000000000000e+06
1.130841000000000000e+06
3.457190000000000000e+05
4.520160000000000000e+05
6.365490000000000000e+05
1.749529000000000000e+06
7.047280000000000000e+05
1.389810000000000000e+06
1.619934000000000000e+06
5.873440000000000000e+05
1.813817000000000000e+06
3.857060000000000000e+05
1.624830000000000000e+06
1.527594000000000000e+06
1.096790000000000000e+06
1.729629000000000000e+06
1.564172000000000000e+06
1.816899000000000000e+06
3.180990000000000000e+05
1.551002000000000000e+06
1.351012000000000000e+06
1.353690000000000000e+05
1.117600000000000000e+04
3.507160000000000000e+05
1.657508000000000000e+06
7.004450000000000000e+05
1.235314000000000000e+06
1.673936000000000000e+06
1.719944000000000000e+06
1.473530000000000000e+05
3.150380000000000000e+05
4.397860000000000000e+05
5.702630000000000000e+05
1.368509000000000000e+06
3.738770000000000000e+05
1.560365000000000000e+06
1.458548000000000000e+06
1.255183000000000000e+06
1.683071000000000000e+06
3.165660000000000000e+05
3.632900000000000000e+04
1.480950000000000000e+06
9.031810000000000000e+05
1.366427000000000000e+06
1.469116000000000000e+06
2.529950000000000000e+05
1.581432000000000000e+06
1.629598000000000000e+06
6.529200000000000000e+05
1.518109000000000000e+06
1.739131000000000000e+06
7.899530000000000000e+05
8.206700000000000000e+05
8.536920000000000000e+05
2.473330000000000000e+05
3.732060000000000000e+05
4.555510000000000000e+05
1.569395000000000000e+06
1.379282000000000000e+06
1.205070000000000000e+05
7.059200000000000000e+04
4.382190000000000000e+05
9.255770000000000000e+05
1.275215000000000000e+06
1.364958000000000000e+06
4.410830000000000000e+05
1.103326000000000000e+06
1.179859000000000000e+06
3.799190000000000000e+05
5.878000000000000000e+05
1.081229000000000000e+06
1.388440000000000000e+06
1.492488000000000000e+06
3.225320000000000000e+05
1.854729000000000000e+06
8.965230000000000000e+05
1.455649000000000000e+06
9.997720000000000000e+05
1.790858000000000000e+06
1.374002000000000000e+06
1.130907000000000000e+06
7.068220000000000000e+05
1.471262000000000000e+06
6.998400000000000000e+04
1.660343000000000000e+06
1.382209000000000000e+06
9.668480000000000000e+05
3.862840000000000000e+05
1.820570000000000000e+05
6.176980000000000000e+05
1.568774000000000000e+06
1.592589000000000000e+06
1.359387000000000000e+06
2.073040000000000000e+05
4.527950000000000000e+05
2.439590000000000000e+05
1.388727000000000000e+06
5.795950000000000000e+05
2.026230000000000000e+05
1.265135000000000000e+06
7.643360000000000000e+05
1.586398000000000000e+06
1.376678000000000000e+06
1.430992000000000000e+06
3.005550000000000000e+05
1.570472000000000000e+06
7.346970000000000000e+05
1.343576000000000000e+06
1.712184000000000000e+06
1.364426000000000000e+06
1.479900000000000000e+05
1.728118000000000000e+06
2.868210000000000000e+05
1.462599000000000000e+06
2.257500000000000000e+04
1.254022000000000000e+06
1.779347000000000000e+06
1.087541000000000000e+06
1.554942000000000000e+06
1.420639000000000000e+06
1.282325000000000000e+06
1.566442000000000000e+06
5.694700000000000000e+05
1.108785000000000000e+06
1.099281000000000000e+06
1.795720000000000000e+05
1.602194000000000000e+06
1.384359000000000000e+06
1.225091000000000000e+06
1.782985000000000000e+06
3.055600000000000000e+04
1.818487000000000000e+06
5.488570000000000000e+05
4.409430000000000000e+05
1.620457000000000000e+06
1.658113000000000000e+06
2.895060000000000000e+05
5.891810000000000000e+05
1.496460000000000000e+05
1.077813000000000000e+06
1.638933000000000000e+06
1.495287000000000000e+06
1.305300000000000000e+05
1.129786000000000000e+06
1.390545000000000000e+06
3.910100000000000000e+05
3.874160000000000000e+05
5.137620000000000000e+05
1.592394000000000000e+06
1.829003000000000000e+06
1.834770000000000000e+06
5.300720000000000000e+05
9.237800000000000000e+04
1.606930000000000000e+06
1.745099000000000000e+06
1.714836000000000000e+06
1.378082000000000000e+06
2.531210000000000000e+05
5.298430000000000000e+05
1.728452000000000000e+06
1.278396000000000000e+06
1.673079000000000000e+06
7.243800000000000000e+05
4.208110000000000000e+05
1.831580000000000000e+06
1.584025000000000000e+06
1.150508000000000000e+06
4.779630000000000000e+05
4.998970000000000000e+05
1.733953000000000000e+06
1.752316000000000000e+06
3.417450000000000000e+05
1.726410000000000000e+06
1.197333000000000000e+06
5.720860000000000000e+05
1.706541000000000000e+06
1.650672000000000000e+06
1.584408000000000000e+06
1.220251000000000000e+06
1.114785000000000000e+06
3.875890000000000000e+05
1.147581000000000000e+06
4.393220000000000000e+05
2.167300000000000000e+05
8.973690000000000000e+05
3.610600000000000000e+05
1.755750000000000000e+06
1.310797000000000000e+06
1.313313000000000000e+06
1.357570000000000000e+05
1.277758000000000000e+06
1.708794000000000000e+06
1.808840000000000000e+06
1.635030000000000000e+06
1.025277000000000000e+06
3.419590000000000000e+05
2.348350000000000000e+05
9.312780000000000000e+05
5.556800000000000000e+05
4.471890000000000000e+05
1.058900000000000000e+06
2.179820000000000000e+05
4.002020000000000000e+05
1.342986000000000000e+06
1.226110000000000000e+06
1.783280000000000000e+06
7.158400000000000000e+05
1.109292000000000000e+06
1.565042000000000000e+06
1.322763000000000000e+06
2.729600000000000000e+04
1.364347000000000000e+06
1.102916000000000000e+06
1.254337000000000000e+06
1.676679000000000000e+06
1.945080000000000000e+05
6.122180000000000000e+05
6.468740000000000000e+05
5.805140000000000000e+05
1.386001000000000000e+06
1.393169000000000000e+06
1.823854000000000000e+06
1.648210000000000000e+05
3.345800000000000000e+04
1.297489000000000000e+06
1.530390000000000000e+05
1.272033000000000000e+06
1.634290000000000000e+06
3.265270000000000000e+05
9.033980000000000000e+05
1.353396000000000000e+06
1.752334000000000000e+06
1.419353000000000000e+06
1.463138000000000000e+06
2.546660000000000000e+05
9.942710000000000000e+05
1.620668000000000000e+06
1.368246000000000000e+06
9.508700000000000000e+04
1.232204000000000000e+06
1.094031000000000000e+06
1.511769000000000000e+06
1.078604000000000000e+06
3.513580000000000000e+05
6.950320000000000000e+05
9.407230000000000000e+05
4.959580000000000000e+05
2.391380000000000000e+05
1.784890000000000000e+05
6.553960000000000000e+05
1.525067000000000000e+06
1.253417000000000000e+06
6.124880000000000000e+05
1.453102000000000000e+06
1.021680000000000000e+05
4.863700000000000000e+04
1.843304000000000000e+06
7.843200000000000000e+04
1.812755000000000000e+06
1.762698000000000000e+06
1.743651000000000000e+06
1.162512000000000000e+06
5.824080000000000000e+05
1.708966000000000000e+06
1.652174000000000000e+06
6.055680000000000000e+05
1.322350000000000000e+06
7.201550000000000000e+05
1.096249000000000000e+06
1.380435000000000000e+06
5.204090000000000000e+05
4.583330000000000000e+05
1.995340000000000000e+05
1.384501000000000000e+06
1.764109000000000000e+06
3.079060000000000000e+05
1.631857000000000000e+06
1.060524000000000000e+06
1.827868000000000000e+06
1.455952000000000000e+06
1.473137000000000000e+06
1.276464000000000000e+06
1.711278000000000000e+06
1.260867000000000000e+06
1.805884000000000000e+06
3.242070000000000000e+05
1.372711000000000000e+06
1.113330000000000000e+05
1.083807000000000000e+06
1.627442000000000000e+06
1.324102000000000000e+06
1.740768000000000000e+06
2.128310000000000000e+05
1.730200000000000000e+05
1.475940000000000000e+05
8.296800000000000000e+04
7.758540000000000000e+05
8.295390000000000000e+05
1.493023000000000000e+06
1.397506000000000000e+06
7.434160000000000000e+05
1.126491000000000000e+06
4.241060000000000000e+05
1.732600000000000000e+05
7.262750000000000000e+05
1.530389000000000000e+06
1.247843000000000000e+06
1.618300000000000000e+06
1.631714000000000000e+06
1.812642000000000000e+06
1.224640000000000000e+06
3.567250000000000000e+05
5.534800000000000000e+04
9.372630000000000000e+05
1.715140000000000000e+05
6.787620000000000000e+05
1.163402000000000000e+06
1.582699000000000000e+06
5.620970000000000000e+05
2.888200000000000000e+04
1.135478000000000000e+06
1.836277000000000000e+06
3.328190000000000000e+05
5.599630000000000000e+05
7.288730000000000000e+05
4.835870000000000000e+05
9.119100000000000000e+05
3.780800000000000000e+04
1.216946000000000000e+06
1.044133000000000000e+06
1.674170000000000000e+06
5.291420000000000000e+05
3.173420000000000000e+05
9.273170000000000000e+05
1.346575000000000000e+06
1.313706000000000000e+06
1.846123000000000000e+06
1.064770000000000000e+06
1.593601000000000000e+06
3.923300000000000000e+05
7.411260000000000000e+05
1.288840000000000000e+05
1.589870000000000000e+06
3.762540000000000000e+05
4.052360000000000000e+05
1.123400000000000000e+05
4.214910000000000000e+05
1.959570000000000000e+05
4.903580000000000000e+05
1.832326000000000000e+06
1.633683000000000000e+06
1.414793000000000000e+06
3.288830000000000000e+05
1.323173000000000000e+06
4.030040000000000000e+05
1.340560000000000000e+06
1.225497000000000000e+06
4.367090000000000000e+05
1.666868000000000000e+06
1.150312000000000000e+06
2.314260000000000000e+05
1.523820000000000000e+06
1.756565000000000000e+06
3.790580000000000000e+05
9.339340000000000000e+05
1.349761000000000000e+06
1.628911000000000000e+06
1.437912000000000000e+06
1.451053000000000000e+06
1.086900000000000000e+06
1.366451000000000000e+06
1.124778000000000000e+06
9.522600000000000000e+05
2.170180000000000000e+05
1.236120000000000000e+05
7.566510000000000000e+05
1.347400000000000000e+05
1.754175000000000000e+06
1.823577000000000000e+06
1.185500000000000000e+05
1.833254000000000000e+06
1.677830000000000000e+05
1.320068000000000000e+06
2.377070000000000000e+05
2.772970000000000000e+05
3.647460000000000000e+05
5.104810000000000000e+05
1.650963000000000000e+06
5.064670000000000000e+05
2.636060000000000000e+05
1.386788000000000000e+06
1.258745000000000000e+06
1.756202000000000000e+06
1.732410000000000000e+06
5.770420000000000000e+05
2.964400000000000000e+05
5.737810000000000000e+05
2.023500000000000000e+04
1.558700000000000000e+06
1.616200000000000000e+05
1.337849000000000000e+06
1.230335000000000000e+06
1.667002000000000000e+06
7.547090000000000000e+05
1.217500000000000000e+04
1.274389000000000000e+06
2.886770000000000000e+05
1.454005000000000000e+06
1.856840000000000000e+06
8.717160000000000000e+05
1.762248000000000000e+06
1.293231000000000000e+06
1.119415000000000000e+06
4.319110000000000000e+05
1.437351000000000000e+06
1.207511000000000000e+06
9.166460000000000000e+05
1.843796000000000000e+06
2.506880000000000000e+05
4.391400000000000000e+04
1.782464000000000000e+06
4.422440000000000000e+05
1.457633000000000000e+06
1.955930000000000000e+05
1.574904000000000000e+06
1.828607000000000000e+06
2.039360000000000000e+05
1.841275000000000000e+06
5.591500000000000000e+04
1.782896000000000000e+06
1.379890000000000000e+06
1.130564000000000000e+06
1.755936000000000000e+06
1.853050000000000000e+06
1.586864000000000000e+06
1.315270000000000000e+05
6.405950000000000000e+05
4.751800000000000000e+04
1.595110000000000000e+05
4.655410000000000000e+05
9.512540000000000000e+05
6.535280000000000000e+05
1.840370000000000000e+06
1.834447000000000000e+06
1.198059000000000000e+06
5.399730000000000000e+05
1.570171000000000000e+06
7.258350000000000000e+05
1.043659000000000000e+06
9.062100000000000000e+04
5.900140000000000000e+05
1.279111000000000000e+06
1.716429000000000000e+06
1.193881000000000000e+06
1.370333000000000000e+06
1.616560000000000000e+05
7.792190000000000000e+05
8.392820000000000000e+05
4.507460000000000000e+05
1.540119000000000000e+06
1.333690000000000000e+06
1.071879000000000000e+06
2.802130000000000000e+05
2.030970000000000000e+05
1.713471000000000000e+06
4.612780000000000000e+05
4.703400000000000000e+05
5.556440000000000000e+05
1.324272000000000000e+06
5.895850000000000000e+05
4.936280000000000000e+05
1.856530000000000000e+05
1.307090000000000000e+05
7.203080000000000000e+05
1.276315000000000000e+06
3.687700000000000000e+04
1.377690000000000000e+05
1.764026000000000000e+06
1.785930000000000000e+05
2.135450000000000000e+05
6.356300000000000000e+05
1.714654000000000000e+06
5.797500000000000000e+05
1.569857000000000000e+06
1.351063000000000000e+06
1.453756000000000000e+06
1.656897000000000000e+06
5.063220000000000000e+05
2.681570000000000000e+05
1.050521000000000000e+06
7.048010000000000000e+05
1.274540000000000000e+06
1.369977000000000000e+06
7.049610000000000000e+05
4.664610000000000000e+05
1.363837000000000000e+06
5.871680000000000000e+05
1.833003000000000000e+06
6.802590000000000000e+05
1.474598000000000000e+06
1.831523000000000000e+06
8.908340000000000000e+05
1.382259000000000000e+06
1.276799000000000000e+06
1.469590000000000000e+05
1.321073000000000000e+06
1.809442000000000000e+06
2.953710000000000000e+05
1.715060000000000000e+05
7.057400000000000000e+05
1.592861000000000000e+06
7.012090000000000000e+05
1.582755000000000000e+06
1.647100000000000000e+06
1.309627000000000000e+06
1.798030000000000000e+05
6.849500000000000000e+04
1.811320000000000000e+05
1.424510000000000000e+05
1.368805000000000000e+06
1.225979000000000000e+06
1.462449000000000000e+06
1.671973000000000000e+06
4.492300000000000000e+05
4.606490000000000000e+05
1.382228000000000000e+06
2.459600000000000000e+04
1.230947000000000000e+06
1.528705000000000000e+06
3.817760000000000000e+05
1.474036000000000000e+06
1.670282000000000000e+06
1.332487000000000000e+06
1.210284000000000000e+06
1.825980000000000000e+06
1.442040000000000000e+05
1.179410000000000000e+05
3.876590000000000000e+05
3.449330000000000000e+05
4.849600000000000000e+04
3.036310000000000000e+05
1.437255000000000000e+06
2.709030000000000000e+05
9.372340000000000000e+05
1.150511000000000000e+06
1.095303000000000000e+06
8.708500000000000000e+05
7.796820000000000000e+05
1.659327000000000000e+06
5.708970000000000000e+05
1.206816000000000000e+06
2.851000000000000000e+05
1.342720000000000000e+06
1.727901000000000000e+06
6.884450000000000000e+05
7.177270000000000000e+05
1.419126000000000000e+06
1.153068000000000000e+06
1.714661000000000000e+06
8.204180000000000000e+05
8.514470000000000000e+05
7.887310000000000000e+05
1.267231000000000000e+06
1.193119000000000000e+06
1.779357000000000000e+06
1.504416000000000000e+06
3.066570000000000000e+05
7.244770000000000000e+05
1.114768000000000000e+06
3.577110000000000000e+05
1.428283000000000000e+06
6.796900000000000000e+05
1.668450000000000000e+06
1.849016000000000000e+06
2.914790000000000000e+05
3.368700000000000000e+05
7.015050000000000000e+05
1.518076000000000000e+06
7.519900000000000000e+04
1.594228000000000000e+06
3.245350000000000000e+05
1.972170000000000000e+05
1.522700000000000000e+06
1.432490000000000000e+05
1.204940000000000000e+05
1.817261000000000000e+06
1.638413000000000000e+06
5.257100000000000000e+05
5.723000000000000000e+05
3.379540000000000000e+05
1.850699000000000000e+06
1.114209000000000000e+06
5.131610000000000000e+05
1.027715000000000000e+06
1.643488000000000000e+06
3.598800000000000000e+05
1.718528000000000000e+06
4.658680000000000000e+05
4.512460000000000000e+05
1.758574000000000000e+06
1.276559000000000000e+06
1.633689000000000000e+06
1.461906000000000000e+06
1.906840000000000000e+05
1.277651000000000000e+06
1.377256000000000000e+06
1.340660000000000000e+05
1.333060000000000000e+05
7.268230000000000000e+05
2.680740000000000000e+05
1.768643000000000000e+06
6.236790000000000000e+05
1.324805000000000000e+06
1.241966000000000000e+06
5.284570000000000000e+05
9.254720000000000000e+05
1.233312000000000000e+06
1.713787000000000000e+06
1.840200000000000000e+04
1.472130000000000000e+05
8.727000000000000000e+04
3.264910000000000000e+05
1.164748000000000000e+06
1.603156000000000000e+06
1.453566000000000000e+06
1.042908000000000000e+06
1.085022000000000000e+06
4.264210000000000000e+05
3.570200000000000000e+04
1.767446000000000000e+06
1.415460000000000000e+05
1.754503000000000000e+06
9.314300000000000000e+05
1.744567000000000000e+06
1.688828000000000000e+06
1.277035000000000000e+06
1.607310000000000000e+06
1.818126000000000000e+06
1.760011000000000000e+06
2.909540000000000000e+05
1.442064000000000000e+06
2.224600000000000000e+05
3.109890000000000000e+05
2.069320000000000000e+05
1.462291000000000000e+06
1.633715000000000000e+06
1.600030000000000000e+06
2.566700000000000000e+05
1.653838000000000000e+06
1.514178000000000000e+06
1.760772000000000000e+06
1.520834000000000000e+06
1.456786000000000000e+06
6.422890000000000000e+05
1.630116000000000000e+06
1.391740000000000000e+05
2.946900000000000000e+05
5.598500000000000000e+04
8.203800000000000000e+04
3.503700000000000000e+04
1.882850000000000000e+05
1.121898000000000000e+06
2.422290000000000000e+05
5.034170000000000000e+05
1.088484000000000000e+06
5.720600000000000000e+04
1.729333000000000000e+06
9.372780000000000000e+05
4.587200000000000000e+04
1.777933000000000000e+06
1.672118000000000000e+06
1.259430000000000000e+06
1.851091000000000000e+06
1.152539000000000000e+06
2.830310000000000000e+05
1.455082000000000000e+06
1.826740000000000000e+06
1.825847000000000000e+06
1.567429000000000000e+06
1.718980000000000000e+05
1.523568000000000000e+06
1.704640000000000000e+06
1.718349000000000000e+06
9.543830000000000000e+05
2.627700000000000000e+04
8.969960000000000000e+05
1.592130000000000000e+06
1.094372000000000000e+06
9.406300000000000000e+04
1.418299000000000000e+06
1.277130000000000000e+06
1.276436000000000000e+06
1.194371000000000000e+06
9.956480000000000000e+05
7.265300000000000000e+05
2.496130000000000000e+05
1.825865000000000000e+06
1.096898000000000000e+06
9.315400000000000000e+04
1.806614000000000000e+06
1.219261000000000000e+06
1.658030000000000000e+06
9.001040000000000000e+05
1.474682000000000000e+06
1.594082000000000000e+06
5.323820000000000000e+05
1.325038000000000000e+06
6.338660000000000000e+05
1.426338000000000000e+06
3.879550000000000000e+05
1.752813000000000000e+06
1.351470000000000000e+05
1.747200000000000000e+05
1.575178000000000000e+06
1.808607000000000000e+06
1.257413000000000000e+06
2.293710000000000000e+05
1.254951000000000000e+06
1.138719000000000000e+06
2.983000000000000000e+05
1.699771000000000000e+06
1.167550000000000000e+05
6.869280000000000000e+05
4.239740000000000000e+05
7.996150000000000000e+05
8.293870000000000000e+05
6.493000000000000000e+03
1.029693000000000000e+06
9.300520000000000000e+05
1.848789000000000000e+06
9.208140000000000000e+05
5.337670000000000000e+05
1.293696000000000000e+06
1.522903000000000000e+06
1.470780000000000000e+06
1.067922000000000000e+06
1.097317000000000000e+06
1.716127000000000000e+06
8.975170000000000000e+05
9.172900000000000000e+04
1.224770000000000000e+06
1.584400000000000000e+04
1.588250000000000000e+06
1.957200000000000000e+05
1.041362000000000000e+06
1.095157000000000000e+06
1.624290000000000000e+06
2.609550000000000000e+05
1.267520000000000000e+06
2.778870000000000000e+05
1.828720000000000000e+06
6.752690000000000000e+05
1.260242000000000000e+06
9.427200000000000000e+05
6.331240000000000000e+05
1.783110000000000000e+06
1.490172000000000000e+06
1.510174000000000000e+06
5.325380000000000000e+05
7.404140000000000000e+05
1.161716000000000000e+06
5.151840000000000000e+05
7.504550000000000000e+05
1.726230000000000000e+05
1.789740000000000000e+05
1.773507000000000000e+06
1.621604000000000000e+06
1.457290000000000000e+06
1.252323000000000000e+06
2.204480000000000000e+05
8.964320000000000000e+05
1.198343000000000000e+06
2.808050000000000000e+05
4.532160000000000000e+05
1.443029000000000000e+06
1.084741000000000000e+06
1.985360000000000000e+05
2.204190000000000000e+05
1.096049000000000000e+06
1.356133000000000000e+06
1.111618000000000000e+06
1.407844000000000000e+06
1.113350000000000000e+05
1.819826000000000000e+06
5.355800000000000000e+04
1.059767000000000000e+06
1.519449000000000000e+06
1.807576000000000000e+06
9.542630000000000000e+05
3.229620000000000000e+05
1.082309000000000000e+06
1.844092000000000000e+06
1.414715000000000000e+06
7.359580000000000000e+05
1.496508000000000000e+06
1.682792000000000000e+06
1.330497000000000000e+06
1.167293000000000000e+06
5.025240000000000000e+05
1.659339000000000000e+06
6.544810000000000000e+05
3.718500000000000000e+04
1.834152000000000000e+06
1.657168000000000000e+06
1.316048000000000000e+06
7.193760000000000000e+05
1.762064000000000000e+06
9.715480000000000000e+05
1.525598000000000000e+06
1.382251000000000000e+06
2.205490000000000000e+05
1.440460000000000000e+06
1.676787000000000000e+06
1.702800000000000000e+05
1.637661000000000000e+06
1.723507000000000000e+06
6.590270000000000000e+05
1.119780000000000000e+05
1.631135000000000000e+06
1.184500000000000000e+04
2.580530000000000000e+05
4.360480000000000000e+05
1.479912000000000000e+06
1.732591000000000000e+06
2.899530000000000000e+05
1.466800000000000000e+06
1.569990000000000000e+06
1.352971000000000000e+06
1.668479000000000000e+06
1.538840000000000000e+05
3.321070000000000000e+05
9.276980000000000000e+05
4.802820000000000000e+05
1.616499000000000000e+06
4.392960000000000000e+05
1.028657000000000000e+06
5.468230000000000000e+05
1.666389000000000000e+06
1.546011000000000000e+06
3.242910000000000000e+05
4.947670000000000000e+05
5.253200000000000000e+05
6.334440000000000000e+05
1.323479000000000000e+06
1.434199000000000000e+06
1.638350000000000000e+06
1.246666000000000000e+06
2.115230000000000000e+05
1.125157000000000000e+06
1.102489000000000000e+06
1.903240000000000000e+05
2.464420000000000000e+05
1.257574000000000000e+06
2.229890000000000000e+05
1.768580000000000000e+06
3.824030000000000000e+05
1.287320000000000000e+06
1.337484000000000000e+06
1.776019000000000000e+06
1.572550000000000000e+06
1.291830000000000000e+05
9.151350000000000000e+05
1.347349000000000000e+06
2.254700000000000000e+05
3.791330000000000000e+05
1.782149000000000000e+06
6.273920000000000000e+05
1.478470000000000000e+06
1.270444000000000000e+06
1.119907000000000000e+06
1.435423000000000000e+06
3.067100000000000000e+05
3.298900000000000000e+05
1.147250000000000000e+06
1.365863000000000000e+06
7.253660000000000000e+05
5.379570000000000000e+05
5.133900000000000000e+05
1.293450000000000000e+06
1.358533000000000000e+06
6.890430000000000000e+05
1.074451000000000000e+06
5.297800000000000000e+05
1.348240000000000000e+05
1.614134000000000000e+06
1.376129000000000000e+06
1.306444000000000000e+06
1.712503000000000000e+06
1.471460000000000000e+05
7.083310000000000000e+05
1.279566000000000000e+06
7.222480000000000000e+05
4.142020000000000000e+05
1.549932000000000000e+06
1.252301000000000000e+06
1.778953000000000000e+06
1.413381000000000000e+06
2.860980000000000000e+05
1.822196000000000000e+06
1.853661000000000000e+06
1.101803000000000000e+06
1.021229000000000000e+06
4.570550000000000000e+05
1.492447000000000000e+06
1.572181000000000000e+06
1.628708000000000000e+06
1.166157000000000000e+06
3.753010000000000000e+05
2.747780000000000000e+05
7.071440000000000000e+05
7.093730000000000000e+05
1.589263000000000000e+06
1.856442000000000000e+06
1.549289000000000000e+06
1.759004000000000000e+06
1.230117000000000000e+06
1.516771000000000000e+06
1.182760000000000000e+05
2.618800000000000000e+05
8.131500000000000000e+04
1.264501000000000000e+06
1.732850000000000000e+06
1.011222000000000000e+06
5.491770000000000000e+05
1.421208000000000000e+06
9.376710000000000000e+05
2.212420000000000000e+05
5.815820000000000000e+05
1.732855000000000000e+06
1.248675000000000000e+06
2.125550000000000000e+05
1.144944000000000000e+06
5.816380000000000000e+05
1.412180000000000000e+05
9.239810000000000000e+05
3.192380000000000000e+05
1.379005000000000000e+06
1.408950000000000000e+05
1.083302000000000000e+06
2.112860000000000000e+05
1.251605000000000000e+06
1.525769000000000000e+06
6.691680000000000000e+05
1.438756000000000000e+06
7.098340000000000000e+05
1.809565000000000000e+06
8.380300000000000000e+04
4.608740000000000000e+05
5.216090000000000000e+05
1.158224000000000000e+06
1.553080000000000000e+06
3.760890000000000000e+05
1.571380000000000000e+06
1.476829000000000000e+06
1.324469000000000000e+06
1.342769000000000000e+06
1.208559000000000000e+06
1.652500000000000000e+04
1.283275000000000000e+06
1.492934000000000000e+06
1.414140000000000000e+05
1.187200000000000000e+06
1.729639000000000000e+06
1.230320000000000000e+05
1.597268000000000000e+06
1.524819000000000000e+06
1.415931000000000000e+06
5.227530000000000000e+05
3.201020000000000000e+05
1.814427000000000000e+06
1.230791000000000000e+06
1.829382000000000000e+06
1.130300000000000000e+04
1.702100000000000000e+04
1.125004000000000000e+06
3.815400000000000000e+04
1.295766000000000000e+06
3.370360000000000000e+05
1.765162000000000000e+06
3.100620000000000000e+05
1.779432000000000000e+06
1.376384000000000000e+06
1.523264000000000000e+06
2.523120000000000000e+05
1.477385000000000000e+06
1.634105000000000000e+06
1.795395000000000000e+06
3.709700000000000000e+04
4.840210000000000000e+05
5.567690000000000000e+05
2.038720000000000000e+05
1.810119000000000000e+06
1.366448000000000000e+06
1.298449000000000000e+06
6.651880000000000000e+05
3.304350000000000000e+05
1.353304000000000000e+06
1.277677000000000000e+06
9.376580000000000000e+05
1.628744000000000000e+06
1.364995000000000000e+06
1.478384000000000000e+06
4.688430000000000000e+05
7.124910000000000000e+05
2.376490000000000000e+05
6.151110000000000000e+05
1.752466000000000000e+06
4.709230000000000000e+05
5.739450000000000000e+05
4.635420000000000000e+05
6.830820000000000000e+05
1.211356000000000000e+06
3.235380000000000000e+05
5.660620000000000000e+05
1.829015000000000000e+06
4.380240000000000000e+05
1.630456000000000000e+06
1.141135000000000000e+06
1.493310000000000000e+05
1.248404000000000000e+06
3.372790000000000000e+05
1.311446000000000000e+06
1.234172000000000000e+06
4.483450000000000000e+05
1.054450000000000000e+05
7.371680000000000000e+05
1.396172000000000000e+06
1.692181000000000000e+06
1.114298000000000000e+06
1.447241000000000000e+06
4.272610000000000000e+05
1.030920000000000000e+06
1.099236000000000000e+06
5.265520000000000000e+05
2.073730000000000000e+05
1.380680000000000000e+05
1.811860000000000000e+05
1.155318000000000000e+06
1.287800000000000000e+04
2.186640000000000000e+05
8.727770000000000000e+05
1.770903000000000000e+06
3.194560000000000000e+05
1.131917000000000000e+06
1.385727000000000000e+06
1.572750000000000000e+05
1.331770000000000000e+06
4.670420000000000000e+05
1.521522000000000000e+06
6.847320000000000000e+05
1.100600000000000000e+04
1.074713000000000000e+06
1.581370000000000000e+06
1.571930000000000000e+06
1.833966000000000000e+06
6.594800000000000000e+05
1.316600000000000000e+05
1.766590000000000000e+05
1.630581000000000000e+06
1.818189000000000000e+06
1.380295000000000000e+06
1.471830000000000000e+06
1.670172000000000000e+06
1.164299000000000000e+06
