6.769070000000000000e+05
1.648536000000000000e+06
1.639779000000000000e+06
1.643740000000000000e+06
2.400130000000000000e+05
2.106500000000000000e+04
1.758773000000000000e+06
1.643675000000000000e+06
1.076659000000000000e+06
5.061900000000000000e+05
1.280445000000000000e+06
1.830546000000000000e+06
1.237527000000000000e+06
1.552913000000000000e+06
1.401219000000000000e+06
1.489105000000000000e+06
1.443148000000000000e+06
2.196950000000000000e+05
5.744200000000000000e+05
9.216220000000000000e+05
1.302707000000000000e+06
1.831190000000000000e+06
2.441630000000000000e+05
1.509517000000000000e+06
1.802247000000000000e+06
1.632657000000000000e+06
1.792445000000000000e+06
3.005180000000000000e+05
1.342280000000000000e+06
2.021880000000000000e+05
1.652880000000000000e+05
1.059129000000000000e+06
1.707665000000000000e+06
1.419730000000000000e+05
1.833917000000000000e+06
1.669540000000000000e+05
3.780080000000000000e+05
2.323690000000000000e+05
1.401771000000000000e+06
1.373873000000000000e+06
9.553520000000000000e+05
7.271300000000000000e+04
1.576513000000000000e+06
1.534282000000000000e+06
1.567273000000000000e+06
2.885240000000000000e+05
2.374400000000000000e+05
1.697801000000000000e+06
1.842835000000000000e+06
2.872280000000000000e+05
3.872350000000000000e+05
4.521120000000000000e+05
1.801325000000000000e+06
1.755091000000000000e+06
5.223520000000000000e+05
1.833652000000000000e+06
6.851710000000000000e+05
1.693607000000000000e+06
3.761590000000000000e+05
1.300440000000000000e+06
1.279569000000000000e+06
7.460040000000000000e+05
1.476856000000000000e+06
1.569674000000000000e+06
6.114440000000000000e+05
1.390314000000000000e+06
1.096774000000000000e+06
1.722359000000000000e+06
3.069710000000000000e+05
1.802908000000000000e+06
1.457251000000000000e+06
2.985210000000000000e+05
3.765530000000000000e+05
1.144936000000000000e+06
