7.309850000000000000e+05
7.359100000000000000e+05
7.268740000000000000e+05
7.357690000000000000e+05
1.683345000000000000e+06
8.944000000000000000e+05
7.479790000000000000e+05
1.345440000000000000e+05
7.355140000000000000e+05
1.372138000000000000e+06
7.409520000000000000e+05
1.757402000000000000e+06
1.438929000000000000e+06
1.796188000000000000e+06
8.516380000000000000e+05
8.181920000000000000e+05
7.810320000000000000e+05
1.003840000000000000e+06
1.100155000000000000e+06
1.023847000000000000e+06
7.175210000000000000e+05
1.757815000000000000e+06
6.384280000000000000e+05
1.179190000000000000e+05
1.112740000000000000e+06
8.963670000000000000e+05
1.856773000000000000e+06
1.260963000000000000e+06
7.392900000000000000e+05
1.565980000000000000e+06
9.240740000000000000e+05
1.565054000000000000e+06
1.089446000000000000e+06
1.062000000000000000e+04
7.271940000000000000e+05
1.477284000000000000e+06
1.247933000000000000e+06
1.562756000000000000e+06
4.784160000000000000e+05
1.702806000000000000e+06
3.050500000000000000e+05
4.015430000000000000e+05
1.669248000000000000e+06
1.012501000000000000e+06
1.743565000000000000e+06
1.613617000000000000e+06
1.247033000000000000e+06
9.303200000000000000e+04
7.301840000000000000e+05
1.328760000000000000e+05
1.428668000000000000e+06
2.147600000000000000e+04
8.965100000000000000e+05
1.571087000000000000e+06
1.249533000000000000e+06
1.344030000000000000e+06
1.773409000000000000e+06
7.705150000000000000e+05
4.015230000000000000e+05
2.005000000000000000e+04
1.850623000000000000e+06
1.760237000000000000e+06
1.060999000000000000e+06
1.565314000000000000e+06
1.433573000000000000e+06
1.607570000000000000e+05
2.624450000000000000e+05
1.426851000000000000e+06
1.387119000000000000e+06
1.949200000000000000e+04
5.827280000000000000e+05
1.261178000000000000e+06
4.747750000000000000e+05
1.398039000000000000e+06
1.464130000000000000e+05
8.804620000000000000e+05
1.768729000000000000e+06
1.651103000000000000e+06
1.349550000000000000e+05
6.257100000000000000e+04
1.694455000000000000e+06
1.684141000000000000e+06
8.659900000000000000e+05
1.253194000000000000e+06
8.004470000000000000e+05
8.627100000000000000e+05
8.306890000000000000e+05
7.641740000000000000e+05
3.900740000000000000e+05
2.089800000000000000e+04
3.175920000000000000e+05
3.168360000000000000e+05
1.367873000000000000e+06
2.305230000000000000e+05
3.471680000000000000e+05
1.060855000000000000e+06
1.365782000000000000e+06
1.444760000000000000e+06
5.942240000000000000e+05
2.362900000000000000e+04
1.773110000000000000e+05
8.865270000000000000e+05
