7.303530000000000000e+05
3.848240000000000000e+05
5.438130000000000000e+05
8.667660000000000000e+05
7.562300000000000000e+05
7.733720000000000000e+05
7.317640000000000000e+05
7.283350000000000000e+05
1.315060000000000000e+06
8.211080000000000000e+05
3.412000000000000000e+03
7.625170000000000000e+05
8.901870000000000000e+05
1.228011000000000000e+06
3.284690000000000000e+05
7.529210000000000000e+05
7.354620000000000000e+05
8.951500000000000000e+05
7.876230000000000000e+05
8.591790000000000000e+05
8.227050000000000000e+05
8.747100000000000000e+05
7.349470000000000000e+05
1.299562000000000000e+06
1.492186000000000000e+06
7.267690000000000000e+05
7.268230000000000000e+05
3.248030000000000000e+05
3.857060000000000000e+05
7.343930000000000000e+05
7.579120000000000000e+05
7.354550000000000000e+05
3.719400000000000000e+05
3.828650000000000000e+05
8.989430000000000000e+05
8.848440000000000000e+05
1.570400000000000000e+04
7.265340000000000000e+05
7.268160000000000000e+05
5.501990000000000000e+05
1.229115000000000000e+06
8.670030000000000000e+05
7.687270000000000000e+05
8.187300000000000000e+05
1.761690000000000000e+06
1.230640000000000000e+06
3.874980000000000000e+05
5.486640000000000000e+05
7.355140000000000000e+05
8.953590000000000000e+05
1.322606000000000000e+06
7.293440000000000000e+05
8.969470000000000000e+05
7.285260000000000000e+05
1.230490000000000000e+06
1.314668000000000000e+06
5.508410000000000000e+05
8.294540000000000000e+05
7.880130000000000000e+05
8.601320000000000000e+05
7.279950000000000000e+05
3.284980000000000000e+05
8.925910000000000000e+05
7.267000000000000000e+05
8.822700000000000000e+05
5.740590000000000000e+05
1.227392000000000000e+06
6.784280000000000000e+05
7.277880000000000000e+05
8.974780000000000000e+05
1.231374000000000000e+06
7.273620000000000000e+05
1.315325000000000000e+06
3.795430000000000000e+05
1.312985000000000000e+06
5.423140000000000000e+05
7.629850000000000000e+05
7.181820000000000000e+05
7.320100000000000000e+05
6.664320000000000000e+05
1.320877000000000000e+06
1.228888000000000000e+06
6.401340000000000000e+05
6.586880000000000000e+05
1.938700000000000000e+04
7.273690000000000000e+05
9.133000000000000000e+05
7.252910000000000000e+05
2.275000000000000000e+03
6.526860000000000000e+05
1.430901000000000000e+06
7.360160000000000000e+05
5.525510000000000000e+05
7.388010000000000000e+05
8.317060000000000000e+05
7.938920000000000000e+05
3.865600000000000000e+05
7.386580000000000000e+05
7.277640000000000000e+05
1.762189000000000000e+06
1.315949000000000000e+06
1.323625000000000000e+06
9.359850000000000000e+05
7.565810000000000000e+05
2.108100000000000000e+04
1.257974000000000000e+06
8.964140000000000000e+05
7.399870000000000000e+05
8.862470000000000000e+05
3.852110000000000000e+05
8.851690000000000000e+05
7.733810000000000000e+05
3.724740000000000000e+05
3.782360000000000000e+05
6.539130000000000000e+05
3.482000000000000000e+03
3.841590000000000000e+05
5.514150000000000000e+05
7.374560000000000000e+05
9.002910000000000000e+05
7.666470000000000000e+05
7.262890000000000000e+05
5.296970000000000000e+05
3.875260000000000000e+05
3.835390000000000000e+05
7.297990000000000000e+05
1.316466000000000000e+06
7.265860000000000000e+05
6.521620000000000000e+05
1.302188000000000000e+06
5.519340000000000000e+05
7.449100000000000000e+05
7.343040000000000000e+05
6.982300000000000000e+04
1.230251000000000000e+06
9.006340000000000000e+05
8.965960000000000000e+05
8.064700000000000000e+05
8.361980000000000000e+05
6.293600000000000000e+05
1.540700000000000000e+04
8.964410000000000000e+05
6.983390000000000000e+05
5.400780000000000000e+05
1.024562000000000000e+06
3.890930000000000000e+05
9.360000000000000000e+03
6.520210000000000000e+05
1.228208000000000000e+06
3.244780000000000000e+05
1.231013000000000000e+06
7.345570000000000000e+05
1.491876000000000000e+06
1.322914000000000000e+06
6.724270000000000000e+05
1.227170000000000000e+06
9.117380000000000000e+05
8.982980000000000000e+05
1.520324000000000000e+06
1.516524000000000000e+06
7.642320000000000000e+05
1.322195000000000000e+06
6.532580000000000000e+05
3.418160000000000000e+05
7.238880000000000000e+05
6.375620000000000000e+05
3.902670000000000000e+05
8.805840000000000000e+05
1.571876000000000000e+06
3.850960000000000000e+05
7.514290000000000000e+05
6.439070000000000000e+05
8.667450000000000000e+05
6.773130000000000000e+05
5.186730000000000000e+05
8.096770000000000000e+05
8.822180000000000000e+05
8.483520000000000000e+05
8.061000000000000000e+05
8.368780000000000000e+05
1.233821000000000000e+06
7.185160000000000000e+05
7.623630000000000000e+05
5.436540000000000000e+05
1.722300000000000000e+04
3.714350000000000000e+05
1.300990000000000000e+06
1.658112000000000000e+06
6.176530000000000000e+05
1.212730000000000000e+06
7.345090000000000000e+05
5.149050000000000000e+05
1.322861000000000000e+06
3.380490000000000000e+05
8.783150000000000000e+05
8.354800000000000000e+05
7.885200000000000000e+05
6.795630000000000000e+05
1.292894000000000000e+06
3.295480000000000000e+05
7.201010000000000000e+05
9.167940000000000000e+05
2.484000000000000000e+05
6.565420000000000000e+05
7.289460000000000000e+05
6.458890000000000000e+05
1.266902000000000000e+06
1.232496000000000000e+06
1.593354000000000000e+06
6.773750000000000000e+05
3.832900000000000000e+05
3.840410000000000000e+05
1.011765000000000000e+06
1.761868000000000000e+06
3.294200000000000000e+05
1.544784000000000000e+06
3.801700000000000000e+05
3.808750000000000000e+05
5.324320000000000000e+05
3.719750000000000000e+05
1.517375000000000000e+06
1.380295000000000000e+06
5.522980000000000000e+05
3.283270000000000000e+05
5.378560000000000000e+05
1.230075000000000000e+06
6.397080000000000000e+05
1.711069000000000000e+06
3.805350000000000000e+05
1.793760000000000000e+05
9.267310000000000000e+05
6.390990000000000000e+05
1.144944000000000000e+06
1.302306000000000000e+06
7.632710000000000000e+05
6.239540000000000000e+05
2.960460000000000000e+05
7.288840000000000000e+05
1.492767000000000000e+06
1.300687000000000000e+06
1.206857000000000000e+06
2.589000000000000000e+03
7.643420000000000000e+05
1.229461000000000000e+06
1.548247000000000000e+06
1.279227000000000000e+06
5.464210000000000000e+05
1.300699000000000000e+06
8.980760000000000000e+05
1.488607000000000000e+06
5.750020000000000000e+05
1.657969000000000000e+06
7.674140000000000000e+05
4.594000000000000000e+03
3.620980000000000000e+05
7.642720000000000000e+05
5.488800000000000000e+05
1.480482000000000000e+06
9.055320000000000000e+05
1.445856000000000000e+06
7.407310000000000000e+05
7.290760000000000000e+05
1.066647000000000000e+06
1.324608000000000000e+06
9.148280000000000000e+05
9.373410000000000000e+05
9.014850000000000000e+05
1.328655000000000000e+06
1.852023000000000000e+06
1.060668000000000000e+06
1.306641000000000000e+06
7.408940000000000000e+05
5.203800000000000000e+05
1.233626000000000000e+06
1.471451000000000000e+06
1.615410000000000000e+06
1.320658000000000000e+06
7.406410000000000000e+05
3.816010000000000000e+05
1.796042000000000000e+06
4.215640000000000000e+05
5.205120000000000000e+05
8.985100000000000000e+05
6.750870000000000000e+05
1.431287000000000000e+06
1.577314000000000000e+06
1.005034000000000000e+06
1.697475000000000000e+06
5.572480000000000000e+05
3.859440000000000000e+05
5.171270000000000000e+05
8.678820000000000000e+05
9.315740000000000000e+05
8.959800000000000000e+05
2.056980000000000000e+05
1.758570000000000000e+06
7.457920000000000000e+05
1.219357000000000000e+06
1.242208000000000000e+06
5.443590000000000000e+05
3.266290000000000000e+05
6.498010000000000000e+05
3.776480000000000000e+05
3.820480000000000000e+05
3.751590000000000000e+05
1.383353000000000000e+06
3.875940000000000000e+05
1.275156000000000000e+06
6.695690000000000000e+05
7.228410000000000000e+05
1.256396000000000000e+06
1.243565000000000000e+06
8.871630000000000000e+05
7.396800000000000000e+05
1.246173000000000000e+06
3.562660000000000000e+05
7.315290000000000000e+05
1.226087000000000000e+06
1.315113000000000000e+06
1.455307000000000000e+06
1.224992000000000000e+06
5.206960000000000000e+05
3.761610000000000000e+05
1.757287000000000000e+06
3.291000000000000000e+03
1.035775000000000000e+06
7.359780000000000000e+05
9.646960000000000000e+05
5.561260000000000000e+05
1.224616000000000000e+06
8.914560000000000000e+05
1.260209000000000000e+06
5.306640000000000000e+05
9.329650000000000000e+05
3.275820000000000000e+05
8.864310000000000000e+05
6.895920000000000000e+05
7.397910000000000000e+05
1.847556000000000000e+06
5.959000000000000000e+03
3.074000000000000000e+03
6.374400000000000000e+05
6.716820000000000000e+05
5.195280000000000000e+05
5.815760000000000000e+05
1.260412000000000000e+06
1.488682000000000000e+06
1.150390000000000000e+06
1.236410000000000000e+06
4.288530000000000000e+05
1.209342000000000000e+06
3.228160000000000000e+05
6.646140000000000000e+05
6.706460000000000000e+05
3.845650000000000000e+05
5.522370000000000000e+05
2.696490000000000000e+05
4.160880000000000000e+05
3.762430000000000000e+05
3.891320000000000000e+05
5.313320000000000000e+05
1.799943000000000000e+06
6.645370000000000000e+05
7.269170000000000000e+05
3.704350000000000000e+05
1.541976000000000000e+06
2.627150000000000000e+05
1.761850000000000000e+06
2.239500000000000000e+04
8.999530000000000000e+05
2.294000000000000000e+03
1.453825000000000000e+06
2.501720000000000000e+05
3.707700000000000000e+05
7.291320000000000000e+05
5.331040000000000000e+05
3.711900000000000000e+05
1.673952000000000000e+06
1.314326000000000000e+06
8.846290000000000000e+05
1.320973000000000000e+06
6.926260000000000000e+05
2.009310000000000000e+05
1.296907000000000000e+06
2.044620000000000000e+05
3.068000000000000000e+05
2.854480000000000000e+05
1.706330000000000000e+06
1.232352000000000000e+06
1.254725000000000000e+06
5.566640000000000000e+05
5.625600000000000000e+05
3.453940000000000000e+05
3.429540000000000000e+05
5.327170000000000000e+05
1.678555000000000000e+06
1.336950000000000000e+05
6.810900000000000000e+04
1.694410000000000000e+06
7.295240000000000000e+05
4.256100000000000000e+05
1.140985000000000000e+06
3.309280000000000000e+05
3.807220000000000000e+05
3.878120000000000000e+05
1.450333000000000000e+06
5.667500000000000000e+05
1.114971000000000000e+06
3.847810000000000000e+05
1.317636000000000000e+06
1.237091000000000000e+06
2.480300000000000000e+04
3.806540000000000000e+05
1.057730000000000000e+06
7.346960000000000000e+05
5.300720000000000000e+05
5.569030000000000000e+05
5.751680000000000000e+05
3.760890000000000000e+05
4.274560000000000000e+05
9.276790000000000000e+05
7.399120000000000000e+05
5.460510000000000000e+05
6.631930000000000000e+05
1.261872000000000000e+06
2.496570000000000000e+05
5.993280000000000000e+05
3.868090000000000000e+05
1.207690000000000000e+05
1.284678000000000000e+06
9.616240000000000000e+05
1.268233000000000000e+06
1.312111000000000000e+06
3.880560000000000000e+05
3.231570000000000000e+05
1.320508000000000000e+06
1.346399000000000000e+06
3.704290000000000000e+05
5.391470000000000000e+05
1.738472000000000000e+06
4.883600000000000000e+05
1.214526000000000000e+06
1.205065000000000000e+06
1.187398000000000000e+06
1.587094000000000000e+06
3.762030000000000000e+05
9.348190000000000000e+05
6.757410000000000000e+05
4.356570000000000000e+05
2.234000000000000000e+03
7.180410000000000000e+05
1.212440000000000000e+06
9.891210000000000000e+05
4.399000000000000000e+05
8.790900000000000000e+05
3.701870000000000000e+05
1.797976000000000000e+06
6.594260000000000000e+05
3.295730000000000000e+05
9.009870000000000000e+05
1.225658000000000000e+06
3.118730000000000000e+05
7.275360000000000000e+05
2.245350000000000000e+05
1.492667000000000000e+06
4.959270000000000000e+05
1.734339000000000000e+06
5.698450000000000000e+05
5.479150000000000000e+05
1.518633000000000000e+06
1.396170000000000000e+05
1.082167000000000000e+06
1.433418000000000000e+06
7.268540000000000000e+05
1.306646000000000000e+06
1.509931000000000000e+06
1.491092000000000000e+06
1.591500000000000000e+04
6.910770000000000000e+05
7.959000000000000000e+05
8.601050000000000000e+05
8.289740000000000000e+05
1.758663000000000000e+06
5.123840000000000000e+05
9.165340000000000000e+05
9.160660000000000000e+05
6.740680000000000000e+05
1.099245000000000000e+06
7.211070000000000000e+05
1.824579000000000000e+06
1.364536000000000000e+06
1.222086000000000000e+06
1.761118000000000000e+06
6.580180000000000000e+05
1.457927000000000000e+06
1.766321000000000000e+06
5.303040000000000000e+05
1.321944000000000000e+06
8.946000000000000000e+03
1.302332000000000000e+06
1.677408000000000000e+06
2.068300000000000000e+04
3.736270000000000000e+05
1.203820000000000000e+05
1.194906000000000000e+06
1.316149000000000000e+06
1.386010000000000000e+06
1.516624000000000000e+06
5.405550000000000000e+05
9.391260000000000000e+05
1.177900000000000000e+06
1.640130000000000000e+05
7.122860000000000000e+05
6.240140000000000000e+05
7.525110000000000000e+05
1.520203000000000000e+06
1.658888000000000000e+06
1.546128000000000000e+06
3.246470000000000000e+05
4.431870000000000000e+05
1.213525000000000000e+06
6.022120000000000000e+05
1.455002000000000000e+06
2.324950000000000000e+05
3.821260000000000000e+05
1.793710000000000000e+05
1.729647000000000000e+06
8.970700000000000000e+04
1.198587000000000000e+06
1.666447000000000000e+06
8.441000000000000000e+05
8.053840000000000000e+05
1.492372000000000000e+06
3.058670000000000000e+05
6.508740000000000000e+05
3.797930000000000000e+05
1.045105000000000000e+06
6.583390000000000000e+05
5.355370000000000000e+05
1.376776000000000000e+06
1.225564000000000000e+06
3.862970000000000000e+05
1.233693000000000000e+06
1.520297000000000000e+06
2.112900000000000000e+04
1.358681000000000000e+06
1.036453000000000000e+06
5.200290000000000000e+05
1.356689000000000000e+06
1.795052000000000000e+06
1.152428000000000000e+06
4.336510000000000000e+05
1.721400000000000000e+04
1.220958000000000000e+06
5.258650000000000000e+05
2.476580000000000000e+05
9.202490000000000000e+05
1.315710000000000000e+06
1.294175000000000000e+06
5.219340000000000000e+05
5.347590000000000000e+05
1.431282000000000000e+06
7.603400000000000000e+05
6.347430000000000000e+05
1.478630000000000000e+06
1.395100000000000000e+04
2.306100000000000000e+04
3.001810000000000000e+05
6.622980000000000000e+05
6.658040000000000000e+05
1.268314000000000000e+06
6.968170000000000000e+05
6.724900000000000000e+05
3.824660000000000000e+05
2.488500000000000000e+05
6.736800000000000000e+05
9.187620000000000000e+05
2.544600000000000000e+05
6.571010000000000000e+05
1.095873000000000000e+06
3.838340000000000000e+05
1.517987000000000000e+06
2.082600000000000000e+04
5.297500000000000000e+04
1.507159000000000000e+06
1.158484000000000000e+06
3.761500000000000000e+05
9.139800000000000000e+05
8.479650000000000000e+05
8.085580000000000000e+05
8.227850000000000000e+05
1.653030000000000000e+05
8.876380000000000000e+05
7.160090000000000000e+05
6.914800000000000000e+05
1.758199000000000000e+06
5.337670000000000000e+05
1.309234000000000000e+06
5.582650000000000000e+05
1.283308000000000000e+06
7.073430000000000000e+05
3.191120000000000000e+05
9.004450000000000000e+05
7.270790000000000000e+05
5.156660000000000000e+05
1.206363000000000000e+06
4.242950000000000000e+05
3.835420000000000000e+05
2.663630000000000000e+05
1.114450000000000000e+06
6.332890000000000000e+05
1.044877000000000000e+06
1.692155000000000000e+06
7.067620000000000000e+05
9.565180000000000000e+05
1.345335000000000000e+06
1.210740000000000000e+05
3.399710000000000000e+05
1.232963000000000000e+06
3.841530000000000000e+05
1.519307000000000000e+06
1.832624000000000000e+06
1.787171000000000000e+06
5.373600000000000000e+05
5.394620000000000000e+05
1.744598000000000000e+06
1.022500000000000000e+04
1.849951000000000000e+06
6.772910000000000000e+05
7.442520000000000000e+05
1.330095000000000000e+06
9.157500000000000000e+05
6.327550000000000000e+05
2.669670000000000000e+05
8.442000000000000000e+03
5.133700000000000000e+05
5.189690000000000000e+05
1.332400000000000000e+04
3.022170000000000000e+05
4.927180000000000000e+05
1.820934000000000000e+06
6.479600000000000000e+05
9.944990000000000000e+05
1.812096000000000000e+06
1.772040000000000000e+06
3.920300000000000000e+05
3.295010000000000000e+05
9.421000000000000000e+03
1.233312000000000000e+06
1.231018000000000000e+06
7.285730000000000000e+05
1.490973000000000000e+06
7.208240000000000000e+05
1.332911000000000000e+06
1.440253000000000000e+06
1.705591000000000000e+06
1.241075000000000000e+06
1.155821000000000000e+06
5.517920000000000000e+05
1.320939000000000000e+06
1.463075000000000000e+06
1.077346000000000000e+06
1.803670000000000000e+06
1.320244000000000000e+06
5.338830000000000000e+05
5.799880000000000000e+05
3.284400000000000000e+05
7.065130000000000000e+05
4.882460000000000000e+05
1.583590000000000000e+06
1.445891000000000000e+06
6.285120000000000000e+05
1.844800000000000000e+06
1.347376000000000000e+06
6.604240000000000000e+05
3.850600000000000000e+05
1.127200000000000000e+05
1.690128000000000000e+06
5.468170000000000000e+05
1.207450000000000000e+05
2.135390000000000000e+05
1.367401000000000000e+06
1.378399000000000000e+06
8.957320000000000000e+05
1.335965000000000000e+06
1.433594000000000000e+06
1.379374000000000000e+06
1.153241000000000000e+06
4.421470000000000000e+05
1.146190000000000000e+05
4.483890000000000000e+05
1.307935000000000000e+06
1.320305000000000000e+06
1.024629000000000000e+06
1.241821000000000000e+06
1.316656000000000000e+06
9.935530000000000000e+05
1.328843000000000000e+06
1.755398000000000000e+06
5.197460000000000000e+05
4.118780000000000000e+05
9.000040000000000000e+05
1.082735000000000000e+06
7.832770000000000000e+05
8.715260000000000000e+05
1.276270000000000000e+05
1.448196000000000000e+06
1.380366000000000000e+06
3.747780000000000000e+05
1.373432000000000000e+06
6.704500000000000000e+04
1.720343000000000000e+06
1.419231000000000000e+06
1.336348000000000000e+06
1.848318000000000000e+06
7.014760000000000000e+05
4.454810000000000000e+05
1.300787000000000000e+06
1.074700000000000000e+04
7.643810000000000000e+05
8.124820000000000000e+05
8.511310000000000000e+05
6.400250000000000000e+05
1.376176000000000000e+06
3.256290000000000000e+05
1.039180000000000000e+06
1.260928000000000000e+06
1.379839000000000000e+06
1.683293000000000000e+06
1.760634000000000000e+06
1.425289000000000000e+06
7.331430000000000000e+05
8.258400000000000000e+04
1.711674000000000000e+06
1.451979000000000000e+06
5.137160000000000000e+05
6.628570000000000000e+05
1.321128000000000000e+06
1.491232000000000000e+06
1.570757000000000000e+06
1.255183000000000000e+06
5.720220000000000000e+05
5.957720000000000000e+05
7.052450000000000000e+05
1.160957000000000000e+06
1.204610000000000000e+05
3.695750000000000000e+05
9.644010000000000000e+05
3.129350000000000000e+05
1.315398000000000000e+06
6.943270000000000000e+05
5.573820000000000000e+05
5.086170000000000000e+05
1.744145000000000000e+06
1.287876000000000000e+06
1.673386000000000000e+06
1.625547000000000000e+06
1.826794000000000000e+06
6.395020000000000000e+05
9.409020000000000000e+05
5.307420000000000000e+05
3.003010000000000000e+05
9.316590000000000000e+05
1.841600000000000000e+05
1.277742000000000000e+06
1.371145000000000000e+06
1.229088000000000000e+06
4.262220000000000000e+05
9.361570000000000000e+05
1.544609000000000000e+06
6.735850000000000000e+05
1.319538000000000000e+06
1.382689000000000000e+06
1.228627000000000000e+06
7.065500000000000000e+05
7.184620000000000000e+05
3.705190000000000000e+05
1.424608000000000000e+06
9.855290000000000000e+05
1.030920000000000000e+06
3.755190000000000000e+05
1.781938000000000000e+06
1.569059000000000000e+06
1.850804000000000000e+06
1.847659000000000000e+06
1.294353000000000000e+06
1.330700000000000000e+04
5.330520000000000000e+05
1.103234000000000000e+06
5.848190000000000000e+05
1.117258000000000000e+06
3.389890000000000000e+05
1.493278000000000000e+06
1.853182000000000000e+06
1.380664000000000000e+06
6.376890000000000000e+05
1.269437000000000000e+06
1.802884000000000000e+06
1.319267000000000000e+06
1.710464000000000000e+06
1.323700000000000000e+06
1.697068000000000000e+06
1.078359000000000000e+06
1.300476000000000000e+06
3.574200000000000000e+04
5.544820000000000000e+05
6.839650000000000000e+05
4.361270000000000000e+05
1.697367000000000000e+06
4.663520000000000000e+05
6.803000000000000000e+03
1.228502000000000000e+06
1.448644000000000000e+06
7.275450000000000000e+05
4.233620000000000000e+05
1.548210000000000000e+06
3.193200000000000000e+04
1.432147000000000000e+06
6.115520000000000000e+05
1.194330000000000000e+05
9.924550000000000000e+05
4.034310000000000000e+05
1.319229000000000000e+06
7.269630000000000000e+05
3.883860000000000000e+05
9.882520000000000000e+05
1.738247000000000000e+06
3.661560000000000000e+05
7.441410000000000000e+05
1.364936000000000000e+06
5.396340000000000000e+05
1.494628000000000000e+06
4.756400000000000000e+05
1.241376000000000000e+06
1.254423000000000000e+06
3.560650000000000000e+05
1.519666000000000000e+06
2.314900000000000000e+04
1.230661000000000000e+06
1.321739000000000000e+06
6.598930000000000000e+05
2.101900000000000000e+05
6.670940000000000000e+05
1.745045000000000000e+06
3.730850000000000000e+05
1.444217000000000000e+06
1.465596000000000000e+06
6.401710000000000000e+05
5.234660000000000000e+05
3.971540000000000000e+05
1.786862000000000000e+06
1.241250000000000000e+05
1.363882000000000000e+06
3.886620000000000000e+05
1.769045000000000000e+06
2.945900000000000000e+04
4.128110000000000000e+05
5.143460000000000000e+05
3.754850000000000000e+05
9.207040000000000000e+05
2.630970000000000000e+05
1.222277000000000000e+06
1.822395000000000000e+06
1.424493000000000000e+06
2.609740000000000000e+05
4.395280000000000000e+05
2.578000000000000000e+05
1.235424000000000000e+06
1.015922000000000000e+06
1.616505000000000000e+06
3.297270000000000000e+05
1.225806000000000000e+06
1.055496000000000000e+06
4.752850000000000000e+05
1.298603000000000000e+06
1.234060000000000000e+06
6.439750000000000000e+05
2.124340000000000000e+05
4.445710000000000000e+05
1.143963000000000000e+06
6.829210000000000000e+05
1.613371000000000000e+06
1.712221000000000000e+06
4.360510000000000000e+05
8.726550000000000000e+05
1.667940000000000000e+06
2.486880000000000000e+05
9.208140000000000000e+05
2.018170000000000000e+05
5.251020000000000000e+05
2.349860000000000000e+05
3.285680000000000000e+05
6.270220000000000000e+05
1.420882000000000000e+06
2.233900000000000000e+05
9.174690000000000000e+05
1.155130000000000000e+06
1.268747000000000000e+06
3.813300000000000000e+04
9.132010000000000000e+05
1.383122000000000000e+06
1.288990000000000000e+06
1.199402000000000000e+06
1.428766000000000000e+06
1.854165000000000000e+06
3.617630000000000000e+05
1.441673000000000000e+06
9.411450000000000000e+05
1.427904000000000000e+06
1.492747000000000000e+06
3.729760000000000000e+05
3.287200000000000000e+05
1.363897000000000000e+06
3.668570000000000000e+05
1.007526000000000000e+06
3.117120000000000000e+05
2.767100000000000000e+05
1.830475000000000000e+06
3.587810000000000000e+05
2.427650000000000000e+05
1.274321000000000000e+06
1.225034000000000000e+06
2.706000000000000000e+04
8.930800000000000000e+04
4.344730000000000000e+05
5.750070000000000000e+05
1.246240000000000000e+05
4.068580000000000000e+05
1.380042000000000000e+06
1.767418000000000000e+06
4.554490000000000000e+05
1.545747000000000000e+06
1.235246000000000000e+06
1.270736000000000000e+06
1.546409000000000000e+06
3.858770000000000000e+05
8.105000000000000000e+03
1.219289000000000000e+06
2.067380000000000000e+05
3.793800000000000000e+05
1.456795000000000000e+06
8.936520000000000000e+05
1.884980000000000000e+05
7.281410000000000000e+05
1.872110000000000000e+05
1.494477000000000000e+06
1.525325000000000000e+06
9.240270000000000000e+05
1.757171000000000000e+06
1.698962000000000000e+06
3.625500000000000000e+05
1.268316000000000000e+06
3.018620000000000000e+05
1.515209000000000000e+06
1.268878000000000000e+06
1.160059000000000000e+06
6.391010000000000000e+05
1.385711000000000000e+06
1.421274000000000000e+06
1.529567000000000000e+06
7.565880000000000000e+05
1.471519000000000000e+06
1.778205000000000000e+06
1.056770000000000000e+06
1.315987000000000000e+06
5.602060000000000000e+05
6.769460000000000000e+05
1.827785000000000000e+06
1.319338000000000000e+06
1.509988000000000000e+06
1.150632000000000000e+06
1.305118000000000000e+06
9.433480000000000000e+05
1.338241000000000000e+06
1.587001000000000000e+06
1.061216000000000000e+06
8.446690000000000000e+05
1.491014000000000000e+06
8.055270000000000000e+05
9.311130000000000000e+05
1.522724000000000000e+06
1.509695000000000000e+06
1.622456000000000000e+06
1.270194000000000000e+06
7.171610000000000000e+05
3.265050000000000000e+05
1.600345000000000000e+06
1.681938000000000000e+06
8.808990000000000000e+05
3.223870000000000000e+05
3.688200000000000000e+04
6.336640000000000000e+05
4.960700000000000000e+05
1.769633000000000000e+06
1.226919000000000000e+06
1.114732000000000000e+06
1.683737000000000000e+06
1.591562000000000000e+06
1.544725000000000000e+06
1.131347000000000000e+06
1.694900000000000000e+04
7.267320000000000000e+05
6.988800000000000000e+05
3.861420000000000000e+05
9.851650000000000000e+05
1.424793000000000000e+06
1.523199000000000000e+06
7.386100000000000000e+05
5.855110000000000000e+05
6.839700000000000000e+04
6.584230000000000000e+05
1.079600000000000000e+04
1.322290000000000000e+05
5.160900000000000000e+04
1.091416000000000000e+06
1.021800000000000000e+04
3.884710000000000000e+05
5.839780000000000000e+05
1.265269000000000000e+06
5.528210000000000000e+05
1.231342000000000000e+06
1.478288000000000000e+06
1.520590000000000000e+06
1.478092000000000000e+06
4.301330000000000000e+05
5.165800000000000000e+05
4.886840000000000000e+05
1.357870000000000000e+06
1.338062000000000000e+06
7.610300000000000000e+05
6.954480000000000000e+05
1.451298000000000000e+06
1.322448000000000000e+06
1.369170000000000000e+06
1.765391000000000000e+06
1.125490000000000000e+06
1.030590000000000000e+06
1.110667000000000000e+06
1.346495000000000000e+06
2.245210000000000000e+05
1.282916000000000000e+06
1.254031000000000000e+06
5.224000000000000000e+03
1.284300000000000000e+04
1.718818000000000000e+06
6.768350000000000000e+05
1.063500000000000000e+04
2.875430000000000000e+05
1.237924000000000000e+06
1.623000000000000000e+04
1.770089000000000000e+06
1.037088000000000000e+06
7.204610000000000000e+05
1.299510000000000000e+06
1.530041000000000000e+06
1.206603000000000000e+06
1.706313000000000000e+06
1.481631000000000000e+06
2.600300000000000000e+05
1.592719000000000000e+06
1.637585000000000000e+06
1.293564000000000000e+06
1.311873000000000000e+06
6.772030000000000000e+05
6.970350000000000000e+05
8.230840000000000000e+05
7.336360000000000000e+05
3.663900000000000000e+05
1.368070000000000000e+05
6.011180000000000000e+05
1.476888000000000000e+06
6.945300000000000000e+05
6.890460000000000000e+05
1.656767000000000000e+06
1.478860000000000000e+05
5.294340000000000000e+05
7.743590000000000000e+05
8.476110000000000000e+05
8.140290000000000000e+05
9.972980000000000000e+05
6.809860000000000000e+05
6.690060000000000000e+05
5.832490000000000000e+05
1.324117000000000000e+06
7.372310000000000000e+05
1.321618000000000000e+06
1.227285000000000000e+06
1.529653000000000000e+06
1.313209000000000000e+06
2.222000000000000000e+03
9.328000000000000000e+03
1.781209000000000000e+06
8.942840000000000000e+05
1.655971000000000000e+06
9.559380000000000000e+05
3.877110000000000000e+05
3.761920000000000000e+05
6.970730000000000000e+05
3.379000000000000000e+03
5.056330000000000000e+05
7.246670000000000000e+05
5.241190000000000000e+05
1.966000000000000000e+04
4.393930000000000000e+05
3.594000000000000000e+03
4.873000000000000000e+03
1.320949000000000000e+06
3.863970000000000000e+05
1.376986000000000000e+06
1.620981000000000000e+06
1.384308000000000000e+06
5.184180000000000000e+05
2.465380000000000000e+05
1.844503000000000000e+06
6.600130000000000000e+05
1.843517000000000000e+06
6.363000000000000000e+03
1.206352000000000000e+06
5.419510000000000000e+05
1.503036000000000000e+06
1.592359000000000000e+06
9.547440000000000000e+05
2.749220000000000000e+05
1.381336000000000000e+06
1.367428000000000000e+06
5.535230000000000000e+05
1.086191000000000000e+06
5.385070000000000000e+05
8.848090000000000000e+05
9.127240000000000000e+05
1.711343000000000000e+06
5.617130000000000000e+05
1.491220000000000000e+06
7.325740000000000000e+05
1.684171000000000000e+06
1.763735000000000000e+06
1.521426000000000000e+06
5.256810000000000000e+05
1.802207000000000000e+06
1.485214000000000000e+06
2.753350000000000000e+05
1.850762000000000000e+06
5.752450000000000000e+05
1.314165000000000000e+06
1.146110000000000000e+05
1.636416000000000000e+06
1.324327000000000000e+06
2.974970000000000000e+05
6.370260000000000000e+05
1.846384000000000000e+06
1.255802000000000000e+06
1.483504000000000000e+06
1.447566000000000000e+06
3.781020000000000000e+05
5.873000000000000000e+05
2.274200000000000000e+04
8.752480000000000000e+05
9.313040000000000000e+05
5.443820000000000000e+05
4.098360000000000000e+05
6.889000000000000000e+03
9.891200000000000000e+05
3.831470000000000000e+05
3.793240000000000000e+05
1.349262000000000000e+06
3.506240000000000000e+05
1.318547000000000000e+06
1.357099000000000000e+06
8.805560000000000000e+05
1.380330000000000000e+06
5.114790000000000000e+05
2.060200000000000000e+04
1.709319000000000000e+06
2.284600000000000000e+04
1.770640000000000000e+05
5.239500000000000000e+04
1.831013000000000000e+06
1.454986000000000000e+06
1.378062000000000000e+06
1.323585000000000000e+06
3.385080000000000000e+05
9.757810000000000000e+05
3.608200000000000000e+05
2.386770000000000000e+05
1.242290000000000000e+06
3.730340000000000000e+05
1.112330000000000000e+05
2.255530000000000000e+05
2.962760000000000000e+05
2.688590000000000000e+05
9.018420000000000000e+05
1.526569000000000000e+06
1.829316000000000000e+06
6.779370000000000000e+05
1.315721000000000000e+06
1.835100000000000000e+04
1.801978000000000000e+06
3.103520000000000000e+05
1.506936000000000000e+06
3.581080000000000000e+05
1.337679000000000000e+06
1.586010000000000000e+06
3.791330000000000000e+05
6.751090000000000000e+05
5.730880000000000000e+05
1.457166000000000000e+06
7.130500000000000000e+05
8.891210000000000000e+05
5.506000000000000000e+03
2.129530000000000000e+05
9.493180000000000000e+05
5.917690000000000000e+05
1.344110000000000000e+05
3.951360000000000000e+05
1.490306000000000000e+06
5.517250000000000000e+05
5.198420000000000000e+05
2.495920000000000000e+05
1.379902000000000000e+06
4.812930000000000000e+05
1.705700000000000000e+06
1.596720000000000000e+05
1.059536000000000000e+06
1.513345000000000000e+06
1.415686000000000000e+06
1.696626000000000000e+06
1.144098000000000000e+06
1.416158000000000000e+06
3.785460000000000000e+05
6.957940000000000000e+05
1.709290000000000000e+05
5.832710000000000000e+05
9.411150000000000000e+05
5.856250000000000000e+05
1.490819000000000000e+06
1.611018000000000000e+06
1.230300000000000000e+06
6.785120000000000000e+05
5.561710000000000000e+05
6.183460000000000000e+05
1.626400000000000000e+04
1.662320000000000000e+06
6.200070000000000000e+05
1.689680000000000000e+05
9.272800000000000000e+04
1.145717000000000000e+06
8.942750000000000000e+05
8.776820000000000000e+05
5.744740000000000000e+05
6.698030000000000000e+05
1.323885000000000000e+06
6.154080000000000000e+05
2.053470000000000000e+05
1.327749000000000000e+06
7.027080000000000000e+05
1.697082000000000000e+06
1.380222000000000000e+06
2.009420000000000000e+05
1.851610000000000000e+06
1.444941000000000000e+06
1.228713000000000000e+06
6.567920000000000000e+05
4.096390000000000000e+05
6.401320000000000000e+05
1.712085000000000000e+06
1.206906000000000000e+06
1.567371000000000000e+06
1.939000000000000000e+04
3.649650000000000000e+05
1.123230000000000000e+05
1.380630000000000000e+06
7.233960000000000000e+05
5.201880000000000000e+05
1.953980000000000000e+05
1.544822000000000000e+06
1.563050000000000000e+05
1.323027000000000000e+06
6.639760000000000000e+05
1.109243000000000000e+06
1.086900000000000000e+06
4.952340000000000000e+05
3.774300000000000000e+05
3.255080000000000000e+05
1.777276000000000000e+06
5.139520000000000000e+05
1.082522000000000000e+06
7.057400000000000000e+05
1.598378000000000000e+06
1.528442000000000000e+06
1.239146000000000000e+06
5.282100000000000000e+04
1.016470000000000000e+05
1.295400000000000000e+04
5.570460000000000000e+05
1.468702000000000000e+06
3.502200000000000000e+05
1.246826000000000000e+06
2.287800000000000000e+04
5.615400000000000000e+04
1.617400000000000000e+04
1.801200000000000000e+04
1.338512000000000000e+06
5.102560000000000000e+05
2.174350000000000000e+05
2.189900000000000000e+04
1.479600000000000000e+06
1.471659000000000000e+06
1.450041000000000000e+06
1.497583000000000000e+06
9.230480000000000000e+05
1.209496000000000000e+06
6.783810000000000000e+05
9.408170000000000000e+05
3.797230000000000000e+05
1.214274000000000000e+06
9.499350000000000000e+05
9.670360000000000000e+05
5.457500000000000000e+04
9.244470000000000000e+05
1.298090000000000000e+06
1.777590000000000000e+06
2.962440000000000000e+05
2.927800000000000000e+04
1.254337000000000000e+06
1.145164000000000000e+06
5.959970000000000000e+05
2.968170000000000000e+05
4.306390000000000000e+05
6.399300000000000000e+04
1.714780000000000000e+05
1.470078000000000000e+06
5.945450000000000000e+05
1.681512000000000000e+06
9.005470000000000000e+05
1.311190000000000000e+06
1.277888000000000000e+06
4.914640000000000000e+05
1.063665000000000000e+06
2.896000000000000000e+03
1.702586000000000000e+06
7.192880000000000000e+05
1.346950000000000000e+05
4.198350000000000000e+05
2.623160000000000000e+05
3.268120000000000000e+05
7.026180000000000000e+05
4.477000000000000000e+03
1.807580000000000000e+06
9.255030000000000000e+05
1.766727000000000000e+06
4.918820000000000000e+05
1.268787000000000000e+06
1.139353000000000000e+06
1.221470000000000000e+05
1.205591000000000000e+06
3.603700000000000000e+05
5.771200000000000000e+05
1.833291000000000000e+06
1.898970000000000000e+05
1.219092000000000000e+06
4.959200000000000000e+05
1.323571000000000000e+06
2.089100000000000000e+04
1.000145000000000000e+06
1.150495000000000000e+06
4.522500000000000000e+05
1.307062000000000000e+06
8.213380000000000000e+05
7.798760000000000000e+05
1.142601000000000000e+06
5.234640000000000000e+05
1.680848000000000000e+06
1.562289000000000000e+06
2.240990000000000000e+05
1.064042000000000000e+06
6.849260000000000000e+05
3.839680000000000000e+05
5.356950000000000000e+05
1.494733000000000000e+06
1.710473000000000000e+06
1.632296000000000000e+06
1.751011000000000000e+06
1.419245000000000000e+06
1.058572000000000000e+06
1.608560000000000000e+06
1.516268000000000000e+06
1.589180000000000000e+05
5.527970000000000000e+05
4.400000000000000000e+05
1.663585000000000000e+06
3.738050000000000000e+05
6.661550000000000000e+05
7.203880000000000000e+05
1.242766000000000000e+06
1.241340000000000000e+06
5.131660000000000000e+05
9.918970000000000000e+05
8.906780000000000000e+05
4.155180000000000000e+05
1.221650000000000000e+06
1.758248000000000000e+06
1.797941000000000000e+06
7.036740000000000000e+05
1.330667000000000000e+06
3.875280000000000000e+05
1.068709000000000000e+06
6.194050000000000000e+05
1.514371000000000000e+06
3.707600000000000000e+05
1.266359000000000000e+06
1.035753000000000000e+06
1.979880000000000000e+05
9.309360000000000000e+05
5.524170000000000000e+05
1.450423000000000000e+06
