3.847230000000000000e+05
7.303530000000000000e+05
8.703310000000000000e+05
5.442550000000000000e+05
7.562300000000000000e+05
7.283350000000000000e+05
1.315192000000000000e+06
7.733720000000000000e+05
7.314890000000000000e+05
3.440000000000000000e+03
8.398830000000000000e+05
8.041710000000000000e+05
8.951500000000000000e+05
3.284690000000000000e+05
1.228011000000000000e+06
8.750770000000000000e+05
8.932900000000000000e+05
3.247220000000000000e+05
7.266850000000000000e+05
1.230640000000000000e+06
3.859310000000000000e+05
8.573570000000000000e+05
8.171480000000000000e+05
7.870060000000000000e+05
7.625170000000000000e+05
1.299447000000000000e+06
7.268230000000000000e+05
8.953590000000000000e+05
3.860110000000000000e+05
1.491889000000000000e+06
7.529210000000000000e+05
7.283370000000000000e+05
3.865270000000000000e+05
3.829730000000000000e+05
8.848440000000000000e+05
1.322857000000000000e+06
7.354620000000000000e+05
3.719400000000000000e+05
7.349130000000000000e+05
8.999700000000000000e+05
5.501990000000000000e+05
7.460800000000000000e+05
7.265340000000000000e+05
7.280050000000000000e+05
1.313706000000000000e+06
7.349470000000000000e+05
8.665170000000000000e+05
1.230490000000000000e+06
7.288370000000000000e+05
8.974780000000000000e+05
1.761690000000000000e+06
3.850960000000000000e+05
7.318080000000000000e+05
1.229115000000000000e+06
3.795430000000000000e+05
7.273620000000000000e+05
8.969470000000000000e+05
7.273690000000000000e+05
5.453140000000000000e+05
7.637040000000000000e+05
1.300100000000000000e+06
7.275510000000000000e+05
3.865600000000000000e+05
7.355140000000000000e+05
3.835390000000000000e+05
8.301590000000000000e+05
1.314703000000000000e+06
7.733810000000000000e+05
7.267000000000000000e+05
8.145920000000000000e+05
8.601320000000000000e+05
1.228208000000000000e+06
1.322861000000000000e+06
1.571876000000000000e+06
1.570400000000000000e+04
6.535140000000000000e+05
3.285360000000000000e+05
7.331020000000000000e+05
1.762189000000000000e+06
8.925910000000000000e+05
5.525510000000000000e+05
9.077630000000000000e+05
7.277880000000000000e+05
5.378830000000000000e+05
7.704690000000000000e+05
6.784280000000000000e+05
8.215870000000000000e+05
8.531210000000000000e+05
3.840410000000000000e+05
8.959800000000000000e+05
1.229461000000000000e+06
7.252910000000000000e+05
1.315627000000000000e+06
7.291300000000000000e+05
1.227666000000000000e+06
9.003540000000000000e+05
8.660290000000000000e+05
5.443950000000000000e+05
5.514150000000000000e+05
8.182460000000000000e+05
1.315976000000000000e+06
2.110400000000000000e+04
8.964410000000000000e+05
7.312050000000000000e+05
1.322894000000000000e+06
7.680290000000000000e+05
8.980760000000000000e+05
3.890810000000000000e+05
8.805840000000000000e+05
7.265860000000000000e+05
3.875260000000000000e+05
8.949090000000000000e+05
1.227392000000000000e+06
1.430901000000000000e+06
1.938700000000000000e+04
3.801540000000000000e+05
8.990730000000000000e+05
2.275000000000000000e+03
7.181820000000000000e+05
5.186730000000000000e+05
1.024562000000000000e+06
8.224900000000000000e+05
7.771560000000000000e+05
8.621370000000000000e+05
6.664190000000000000e+05
5.740590000000000000e+05
8.982980000000000000e+05
6.526830000000000000e+05
7.295870000000000000e+05
5.474650000000000000e+05
8.848220000000000000e+05
3.841590000000000000e+05
7.238880000000000000e+05
1.516524000000000000e+06
8.821350000000000000e+05
7.374560000000000000e+05
7.642320000000000000e+05
1.302188000000000000e+06
1.380358000000000000e+06
6.526860000000000000e+05
5.400780000000000000e+05
6.375350000000000000e+05
1.229662000000000000e+06
4.327260000000000000e+05
1.206857000000000000e+06
8.959030000000000000e+05
3.267260000000000000e+05
3.796120000000000000e+05
3.840640000000000000e+05
1.298603000000000000e+06
8.999780000000000000e+05
5.808730000000000000e+05
6.386240000000000000e+05
1.320877000000000000e+06
1.520324000000000000e+06
7.514290000000000000e+05
1.517375000000000000e+06
6.586880000000000000e+05
3.283270000000000000e+05
7.341010000000000000e+05
1.491364000000000000e+06
3.782360000000000000e+05
1.229631000000000000e+06
7.303760000000000000e+05
1.321136000000000000e+06
7.259690000000000000e+05
9.003310000000000000e+05
1.231114000000000000e+06
7.566850000000000000e+05
7.345090000000000000e+05
7.388010000000000000e+05
8.779380000000000000e+05
8.353750000000000000e+05
7.949900000000000000e+05
3.832900000000000000e+05
3.883860000000000000e+05
6.576000000000000000e+03
9.267310000000000000e+05
4.056000000000000000e+03
9.133000000000000000e+05
3.418160000000000000e+05
7.238170000000000000e+05
5.522980000000000000e+05
1.021760000000000000e+06
1.761867000000000000e+06
8.124820000000000000e+05
8.618690000000000000e+05
7.795690000000000000e+05
1.450408000000000000e+06
1.036439000000000000e+06
5.674090000000000000e+05
3.845650000000000000e+05
5.299350000000000000e+05
6.403880000000000000e+05
5.151830000000000000e+05
7.405370000000000000e+05
1.491072000000000000e+06
7.372490000000000000e+05
6.176530000000000000e+05
8.257350000000000000e+05
8.571680000000000000e+05
7.914560000000000000e+05
5.306640000000000000e+05
1.324608000000000000e+06
7.406560000000000000e+05
2.483850000000000000e+05
6.295330000000000000e+05
7.456960000000000000e+05
6.895920000000000000e+05
9.005470000000000000e+05
7.185160000000000000e+05
1.315721000000000000e+06
3.449000000000000000e+03
5.443690000000000000e+05
7.297990000000000000e+05
3.719750000000000000e+05
8.797250000000000000e+05
8.042670000000000000e+05
8.529210000000000000e+05
3.797930000000000000e+05
3.291440000000000000e+05
6.795630000000000000e+05
1.321128000000000000e+06
1.323571000000000000e+06
5.436540000000000000e+05
7.680360000000000000e+05
1.322195000000000000e+06
1.204930000000000000e+06
3.869140000000000000e+05
5.356330000000000000e+05
7.269170000000000000e+05
7.287390000000000000e+05
3.847810000000000000e+05
6.551040000000000000e+05
1.234210000000000000e+06
1.279263000000000000e+06
1.757343000000000000e+06
2.575000000000000000e+03
5.314290000000000000e+05
5.519340000000000000e+05
5.200290000000000000e+05
6.670940000000000000e+05
5.750070000000000000e+05
6.724270000000000000e+05
3.282310000000000000e+05
1.066615000000000000e+06
9.165340000000000000e+05
5.397870000000000000e+05
3.761500000000000000e+05
6.988800000000000000e+05
3.878120000000000000e+05
9.316590000000000000e+05
1.491956000000000000e+06
3.244780000000000000e+05
1.245726000000000000e+06
6.773440000000000000e+05
1.488607000000000000e+06
2.111400000000000000e+04
1.315113000000000000e+06
2.589000000000000000e+03
1.212730000000000000e+06
1.317248000000000000e+06
6.555130000000000000e+05
7.288840000000000000e+05
9.009870000000000000e+05
5.464210000000000000e+05
1.230251000000000000e+06
1.318547000000000000e+06
3.724740000000000000e+05
3.241540000000000000e+05
1.242377000000000000e+06
5.520860000000000000e+05
1.761850000000000000e+06
7.016130000000000000e+05
1.314165000000000000e+06
3.065580000000000000e+05
1.694410000000000000e+06
7.083310000000000000e+05
7.657100000000000000e+05
4.398290000000000000e+05
1.445989000000000000e+06
8.981820000000000000e+05
7.290760000000000000e+05
9.402200000000000000e+05
1.288096000000000000e+06
1.231374000000000000e+06
1.227285000000000000e+06
5.698450000000000000e+05
1.322113000000000000e+06
7.271870000000000000e+05
6.557440000000000000e+05
1.471451000000000000e+06
1.457927000000000000e+06
5.552780000000000000e+05
1.078359000000000000e+06
6.512740000000000000e+05
9.169170000000000000e+05
1.299258000000000000e+06
3.284400000000000000e+05
9.329940000000000000e+05
6.639460000000000000e+05
9.649040000000000000e+05
7.832770000000000000e+05
8.715260000000000000e+05
3.806540000000000000e+05
9.041890000000000000e+05
1.226110000000000000e+06
6.022120000000000000e+05
1.316656000000000000e+06
3.807220000000000000e+05
8.957320000000000000e+05
1.540700000000000000e+04
3.118730000000000000e+05
6.397080000000000000e+05
4.959200000000000000e+05
3.978850000000000000e+05
5.763710000000000000e+05
9.616240000000000000e+05
8.914560000000000000e+05
6.451710000000000000e+05
3.776480000000000000e+05
7.275360000000000000e+05
2.501720000000000000e+05
3.380490000000000000e+05
1.271780000000000000e+06
9.055320000000000000e+05
3.868090000000000000e+05
3.863240000000000000e+05
5.149050000000000000e+05
8.862470000000000000e+05
1.270194000000000000e+06
6.553750000000000000e+05
1.314326000000000000e+06
8.978400000000000000e+05
4.425000000000000000e+03
1.518633000000000000e+06
1.761118000000000000e+06
7.285730000000000000e+05
8.844340000000000000e+05
7.632710000000000000e+05
8.053840000000000000e+05
8.409860000000000000e+05
1.203820000000000000e+05
9.855840000000000000e+05
3.429540000000000000e+05
1.615410000000000000e+06
1.572411000000000000e+06
7.270790000000000000e+05
3.841200000000000000e+05
5.799880000000000000e+05
1.036217000000000000e+06
1.242274000000000000e+06
1.448836000000000000e+06
1.469169000000000000e+06
3.691670000000000000e+05
6.521620000000000000e+05
9.565180000000000000e+05
1.308955000000000000e+06
1.354937000000000000e+06
3.507620000000000000e+05
1.324117000000000000e+06
6.327550000000000000e+05
1.302306000000000000e+06
3.884350000000000000e+05
1.110667000000000000e+06
6.983390000000000000e+05
6.783810000000000000e+05
3.762030000000000000e+05
1.103234000000000000e+06
3.875280000000000000e+05
3.824660000000000000e+05
5.378240000000000000e+05
1.366631000000000000e+06
7.012140000000000000e+05
1.315987000000000000e+06
3.715450000000000000e+05
6.769510000000000000e+05
9.547730000000000000e+05
7.401540000000000000e+05
1.516603000000000000e+06
1.080581000000000000e+06
9.505580000000000000e+05
7.370020000000000000e+05
3.875940000000000000e+05
5.400080000000000000e+05
6.699570000000000000e+05
7.216750000000000000e+05
6.759410000000000000e+05
1.327667000000000000e+06
2.675190000000000000e+05
7.449100000000000000e+05
7.359780000000000000e+05
1.056770000000000000e+06
3.820480000000000000e+05
4.324170000000000000e+05
1.380295000000000000e+06
5.298790000000000000e+05
4.961800000000000000e+05
5.383450000000000000e+05
4.215640000000000000e+05
1.254725000000000000e+06
6.398410000000000000e+05
3.704290000000000000e+05
6.239540000000000000e+05
5.371900000000000000e+05
1.234438000000000000e+06
1.593354000000000000e+06
7.201010000000000000e+05
1.809000000000000000e+03
5.517920000000000000e+05
6.716820000000000000e+05
1.428538000000000000e+06
3.821850000000000000e+05
5.391470000000000000e+05
5.258650000000000000e+05
5.411550000000000000e+05
3.243150000000000000e+05
7.663480000000000000e+05
1.367228000000000000e+06
6.470910000000000000e+05
3.149670000000000000e+05
1.254301000000000000e+06
9.631510000000000000e+05
3.856130000000000000e+05
9.315740000000000000e+05
7.600950000000000000e+05
1.541976000000000000e+06
8.942750000000000000e+05
6.751090000000000000e+05
9.139800000000000000e+05
4.276610000000000000e+05
1.117643000000000000e+06
9.359850000000000000e+05
8.004580000000000000e+05
8.685370000000000000e+05
8.324040000000000000e+05
1.813722000000000000e+06
8.942840000000000000e+05
1.520203000000000000e+06
5.206960000000000000e+05
1.433448000000000000e+06
9.857960000000000000e+05
1.758663000000000000e+06
1.260209000000000000e+06
9.534580000000000000e+05
7.600220000000000000e+05
1.673952000000000000e+06
7.325540000000000000e+05
1.268233000000000000e+06
1.591500000000000000e+04
1.058647000000000000e+06
6.765000000000000000e+03
9.366510000000000000e+05
4.068580000000000000e+05
3.729760000000000000e+05
7.573840000000000000e+05
1.425289000000000000e+06
7.356680000000000000e+05
3.882220000000000000e+05
1.259459000000000000e+06
6.785120000000000000e+05
1.055496000000000000e+06
1.241992000000000000e+06
1.230117000000000000e+06
8.906000000000000000e+03
7.386100000000000000e+05
1.213525000000000000e+06
3.877110000000000000e+05
5.479150000000000000e+05
9.669690000000000000e+05
6.740680000000000000e+05
8.864310000000000000e+05
8.934990000000000000e+05
5.486650000000000000e+05
1.231317000000000000e+06
1.242208000000000000e+06
1.752228000000000000e+06
7.331430000000000000e+05
1.034100000000000000e+04
1.451979000000000000e+06
1.793760000000000000e+05
4.292770000000000000e+05
1.298628000000000000e+06
1.848344000000000000e+06
7.729530000000000000e+05
3.264080000000000000e+05
9.004550000000000000e+05
4.629580000000000000e+05
5.307420000000000000e+05
1.151254000000000000e+06
1.471518000000000000e+06
1.238168000000000000e+06
1.318174000000000000e+06
1.251073000000000000e+06
6.601620000000000000e+05
1.226919000000000000e+06
1.233693000000000000e+06
6.736800000000000000e+05
6.839650000000000000e+05
3.231580000000000000e+05
9.556090000000000000e+05
1.757019000000000000e+06
3.129490000000000000e+05
4.363650000000000000e+05
6.176480000000000000e+05
1.249100000000000000e+06
1.212757000000000000e+06
9.326330000000000000e+05
7.267320000000000000e+05
1.041854000000000000e+06
2.981170000000000000e+05
2.068300000000000000e+04
3.701730000000000000e+05
4.972950000000000000e+05
1.313597000000000000e+06
5.303040000000000000e+05
1.194330000000000000e+05
6.974000000000000000e+04
3.884910000000000000e+05
3.891210000000000000e+05
1.380763000000000000e+06
1.323706000000000000e+06
1.433594000000000000e+06
1.841600000000000000e+05
5.347590000000000000e+05
3.760890000000000000e+05
6.585050000000000000e+05
1.231018000000000000e+06
5.959000000000000000e+03
7.174550000000000000e+05
1.729647000000000000e+06
7.283180000000000000e+05
7.283750000000000000e+05
1.060668000000000000e+06
3.301110000000000000e+05
6.646680000000000000e+05
1.302305000000000000e+06
1.222277000000000000e+06
4.402380000000000000e+05
1.067825000000000000e+06
6.632310000000000000e+05
2.222000000000000000e+03
3.902670000000000000e+05
4.888800000000000000e+04
3.707700000000000000e+05
3.266050000000000000e+05
5.392630000000000000e+05
9.108150000000000000e+05
3.262680000000000000e+05
1.666940000000000000e+06
1.585954000000000000e+06
1.318718000000000000e+06
3.953750000000000000e+05
1.345378000000000000e+06
5.460510000000000000e+05
1.199517000000000000e+06
9.540000000000000000e+05
1.522724000000000000e+06
2.044620000000000000e+05
3.146010000000000000e+05
2.162900000000000000e+04
6.418660000000000000e+05
8.889290000000000000e+05
3.620980000000000000e+05
6.655540000000000000e+05
5.175090000000000000e+05
5.331020000000000000e+05
9.208140000000000000e+05
5.487950000000000000e+05
1.467626000000000000e+06
4.356570000000000000e+05
1.428345000000000000e+06
1.182542000000000000e+06
1.247448000000000000e+06
5.171270000000000000e+05
1.569020000000000000e+06
3.762430000000000000e+05
3.459750000000000000e+05
4.133000000000000000e+03
7.094250000000000000e+05
1.346065000000000000e+06
1.002822000000000000e+06
2.961180000000000000e+05
1.241075000000000000e+06
1.662314000000000000e+06
1.230335000000000000e+06
1.453825000000000000e+06
5.382540000000000000e+05
1.224992000000000000e+06
1.616505000000000000e+06
6.637650000000000000e+05
1.077346000000000000e+06
1.523073000000000000e+06
9.240270000000000000e+05
6.325780000000000000e+05
5.323380000000000000e+05
1.300787000000000000e+06
7.000850000000000000e+05
4.395280000000000000e+05
6.778200000000000000e+04
1.508039000000000000e+06
3.761610000000000000e+05
1.274453000000000000e+06
3.297270000000000000e+05
5.571660000000000000e+05
8.330400000000000000e+05
7.989450000000000000e+05
3.816010000000000000e+05
1.357044000000000000e+06
1.300904000000000000e+06
3.309280000000000000e+05
6.822100000000000000e+05
3.781020000000000000e+05
1.707366000000000000e+06
3.877750000000000000e+05
7.423930000000000000e+05
5.189690000000000000e+05
1.820934000000000000e+06
3.289730000000000000e+05
3.205660000000000000e+05
6.323160000000000000e+05
1.492747000000000000e+06
3.285680000000000000e+05
2.460650000000000000e+05
1.095330000000000000e+06
1.323027000000000000e+06
1.793710000000000000e+05
1.114732000000000000e+06
7.175500000000000000e+05
3.396200000000000000e+05
1.460922000000000000e+06
5.561260000000000000e+05
3.711870000000000000e+05
1.024727000000000000e+06
1.316149000000000000e+06
6.909850000000000000e+05
1.520297000000000000e+06
1.152683000000000000e+06
1.038346000000000000e+06
1.210139000000000000e+06
8.999100000000000000e+05
4.301330000000000000e+05
1.451152000000000000e+06
1.314294000000000000e+06
9.948870000000000000e+05
1.015922000000000000e+06
7.410270000000000000e+05
2.082600000000000000e+04
1.492040000000000000e+06
1.022500000000000000e+04
9.001450000000000000e+05
1.260412000000000000e+06
1.455002000000000000e+06
7.021940000000000000e+05
5.746970000000000000e+05
1.768207000000000000e+06
4.230300000000000000e+05
5.565930000000000000e+05
1.356226000000000000e+06
1.257974000000000000e+06
1.238946000000000000e+06
1.212440000000000000e+06
1.320658000000000000e+06
5.848190000000000000e+05
3.793800000000000000e+05
4.036100000000000000e+05
1.324700000000000000e+04
3.703450000000000000e+05
8.379340000000000000e+05
2.968170000000000000e+05
7.735120000000000000e+05
4.882460000000000000e+05
9.237670000000000000e+05
1.102537000000000000e+06
3.003090000000000000e+05
7.027080000000000000e+05
1.306641000000000000e+06
1.571894000000000000e+06
1.255183000000000000e+06
6.953280000000000000e+05
1.328843000000000000e+06
6.684990000000000000e+05
1.264732000000000000e+06
9.935530000000000000e+05
1.671952000000000000e+06
3.862630000000000000e+05
2.496570000000000000e+05
1.608937000000000000e+06
3.840660000000000000e+05
3.835420000000000000e+05
1.074700000000000000e+04
1.379259000000000000e+06
7.208240000000000000e+05
3.200100000000000000e+05
1.879900000000000000e+04
1.319085000000000000e+06
6.571010000000000000e+05
1.763500000000000000e+04
1.548247000000000000e+06
5.639000000000000000e+03
1.458825000000000000e+06
8.964320000000000000e+05
1.299510000000000000e+06
8.495330000000000000e+05
8.136300000000000000e+05
1.570757000000000000e+06
1.843517000000000000e+06
2.754410000000000000e+05
5.524540000000000000e+05
1.772040000000000000e+06
1.824579000000000000e+06
3.695750000000000000e+05
5.815440000000000000e+05
5.067320000000000000e+05
7.248120000000000000e+05
1.385738000000000000e+06
3.283340000000000000e+05
1.681496000000000000e+06
3.257360000000000000e+05
1.212683000000000000e+06
1.416271000000000000e+06
1.630042000000000000e+06
3.066930000000000000e+05
6.709240000000000000e+05
1.279279000000000000e+06
1.320973000000000000e+06
1.442612000000000000e+06
1.489974000000000000e+06
1.468614000000000000e+06
5.750020000000000000e+05
3.275820000000000000e+05
5.202110000000000000e+05
1.230661000000000000e+06
1.050780000000000000e+06
5.156660000000000000e+05
5.297500000000000000e+04
9.543380000000000000e+05
1.762331000000000000e+06
1.829454000000000000e+06
1.808523000000000000e+06
1.606490000000000000e+06
7.237100000000000000e+05
1.356615000000000000e+06
4.772960000000000000e+05
6.905310000000000000e+05
1.322111000000000000e+06
1.554449000000000000e+06
3.758060000000000000e+05
1.228713000000000000e+06
6.186270000000000000e+05
1.365641000000000000e+06
1.714780000000000000e+05
1.450094000000000000e+06
1.611018000000000000e+06
1.300331000000000000e+06
2.306100000000000000e+04
1.708609000000000000e+06
5.868730000000000000e+05
7.108870000000000000e+05
3.411680000000000000e+05
1.155028000000000000e+06
1.431287000000000000e+06
1.206603000000000000e+06
4.300600000000000000e+05
3.888460000000000000e+05
9.160660000000000000e+05
1.150991000000000000e+06
7.171610000000000000e+05
1.320906000000000000e+06
1.336011000000000000e+06
1.260254000000000000e+06
6.668030000000000000e+05
1.800250000000000000e+06
1.386190000000000000e+05
5.771200000000000000e+05
1.334771000000000000e+06
1.204610000000000000e+05
6.205030000000000000e+05
2.482680000000000000e+05
3.241930000000000000e+05
4.454810000000000000e+05
1.154208000000000000e+06
6.704500000000000000e+04
1.598203000000000000e+06
5.788780000000000000e+05
1.332400000000000000e+04
1.246173000000000000e+06
1.248684000000000000e+06
1.222086000000000000e+06
5.453940000000000000e+05
2.851350000000000000e+05
1.311128000000000000e+06
9.134080000000000000e+05
6.945300000000000000e+05
1.338331000000000000e+06
4.869200000000000000e+05
3.291000000000000000e+03
1.416538000000000000e+06
3.040860000000000000e+05
1.194906000000000000e+06
3.513730000000000000e+05
1.455307000000000000e+06
6.479600000000000000e+05
5.561070000000000000e+05
1.055507000000000000e+06
1.312111000000000000e+06
5.130830000000000000e+05
6.757000000000000000e+05
6.616570000000000000e+05
1.433702000000000000e+06
1.294353000000000000e+06
3.785460000000000000e+05
4.055550000000000000e+05
1.846000000000000000e+04
1.420882000000000000e+06
5.744740000000000000e+05
9.313040000000000000e+05
1.366543000000000000e+06
1.214307000000000000e+06
1.492120000000000000e+06
1.158136000000000000e+06
1.440859000000000000e+06
1.456795000000000000e+06
3.141030000000000000e+05
3.230470000000000000e+05
1.488682000000000000e+06
1.326924000000000000e+06
1.758133000000000000e+06
1.488568000000000000e+06
9.360520000000000000e+05
1.148747000000000000e+06
7.363890000000000000e+05
3.866510000000000000e+05
1.544460000000000000e+06
1.241821000000000000e+06
3.007930000000000000e+05
1.587255000000000000e+06
6.626430000000000000e+05
1.440253000000000000e+06
1.758347000000000000e+06
1.473833000000000000e+06
1.592283000000000000e+06
6.561790000000000000e+05
1.419245000000000000e+06
1.673386000000000000e+06
1.250354000000000000e+06
1.516835000000000000e+06
9.724530000000000000e+05
3.658310000000000000e+05
1.262200000000000000e+06
1.260928000000000000e+06
5.145530000000000000e+05
9.772920000000000000e+05
7.325740000000000000e+05
7.674970000000000000e+05
7.106340000000000000e+05
8.348910000000000000e+05
7.853440000000000000e+05
9.277500000000000000e+05
1.112330000000000000e+05
5.363920000000000000e+05
3.763740000000000000e+05
1.319232000000000000e+06
9.356080000000000000e+05
2.596800000000000000e+05
1.326949000000000000e+06
1.706300000000000000e+06
1.150632000000000000e+06
1.242387000000000000e+06
6.695690000000000000e+05
5.331880000000000000e+05
1.556511000000000000e+06
3.730850000000000000e+05
3.955760000000000000e+05
1.218432000000000000e+06
7.211070000000000000e+05
1.231013000000000000e+06
6.384080000000000000e+05
1.758570000000000000e+06
1.235424000000000000e+06
1.323585000000000000e+06
1.451342000000000000e+06
1.027704000000000000e+06
1.721400000000000000e+04
1.140823000000000000e+06
7.180410000000000000e+05
9.879400000000000000e+05
1.055390000000000000e+06
5.351710000000000000e+05
1.595330000000000000e+05
1.629106000000000000e+06
1.210740000000000000e+05
1.450085000000000000e+06
3.860080000000000000e+05
1.081652000000000000e+06
1.059500000000000000e+04
1.466719000000000000e+06
1.059026000000000000e+06
8.799030000000000000e+05
1.284149000000000000e+06
6.769670000000000000e+05
4.038130000000000000e+05
5.550100000000000000e+05
1.320244000000000000e+06
8.732000000000000000e+03
1.556500000000000000e+04
3.705190000000000000e+05
7.065130000000000000e+05
3.866970000000000000e+05
1.419535000000000000e+06
9.189190000000000000e+05
2.603770000000000000e+05
1.099651000000000000e+06
6.750870000000000000e+05
4.953660000000000000e+05
3.704350000000000000e+05
1.320668000000000000e+06
5.458480000000000000e+05
7.129830000000000000e+05
2.788020000000000000e+05
3.883800000000000000e+05
1.490933000000000000e+06
1.143989000000000000e+06
1.176750000000000000e+05
1.456948000000000000e+06
1.199402000000000000e+06
9.143130000000000000e+05
5.325790000000000000e+05
3.241590000000000000e+05
2.006590000000000000e+05
4.757460000000000000e+05
7.269630000000000000e+05
1.144354000000000000e+06
7.000180000000000000e+05
1.209342000000000000e+06
1.341724000000000000e+06
1.254183000000000000e+06
4.952340000000000000e+05
1.400087000000000000e+06
1.366330000000000000e+06
7.067620000000000000e+05
2.994450000000000000e+05
1.670100000000000000e+04
1.661800000000000000e+06
4.756620000000000000e+05
1.268063000000000000e+06
3.238500000000000000e+05
6.268400000000000000e+05
1.236410000000000000e+06
1.569059000000000000e+06
5.527970000000000000e+05
1.230784000000000000e+06
5.523300000000000000e+05
7.071800000000000000e+05
1.012100000000000000e+04
1.371976000000000000e+06
6.768350000000000000e+05
6.918530000000000000e+05
1.983040000000000000e+05
1.219357000000000000e+06
7.412320000000000000e+05
2.088880000000000000e+05
3.562660000000000000e+05
5.208660000000000000e+05
1.451298000000000000e+06
4.978890000000000000e+05
2.134220000000000000e+05
1.827900000000000000e+04
1.225041000000000000e+06
1.315126000000000000e+06
5.943850000000000000e+05
9.276790000000000000e+05
6.958960000000000000e+05
3.274390000000000000e+05
1.757171000000000000e+06
5.340630000000000000e+05
1.324816000000000000e+06
3.736270000000000000e+05
1.067317000000000000e+06
5.357180000000000000e+05
3.906670000000000000e+05
7.397910000000000000e+05
3.663900000000000000e+05
5.974820000000000000e+05
3.236890000000000000e+05
1.677500000000000000e+05
4.640070000000000000e+05
2.488500000000000000e+05
7.057400000000000000e+05
1.545747000000000000e+06
1.852023000000000000e+06
3.200780000000000000e+05
1.762784000000000000e+06
1.376176000000000000e+06
1.761045000000000000e+06
4.122010000000000000e+05
1.322448000000000000e+06
6.589640000000000000e+05
4.420820000000000000e+05
1.697475000000000000e+06
9.213200000000000000e+05
1.247356000000000000e+06
3.170620000000000000e+05
1.512531000000000000e+06
3.797230000000000000e+05
1.198336000000000000e+06
9.281990000000000000e+05
1.061216000000000000e+06
1.448644000000000000e+06
3.684000000000000000e+03
1.331805000000000000e+06
2.623160000000000000e+05
7.293960000000000000e+05
7.242900000000000000e+05
9.411150000000000000e+05
1.594663000000000000e+06
3.770160000000000000e+05
8.434000000000000000e+03
1.005034000000000000e+06
5.385070000000000000e+05
5.366630000000000000e+05
4.956000000000000000e+05
1.585544000000000000e+06
3.707600000000000000e+05
1.206363000000000000e+06
1.365391000000000000e+06
6.574900000000000000e+05
1.644563000000000000e+06
5.303330000000000000e+05
1.207450000000000000e+05
1.544818000000000000e+06
5.528210000000000000e+05
1.706313000000000000e+06
1.085352000000000000e+06
1.095928000000000000e+06
7.237830000000000000e+05
4.002840000000000000e+05
5.771900000000000000e+05
1.342156000000000000e+06
3.294280000000000000e+05
9.981000000000000000e+03
6.336640000000000000e+05
1.736484000000000000e+06
6.968180000000000000e+05
3.022170000000000000e+05
1.081907000000000000e+06
1.478322000000000000e+06
1.537257000000000000e+06
9.765600000000000000e+04
5.356950000000000000e+05
6.690060000000000000e+05
3.482030000000000000e+05
1.511443000000000000e+06
1.293564000000000000e+06
1.744309000000000000e+06
7.459140000000000000e+05
1.579315000000000000e+06
7.610340000000000000e+05
9.346520000000000000e+05
4.927180000000000000e+05
1.212088000000000000e+06
1.275250000000000000e+06
5.560960000000000000e+05
1.451564000000000000e+06
6.326960000000000000e+05
1.228502000000000000e+06
2.622990000000000000e+05
7.478190000000000000e+05
9.409020000000000000e+05
1.320939000000000000e+06
5.597400000000000000e+05
3.649650000000000000e+05
1.472843000000000000e+06
1.330095000000000000e+06
5.725560000000000000e+05
4.971990000000000000e+05
1.469794000000000000e+06
1.074173000000000000e+06
6.724900000000000000e+05
1.356317000000000000e+06
1.279479000000000000e+06
1.432588000000000000e+06
4.421470000000000000e+05
1.442719000000000000e+06
9.941180000000000000e+05
1.828501000000000000e+06
1.320776000000000000e+06
5.516670000000000000e+05
3.005340000000000000e+05
3.024760000000000000e+05
6.954480000000000000e+05
1.571867000000000000e+06
6.944580000000000000e+05
5.350100000000000000e+05
5.993330000000000000e+05
5.204000000000000000e+05
1.218029000000000000e+06
1.379547000000000000e+06
1.031619000000000000e+06
1.383122000000000000e+06
1.682974000000000000e+06
5.617130000000000000e+05
1.734126000000000000e+06
1.574542000000000000e+06
4.360510000000000000e+05
7.073430000000000000e+05
1.485494000000000000e+06
7.335430000000000000e+05
9.372960000000000000e+05
3.692670000000000000e+05
8.776820000000000000e+05
2.459300000000000000e+05
4.567610000000000000e+05
4.752850000000000000e+05
3.538250000000000000e+05
1.030206000000000000e+06
1.352317000000000000e+06
9.770000000000000000e+03
1.478630000000000000e+06
7.255790000000000000e+05
4.270990000000000000e+05
1.510067000000000000e+06
1.492017000000000000e+06
1.346903000000000000e+06
4.034310000000000000e+05
1.593851000000000000e+06
1.206906000000000000e+06
6.372680000000000000e+05
3.705550000000000000e+05
1.593303000000000000e+06
5.294340000000000000e+05
5.535230000000000000e+05
1.260332000000000000e+06
1.761457000000000000e+06
3.406280000000000000e+05
1.241250000000000000e+05
1.204716000000000000e+06
1.323083000000000000e+06
7.192880000000000000e+05
1.112176000000000000e+06
1.616450000000000000e+06
1.436316000000000000e+06
2.133030000000000000e+05
1.661896000000000000e+06
1.282299000000000000e+06
1.667810000000000000e+05
7.029730000000000000e+05
1.697367000000000000e+06
1.037052000000000000e+06
1.171107000000000000e+06
1.363897000000000000e+06
2.482220000000000000e+05
8.780070000000000000e+05
1.333445000000000000e+06
7.657510000000000000e+05
6.716370000000000000e+05
9.644010000000000000e+05
9.132010000000000000e+05
1.237091000000000000e+06
3.273280000000000000e+05
1.586197000000000000e+06
1.402981000000000000e+06
1.694750000000000000e+06
1.380637000000000000e+06
1.367633000000000000e+06
5.302630000000000000e+05
1.261846000000000000e+06
1.353079000000000000e+06
5.552230000000000000e+05
5.554680000000000000e+05
5.426230000000000000e+05
1.617400000000000000e+04
1.277700000000000000e+06
1.851300000000000000e+05
2.812800000000000000e+05
1.100433000000000000e+06
1.059344000000000000e+06
1.127800000000000000e+04
6.646140000000000000e+05
1.756765000000000000e+06
1.632641000000000000e+06
1.561776000000000000e+06
7.633030000000000000e+05
6.322390000000000000e+05
1.826794000000000000e+06
1.146110000000000000e+05
3.700930000000000000e+05
3.831470000000000000e+05
6.066650000000000000e+05
6.889400000000000000e+04
1.229543000000000000e+06
3.023830000000000000e+05
2.239500000000000000e+04
1.378062000000000000e+06
3.295730000000000000e+05
6.970350000000000000e+05
1.710816000000000000e+06
7.417600000000000000e+04
1.711069000000000000e+06
1.628074000000000000e+06
1.279620000000000000e+06
6.772030000000000000e+05
1.404707000000000000e+06
1.246666000000000000e+06
2.295700000000000000e+04
3.427810000000000000e+05
1.082167000000000000e+06
1.472045000000000000e+06
1.797941000000000000e+06
3.680850000000000000e+05
1.526179000000000000e+06
9.545860000000000000e+05
7.371450000000000000e+05
1.523195000000000000e+06
4.755610000000000000e+05
1.748138000000000000e+06
1.758030000000000000e+06
1.990730000000000000e+05
1.363816000000000000e+06
1.282606000000000000e+06
5.734450000000000000e+05
1.356952000000000000e+06
6.770480000000000000e+05
1.383512000000000000e+06
9.519450000000000000e+05
1.771693000000000000e+06
4.554490000000000000e+05
7.405450000000000000e+05
4.471520000000000000e+05
2.544600000000000000e+05
1.213638000000000000e+06
8.982930000000000000e+05
1.759171000000000000e+06
3.017460000000000000e+05
1.268870000000000000e+06
1.230243000000000000e+06
3.669080000000000000e+05
2.307990000000000000e+05
4.568380000000000000e+05
1.752564000000000000e+06
7.205980000000000000e+05
4.574830000000000000e+05
6.958400000000000000e+05
4.359540000000000000e+05
1.266506000000000000e+06
3.303390000000000000e+05
1.850762000000000000e+06
1.710111000000000000e+06
1.283232000000000000e+06
1.366705000000000000e+06
1.096687000000000000e+06
1.149703000000000000e+06
7.456220000000000000e+05
6.493060000000000000e+05
1.214526000000000000e+06
1.026326000000000000e+06
9.164240000000000000e+05
3.560600000000000000e+04
6.498010000000000000e+05
1.454986000000000000e+06
1.811870000000000000e+05
4.974530000000000000e+05
3.018620000000000000e+05
1.640520000000000000e+06
1.190675000000000000e+06
1.380427000000000000e+06
1.692155000000000000e+06
1.586090000000000000e+05
8.983950000000000000e+05
1.492667000000000000e+06
1.227900000000000000e+04
1.520639000000000000e+06
1.490973000000000000e+06
1.745832000000000000e+06
1.229488000000000000e+06
9.356820000000000000e+05
1.529010000000000000e+06
1.224616000000000000e+06
1.088938000000000000e+06
4.031930000000000000e+05
1.349696000000000000e+06
3.755190000000000000e+05
1.255802000000000000e+06
3.886620000000000000e+05
1.428766000000000000e+06
4.141270000000000000e+05
5.797350000000000000e+05
7.667110000000000000e+05
1.168180000000000000e+05
1.247228000000000000e+06
1.765391000000000000e+06
1.509988000000000000e+06
1.316809000000000000e+06
1.225349000000000000e+06
1.436983000000000000e+06
7.708360000000000000e+05
3.541030000000000000e+05
6.152500000000000000e+05
5.324830000000000000e+05
4.430500000000000000e+04
9.600000000000000000e+03
1.156383000000000000e+06
2.579620000000000000e+05
1.797976000000000000e+06
1.706235000000000000e+06
4.397490000000000000e+05
1.420530000000000000e+06
9.353240000000000000e+05
1.147229000000000000e+06
5.175250000000000000e+05
6.535130000000000000e+05
1.217500000000000000e+04
7.677550000000000000e+05
1.583590000000000000e+06
4.960700000000000000e+05
3.081660000000000000e+05
1.144098000000000000e+06
1.586872000000000000e+06
1.046860000000000000e+06
1.383353000000000000e+06
1.472584000000000000e+06
5.199860000000000000e+05
9.472810000000000000e+05
1.760121000000000000e+06
1.374118000000000000e+06
1.612300000000000000e+04
8.970700000000000000e+04
1.492431000000000000e+06
1.279620000000000000e+05
1.342291000000000000e+06
1.379839000000000000e+06
1.268880000000000000e+06
9.247510000000000000e+05
1.225564000000000000e+06
6.441140000000000000e+05
5.352190000000000000e+05
1.441709000000000000e+06
1.224933000000000000e+06
1.767418000000000000e+06
3.879310000000000000e+05
1.238889000000000000e+06
9.321920000000000000e+05
7.151230000000000000e+05
1.810680000000000000e+05
1.653030000000000000e+05
8.985050000000000000e+05
1.062827000000000000e+06
1.213479000000000000e+06
1.434295000000000000e+06
5.457500000000000000e+04
2.041900000000000000e+04
1.224560000000000000e+05
1.358681000000000000e+06
1.353734000000000000e+06
6.240140000000000000e+05
1.099680000000000000e+05
7.245480000000000000e+05
1.554291000000000000e+06
1.711791000000000000e+06
1.117968000000000000e+06
3.673660000000000000e+05
6.372080000000000000e+05
1.812290000000000000e+06
3.244300000000000000e+05
1.309849000000000000e+06
8.791080000000000000e+05
3.645030000000000000e+05
5.532260000000000000e+05
1.470078000000000000e+06
1.313209000000000000e+06
1.114971000000000000e+06
6.348880000000000000e+05
8.867060000000000000e+05
1.424482000000000000e+06
1.247931000000000000e+06
7.027550000000000000e+05
7.282780000000000000e+05
1.865700000000000000e+04
1.849700000000000000e+04
1.851005000000000000e+06
8.988930000000000000e+05
5.344380000000000000e+05
1.029975000000000000e+06
5.224000000000000000e+03
1.846989000000000000e+06
3.215890000000000000e+05
1.205403000000000000e+06
5.846710000000000000e+05
1.548110000000000000e+05
1.045458000000000000e+06
6.667340000000000000e+05
1.045105000000000000e+06
6.988900000000000000e+05
3.543010000000000000e+05
3.237030000000000000e+05
1.843833000000000000e+06
9.807460000000000000e+05
1.509775000000000000e+06
1.300774000000000000e+06
1.638490000000000000e+05
1.487635000000000000e+06
2.026770000000000000e+05
1.919500000000000000e+04
4.257170000000000000e+05
7.088520000000000000e+05
3.292100000000000000e+05
3.886550000000000000e+05
8.964270000000000000e+05
1.026088000000000000e+06
6.088000000000000000e+04
1.535000000000000000e+04
6.664160000000000000e+05
1.371266000000000000e+06
1.301583000000000000e+06
1.592000000000000000e+03
1.203205000000000000e+06
6.428050000000000000e+05
4.341600000000000000e+05
1.633116000000000000e+06
1.375512000000000000e+06
1.284842000000000000e+06
2.512240000000000000e+05
1.270736000000000000e+06
1.055897000000000000e+06
1.630050000000000000e+06
6.830730000000000000e+05
1.108230000000000000e+05
3.301700000000000000e+05
2.117420000000000000e+05
6.723660000000000000e+05
6.915500000000000000e+05
5.570460000000000000e+05
1.785865000000000000e+06
1.338067000000000000e+06
3.384990000000000000e+05
1.762375000000000000e+06
5.302440000000000000e+05
1.429747000000000000e+06
2.174350000000000000e+05
5.133700000000000000e+05
4.665100000000000000e+05
2.166500000000000000e+04
2.056980000000000000e+05
7.354210000000000000e+05
1.629525000000000000e+06
5.196400000000000000e+04
1.078030000000000000e+05
1.329223000000000000e+06
1.084835000000000000e+06
2.042240000000000000e+05
1.426500000000000000e+06
5.207420000000000000e+05
1.747085000000000000e+06
1.127103000000000000e+06
5.856250000000000000e+05
4.361270000000000000e+05
1.240491000000000000e+06
1.687010000000000000e+05
9.723000000000000000e+03
1.215340000000000000e+06
5.276230000000000000e+05
4.626100000000000000e+05
3.193200000000000000e+04
3.808860000000000000e+05
1.259000000000000000e+03
2.467250000000000000e+05
2.787620000000000000e+05
1.711210000000000000e+06
6.639760000000000000e+05
1.825100000000000000e+06
1.323778000000000000e+06
1.447566000000000000e+06
4.883600000000000000e+05
1.522685000000000000e+06
3.001810000000000000e+05
5.868880000000000000e+05
1.248377000000000000e+06
1.300911000000000000e+06
6.757680000000000000e+05
1.608031000000000000e+06
3.863970000000000000e+05
4.190300000000000000e+04
1.207714000000000000e+06
6.789360000000000000e+05
2.312100000000000000e+04
1.763384000000000000e+06
1.201396000000000000e+06
1.256946000000000000e+06
1.767631000000000000e+06
1.149606000000000000e+06
3.486640000000000000e+05
6.978150000000000000e+05
1.137435000000000000e+06
1.077153000000000000e+06
1.850804000000000000e+06
1.513345000000000000e+06
1.418885000000000000e+06
4.692240000000000000e+05
2.495060000000000000e+05
5.362340000000000000e+05
1.449831000000000000e+06
1.571743000000000000e+06
1.517450000000000000e+06
1.254642000000000000e+06
1.822133000000000000e+06
1.217699000000000000e+06
5.443820000000000000e+05
7.048280000000000000e+05
1.376776000000000000e+06
1.415668000000000000e+06
1.053709000000000000e+06
1.307935000000000000e+06
1.821726000000000000e+06
3.142810000000000000e+05
8.715000000000000000e+04
5.702060000000000000e+05
7.655560000000000000e+05
2.867660000000000000e+05
1.283823000000000000e+06
7.046020000000000000e+05
1.762080000000000000e+06
5.957720000000000000e+05
1.762277000000000000e+06
7.014150000000000000e+05
1.710305000000000000e+06
5.929080000000000000e+05
5.993280000000000000e+05
9.178510000000000000e+05
9.145550000000000000e+05
5.566130000000000000e+05
1.028771000000000000e+06
1.382497000000000000e+06
1.281685000000000000e+06
1.094425000000000000e+06
1.929640000000000000e+05
1.571308000000000000e+06
5.037410000000000000e+05
5.766880000000000000e+05
1.673517000000000000e+06
9.484870000000000000e+05
1.492506000000000000e+06
1.625547000000000000e+06
1.793700000000000000e+04
1.743951000000000000e+06
5.392290000000000000e+05
1.658112000000000000e+06
3.295010000000000000e+05
1.681436000000000000e+06
1.293164000000000000e+06
1.224237000000000000e+06
3.878220000000000000e+05
3.191500000000000000e+05
1.086191000000000000e+06
3.695940000000000000e+05
3.838720000000000000e+05
1.192322000000000000e+06
7.158360000000000000e+05
5.199610000000000000e+05
1.224343000000000000e+06
7.287880000000000000e+05
5.917690000000000000e+05
2.352700000000000000e+04
1.577314000000000000e+06
5.272160000000000000e+05
1.268878000000000000e+06
8.697030000000000000e+05
4.886840000000000000e+05
1.709830000000000000e+06
3.404150000000000000e+05
1.380322000000000000e+06
3.268120000000000000e+05
1.485214000000000000e+06
5.233860000000000000e+05
6.753120000000000000e+05
1.699923000000000000e+06
1.298921000000000000e+06
1.035010000000000000e+05
5.959970000000000000e+05
3.761920000000000000e+05
1.350507000000000000e+06
6.664750000000000000e+05
1.710653000000000000e+06
5.327170000000000000e+05
1.784940000000000000e+05
1.527274000000000000e+06
1.318039000000000000e+06
1.590286000000000000e+06
4.858560000000000000e+05
1.832683000000000000e+06
1.709319000000000000e+06
1.365188000000000000e+06
4.704330000000000000e+05
1.045915000000000000e+06
1.513288000000000000e+06
1.317788000000000000e+06
1.270758000000000000e+06
7.182970000000000000e+05
8.848090000000000000e+05
3.895620000000000000e+05
1.633257000000000000e+06
6.598930000000000000e+05
1.241844000000000000e+06
6.398020000000000000e+05
3.886200000000000000e+05
1.036366000000000000e+06
9.543650000000000000e+05
1.131347000000000000e+06
7.264940000000000000e+05
1.338062000000000000e+06
1.028025000000000000e+06
5.517250000000000000e+05
3.716240000000000000e+05
1.357870000000000000e+06
6.727310000000000000e+05
1.008271000000000000e+06
1.213995000000000000e+06
9.054000000000000000e+03
2.511750000000000000e+05
4.477000000000000000e+03
1.339795000000000000e+06
1.884980000000000000e+05
1.537544000000000000e+06
3.148250000000000000e+05
1.720274000000000000e+06
1.511173000000000000e+06
1.427904000000000000e+06
8.948960000000000000e+05
8.217060000000000000e+05
8.633530000000000000e+05
1.465437000000000000e+06
1.517364000000000000e+06
9.566100000000000000e+05
3.730340000000000000e+05
1.717763000000000000e+06
7.595690000000000000e+05
5.203800000000000000e+05
1.160115000000000000e+06
1.916090000000000000e+05
4.394080000000000000e+05
6.653160000000000000e+05
1.418299000000000000e+06
1.620183000000000000e+06
1.576192000000000000e+06
1.256567000000000000e+06
5.540270000000000000e+05
1.357099000000000000e+06
1.204368000000000000e+06
1.228413000000000000e+06
1.648907000000000000e+06
1.148634000000000000e+06
2.972720000000000000e+05
1.239591000000000000e+06
3.581080000000000000e+05
4.444100000000000000e+05
1.332911000000000000e+06
9.121010000000000000e+05
2.459520000000000000e+05
5.694700000000000000e+05
1.710076000000000000e+06
1.320178000000000000e+06
1.347376000000000000e+06
1.024299000000000000e+06
1.432304000000000000e+06
1.330629000000000000e+06
1.315850000000000000e+05
3.016320000000000000e+05
1.432107000000000000e+06
7.205770000000000000e+05
4.305420000000000000e+05
6.890460000000000000e+05
3.199930000000000000e+05
6.371850000000000000e+05
1.380630000000000000e+06
2.427650000000000000e+05
6.009300000000000000e+05
3.053790000000000000e+05
3.145470000000000000e+05
1.292319000000000000e+06
5.085100000000000000e+04
1.413454000000000000e+06
1.439991000000000000e+06
4.431870000000000000e+05
6.843840000000000000e+05
9.668540000000000000e+05
5.283630000000000000e+05
9.261280000000000000e+05
1.657969000000000000e+06
1.945190000000000000e+05
1.018439000000000000e+06
1.632599000000000000e+06
3.014250000000000000e+05
2.158100000000000000e+04
1.233312000000000000e+06
1.060891000000000000e+06
1.195780000000000000e+05
1.338241000000000000e+06
3.533350000000000000e+05
1.261655000000000000e+06
3.853690000000000000e+05
1.424793000000000000e+06
1.515209000000000000e+06
3.140800000000000000e+05
1.073777000000000000e+06
3.746770000000000000e+05
2.124340000000000000e+05
5.596500000000000000e+04
1.206164000000000000e+06
4.697210000000000000e+05
1.347393000000000000e+06
1.545005000000000000e+06
3.154000000000000000e+05
1.737788000000000000e+06
7.374590000000000000e+05
1.364257000000000000e+06
5.383430000000000000e+05
2.862970000000000000e+05
1.012333000000000000e+06
1.712896000000000000e+06
1.457097000000000000e+06
6.757110000000000000e+05
1.211011000000000000e+06
1.385319000000000000e+06
2.233900000000000000e+05
3.818620000000000000e+05
2.234000000000000000e+03
1.420025000000000000e+06
3.794100000000000000e+05
1.445839000000000000e+06
1.673442000000000000e+06
1.503400000000000000e+04
1.807580000000000000e+06
1.673531000000000000e+06
1.118079000000000000e+06
5.558070000000000000e+05
1.151719000000000000e+06
9.127490000000000000e+05
1.242349000000000000e+06
1.063518000000000000e+06
1.200223000000000000e+06
2.334520000000000000e+05
1.233956000000000000e+06
8.718230000000000000e+05
1.844503000000000000e+06
1.202660000000000000e+06
1.514504000000000000e+06
5.586170000000000000e+05
4.504330000000000000e+05
2.225600000000000000e+04
4.969810000000000000e+05
3.387100000000000000e+05
5.176100000000000000e+05
1.294813000000000000e+06
1.061126000000000000e+06
1.333761000000000000e+06
3.561710000000000000e+05
1.317371000000000000e+06
1.295186000000000000e+06
1.496977000000000000e+06
1.140985000000000000e+06
1.085955000000000000e+06
1.450041000000000000e+06
9.662410000000000000e+05
1.136881000000000000e+06
6.194050000000000000e+05
1.686041000000000000e+06
5.293430000000000000e+05
5.182300000000000000e+05
4.685240000000000000e+05
1.319171000000000000e+06
1.023428000000000000e+06
1.960200000000000000e+04
5.356250000000000000e+05
1.248288000000000000e+06
2.245600000000000000e+05
8.765550000000000000e+05
4.617010000000000000e+05
3.139530000000000000e+05
3.531940000000000000e+05
1.080107000000000000e+06
7.265100000000000000e+04
1.533940000000000000e+06
7.352260000000000000e+05
8.444290000000000000e+05
9.244470000000000000e+05
4.243110000000000000e+05
2.174910000000000000e+05
1.154907000000000000e+06
1.381670000000000000e+06
1.693976000000000000e+06
1.056500000000000000e+04
1.235301000000000000e+06
1.315924000000000000e+06
1.439501000000000000e+06
1.845565000000000000e+06
8.255300000000000000e+04
9.150990000000000000e+05
3.653020000000000000e+05
1.606395000000000000e+06
1.242646000000000000e+06
3.751590000000000000e+05
6.687660000000000000e+05
1.385725000000000000e+06
1.461124000000000000e+06
1.512069000000000000e+06
9.937730000000000000e+05
1.187207000000000000e+06
1.157238000000000000e+06
1.761914000000000000e+06
5.234660000000000000e+05
4.608050000000000000e+05
5.528000000000000000e+05
1.067408000000000000e+06
1.412357000000000000e+06
6.071350000000000000e+05
3.021190000000000000e+05
1.225404000000000000e+06
5.121100000000000000e+05
8.965900000000000000e+05
1.665064000000000000e+06
1.745155000000000000e+06
9.315450000000000000e+05
9.764400000000000000e+05
9.244180000000000000e+05
1.642948000000000000e+06
1.102936000000000000e+06
1.662277000000000000e+06
1.369238000000000000e+06
1.490194000000000000e+06
4.491990000000000000e+05
3.181230000000000000e+05
1.763490000000000000e+06
4.211560000000000000e+05
1.523263000000000000e+06
3.257910000000000000e+05
1.363495000000000000e+06
2.314900000000000000e+04
3.847160000000000000e+05
3.788640000000000000e+05
5.589730000000000000e+05
1.378446000000000000e+06
7.198590000000000000e+05
1.851525000000000000e+06
2.543410000000000000e+05
3.364820000000000000e+05
4.160880000000000000e+05
1.493278000000000000e+06
1.280735000000000000e+06
1.956200000000000000e+05
9.208400000000000000e+04
5.256810000000000000e+05
2.977620000000000000e+05
1.064757000000000000e+06
1.223661000000000000e+06
3.817930000000000000e+05
1.007728000000000000e+06
6.137310000000000000e+05
1.553663000000000000e+06
3.995000000000000000e+03
1.205424000000000000e+06
1.471659000000000000e+06
6.584230000000000000e+05
5.798140000000000000e+05
1.069441000000000000e+06
8.484000000000000000e+03
8.105000000000000000e+03
9.563700000000000000e+05
1.981840000000000000e+05
5.745020000000000000e+05
3.030380000000000000e+05
1.420003000000000000e+06
3.364160000000000000e+05
1.944100000000000000e+05
1.161840000000000000e+06
5.574380000000000000e+05
1.953440000000000000e+05
1.809800000000000000e+06
3.421040000000000000e+05
1.631327000000000000e+06
1.121077000000000000e+06
1.398498000000000000e+06
1.803670000000000000e+06
1.679686000000000000e+06
5.783370000000000000e+05
6.592130000000000000e+05
5.847550000000000000e+05
1.437543000000000000e+06
4.009090000000000000e+05
1.384380000000000000e+06
1.062148000000000000e+06
1.320106000000000000e+06
1.114511000000000000e+06
1.081866000000000000e+06
1.802207000000000000e+06
1.712731000000000000e+06
1.283308000000000000e+06
4.440900000000000000e+05
1.657851000000000000e+06
4.949480000000000000e+05
5.303140000000000000e+05
2.009310000000000000e+05
1.187605000000000000e+06
1.023665000000000000e+06
1.202669000000000000e+06
6.759890000000000000e+05
9.002780000000000000e+05
1.495019000000000000e+06
1.685579000000000000e+06
1.058650000000000000e+06
3.157260000000000000e+05
1.716400000000000000e+04
1.328847000000000000e+06
3.875820000000000000e+05
3.775650000000000000e+05
1.308696000000000000e+06
1.706328000000000000e+06
1.702586000000000000e+06
6.583390000000000000e+05
2.855540000000000000e+05
1.525325000000000000e+06
5.378550000000000000e+05
1.555880000000000000e+06
6.889000000000000000e+03
1.956130000000000000e+05
1.617151000000000000e+06
7.681760000000000000e+05
1.763735000000000000e+06
1.203420000000000000e+06
5.525000000000000000e+03
1.491324000000000000e+06
8.752480000000000000e+05
2.593660000000000000e+05
1.568458000000000000e+06
7.551640000000000000e+05
6.833520000000000000e+05
7.246880000000000000e+05
5.219340000000000000e+05
1.207900000000000000e+05
5.582650000000000000e+05
1.404792000000000000e+06
1.102732000000000000e+06
1.145173000000000000e+06
1.709673000000000000e+06
9.216340000000000000e+05
1.596899000000000000e+06
5.399960000000000000e+05
1.451162000000000000e+06
1.680974000000000000e+06
1.305390000000000000e+06
1.346002000000000000e+06
7.196690000000000000e+05
9.634130000000000000e+05
7.666560000000000000e+05
3.490720000000000000e+05
1.364936000000000000e+06
2.767100000000000000e+05
1.369170000000000000e+06
4.613990000000000000e+05
1.385419000000000000e+06
8.052700000000000000e+04
1.141900000000000000e+04
1.326957000000000000e+06
4.367300000000000000e+04
4.252700000000000000e+04
1.296846000000000000e+06
1.845509000000000000e+06
1.856070000000000000e+05
7.344670000000000000e+05
1.370709000000000000e+06
1.715230000000000000e+06
1.225787000000000000e+06
1.659597000000000000e+06
5.205120000000000000e+05
1.567371000000000000e+06
6.609750000000000000e+05
3.458510000000000000e+05
5.306680000000000000e+05
7.289690000000000000e+05
2.638690000000000000e+05
1.106200000000000000e+04
2.854480000000000000e+05
1.329491000000000000e+06
1.630615000000000000e+06
6.964270000000000000e+05
1.095387000000000000e+06
1.755499000000000000e+06
1.587001000000000000e+06
1.144610000000000000e+06
8.315080000000000000e+05
8.001630000000000000e+05
1.366278000000000000e+06
7.265840000000000000e+05
4.536930000000000000e+05
1.508349000000000000e+06
1.094593000000000000e+06
1.350500000000000000e+06
1.084705000000000000e+06
1.945020000000000000e+05
3.171140000000000000e+05
1.826168000000000000e+06
4.721990000000000000e+05
1.206352000000000000e+06
7.197960000000000000e+05
1.234535000000000000e+06
1.744145000000000000e+06
5.207630000000000000e+05
1.215784000000000000e+06
1.323845000000000000e+06
1.590580000000000000e+05
1.419231000000000000e+06
1.143649000000000000e+06
1.663585000000000000e+06
4.132200000000000000e+04
1.509793000000000000e+06
3.503430000000000000e+05
1.647237000000000000e+06
1.066732000000000000e+06
1.074418000000000000e+06
1.225806000000000000e+06
5.054380000000000000e+05
1.261329000000000000e+06
3.461050000000000000e+05
1.082769000000000000e+06
1.066448000000000000e+06
1.779593000000000000e+06
5.365220000000000000e+05
1.267568000000000000e+06
1.447944000000000000e+06
3.792840000000000000e+05
1.824670000000000000e+05
6.465910000000000000e+05
2.621010000000000000e+05
1.822395000000000000e+06
4.937030000000000000e+05
1.206492000000000000e+06
1.428998000000000000e+06
1.225096000000000000e+06
1.239146000000000000e+06
1.568583000000000000e+06
3.187230000000000000e+05
5.065210000000000000e+05
1.761632000000000000e+06
3.053190000000000000e+05
8.820830000000000000e+05
8.379480000000000000e+05
1.663569000000000000e+06
1.187293000000000000e+06
1.108358000000000000e+06
2.988640000000000000e+05
3.197390000000000000e+05
6.779370000000000000e+05
3.222630000000000000e+05
1.381196000000000000e+06
5.839780000000000000e+05
5.714760000000000000e+05
1.090275000000000000e+06
1.081942000000000000e+06
1.256160000000000000e+06
5.875700000000000000e+04
7.066540000000000000e+05
7.660000000000000000e+04
8.990450000000000000e+05
5.659750000000000000e+05
1.223322000000000000e+06
1.459126000000000000e+06
3.264910000000000000e+05
9.311130000000000000e+05
9.371230000000000000e+05
7.286130000000000000e+05
6.797920000000000000e+05
1.823337000000000000e+06
3.774300000000000000e+05
1.404767000000000000e+06
1.593344000000000000e+06
4.877630000000000000e+05
1.150495000000000000e+06
1.779403000000000000e+06
1.160957000000000000e+06
1.651356000000000000e+06
3.273370000000000000e+05
4.450780000000000000e+05
6.842670000000000000e+05
1.226146000000000000e+06
1.520028000000000000e+06
1.946170000000000000e+05
5.829100000000000000e+05
1.419700000000000000e+05
1.208515000000000000e+06
1.319229000000000000e+06
1.265890000000000000e+06
1.251102000000000000e+06
5.025440000000000000e+05
1.241340000000000000e+06
7.680550000000000000e+05
2.659420000000000000e+05
1.378693000000000000e+06
8.977480000000000000e+05
3.322010000000000000e+05
1.365309000000000000e+06
1.359743000000000000e+06
1.112102000000000000e+06
2.256180000000000000e+05
6.259100000000000000e+05
8.949700000000000000e+04
5.969580000000000000e+05
3.773660000000000000e+05
5.424950000000000000e+05
3.818230000000000000e+05
1.255114000000000000e+06
1.353103000000000000e+06
6.252050000000000000e+05
4.535000000000000000e+04
1.399166000000000000e+06
2.301080000000000000e+05
1.461160000000000000e+06
4.434000000000000000e+05
1.057705000000000000e+06
6.592260000000000000e+05
1.710946000000000000e+06
3.389320000000000000e+05
3.732300000000000000e+05
1.492673000000000000e+06
2.288650000000000000e+05
9.309100000000000000e+04
3.512360000000000000e+05
1.151547000000000000e+06
3.224120000000000000e+05
1.783663000000000000e+06
2.748240000000000000e+05
1.263676000000000000e+06
1.199542000000000000e+06
1.450743000000000000e+06
9.200250000000000000e+05
3.710110000000000000e+05
9.383550000000000000e+05
1.237267000000000000e+06
3.649850000000000000e+05
1.548210000000000000e+06
9.346350000000000000e+05
2.727120000000000000e+05
5.318600000000000000e+05
1.218623000000000000e+06
9.168150000000000000e+05
1.720177000000000000e+06
4.947770000000000000e+05
1.414406000000000000e+06
1.177881000000000000e+06
1.366503000000000000e+06
1.319645000000000000e+06
1.378850000000000000e+05
2.533300000000000000e+04
1.074281000000000000e+06
2.973870000000000000e+05
7.194320000000000000e+05
5.137160000000000000e+05
2.056050000000000000e+05
8.961230000000000000e+05
1.219105000000000000e+06
9.840000000000000000e+02
1.277670000000000000e+05
1.709619000000000000e+06
1.133881000000000000e+06
1.049156000000000000e+06
3.441120000000000000e+05
1.840926000000000000e+06
1.368983000000000000e+06
1.085500000000000000e+06
1.253969000000000000e+06
1.769633000000000000e+06
1.632653000000000000e+06
1.692631000000000000e+06
1.653656000000000000e+06
5.123840000000000000e+05
1.331429000000000000e+06
1.721339000000000000e+06
4.373900000000000000e+05
1.554330000000000000e+06
1.295410000000000000e+06
7.049890000000000000e+05
7.146770000000000000e+05
1.072012000000000000e+06
9.278130000000000000e+05
2.817100000000000000e+05
5.922420000000000000e+05
2.287800000000000000e+04
1.340282000000000000e+06
1.178547000000000000e+06
6.663550000000000000e+05
5.986650000000000000e+05
3.871460000000000000e+05
1.322763000000000000e+06
6.578170000000000000e+05
5.896860000000000000e+05
1.366032000000000000e+06
3.463980000000000000e+05
1.698124000000000000e+06
3.886840000000000000e+05
1.759012000000000000e+06
1.479175000000000000e+06
6.150290000000000000e+05
7.209900000000000000e+05
1.464701000000000000e+06
1.331167000000000000e+06
1.778722000000000000e+06
3.052130000000000000e+05
1.247540000000000000e+06
1.621707000000000000e+06
4.538490000000000000e+05
1.488077000000000000e+06
1.317400000000000000e+04
6.885960000000000000e+05
9.535280000000000000e+05
9.288500000000000000e+04
1.006295000000000000e+06
9.751290000000000000e+05
1.588323000000000000e+06
1.177343000000000000e+06
6.673670000000000000e+05
1.369342000000000000e+06
1.327823000000000000e+06
1.465364000000000000e+06
4.302420000000000000e+05
1.260780000000000000e+05
1.520452000000000000e+06
1.232352000000000000e+06
4.344730000000000000e+05
6.132150000000000000e+05
4.758710000000000000e+05
6.628060000000000000e+05
4.217330000000000000e+05
9.522460000000000000e+05
2.684090000000000000e+05
1.347271000000000000e+06
8.252400000000000000e+04
1.341617000000000000e+06
1.259270000000000000e+06
1.602990000000000000e+05
3.541210000000000000e+05
4.638910000000000000e+05
6.608960000000000000e+05
1.098021000000000000e+06
1.817955000000000000e+06
1.807845000000000000e+06
1.510480000000000000e+06
5.043270000000000000e+05
1.760634000000000000e+06
1.014601000000000000e+06
6.979770000000000000e+05
7.606720000000000000e+05
1.109243000000000000e+06
8.050790000000000000e+05
8.486160000000000000e+05
3.789780000000000000e+05
9.340660000000000000e+05
1.452790000000000000e+06
1.848623000000000000e+06
1.319145000000000000e+06
2.515080000000000000e+05
2.821890000000000000e+05
1.471912000000000000e+06
2.480300000000000000e+04
3.700980000000000000e+05
7.187780000000000000e+05
1.615045000000000000e+06
1.253034000000000000e+06
5.576820000000000000e+05
1.808330000000000000e+05
1.529238000000000000e+06
3.587810000000000000e+05
1.583090000000000000e+06
9.543390000000000000e+05
1.676004000000000000e+06
6.693930000000000000e+05
6.225000000000000000e+04
1.770187000000000000e+06
1.576948000000000000e+06
1.250317000000000000e+06
1.180108000000000000e+06
1.691691000000000000e+06
1.311780000000000000e+06
1.656767000000000000e+06
7.061200000000000000e+04
1.293972000000000000e+06
1.927500000000000000e+04
1.219274000000000000e+06
1.713210000000000000e+06
1.457166000000000000e+06
5.558140000000000000e+05
1.846190000000000000e+06
1.854628000000000000e+06
5.231870000000000000e+05
4.385310000000000000e+05
1.477659000000000000e+06
9.122820000000000000e+05
1.261872000000000000e+06
1.944840000000000000e+05
6.690390000000000000e+05
1.546807000000000000e+06
1.666670000000000000e+06
3.317020000000000000e+05
9.642400000000000000e+04
1.826814000000000000e+06
5.010590000000000000e+05
2.076000000000000000e+04
2.913560000000000000e+05
6.178860000000000000e+05
1.324353000000000000e+06
8.186220000000000000e+05
6.723130000000000000e+05
1.421303000000000000e+06
7.136520000000000000e+05
1.320665000000000000e+06
1.110116000000000000e+06
6.691430000000000000e+05
1.136055000000000000e+06
1.274321000000000000e+06
1.206529000000000000e+06
1.714869000000000000e+06
1.832626000000000000e+06
1.690128000000000000e+06
6.804690000000000000e+05
1.570236000000000000e+06
5.821970000000000000e+05
1.058572000000000000e+06
1.645443000000000000e+06
1.306738000000000000e+06
1.161881000000000000e+06
1.290010000000000000e+05
1.453412000000000000e+06
2.043400000000000000e+04
1.440327000000000000e+06
7.711590000000000000e+05
6.757950000000000000e+05
1.489160000000000000e+06
8.984920000000000000e+05
8.077800000000000000e+04
7.210660000000000000e+05
4.390330000000000000e+05
2.010420000000000000e+05
1.017360000000000000e+06
1.098798000000000000e+06
1.441052000000000000e+06
1.582280000000000000e+06
1.678740000000000000e+06
1.640130000000000000e+05
2.960250000000000000e+05
1.532205000000000000e+06
1.630353000000000000e+06
1.144075000000000000e+06
1.762388000000000000e+06
1.207999000000000000e+06
3.145450000000000000e+05
1.028448000000000000e+06
9.924550000000000000e+05
1.657100000000000000e+04
1.884520000000000000e+05
3.689940000000000000e+05
1.357425000000000000e+06
1.329996000000000000e+06
1.209863000000000000e+06
1.204150000000000000e+05
1.153767000000000000e+06
1.100284000000000000e+06
2.373000000000000000e+03
3.683140000000000000e+05
2.819320000000000000e+05
1.631009000000000000e+06
1.023791000000000000e+06
1.226383000000000000e+06
1.001425000000000000e+06
3.343100000000000000e+05
5.730880000000000000e+05
4.720960000000000000e+05
4.616910000000000000e+05
6.839440000000000000e+05
7.233610000000000000e+05
1.483394000000000000e+06
1.666369000000000000e+06
1.014105000000000000e+06
7.489010000000000000e+05
1.711403000000000000e+06
3.524900000000000000e+05
3.147440000000000000e+05
9.813610000000000000e+05
1.257133000000000000e+06
7.063460000000000000e+05
2.220170000000000000e+05
1.351850000000000000e+06
1.243190000000000000e+06
6.761470000000000000e+05
5.756350000000000000e+05
6.795140000000000000e+05
5.003970000000000000e+05
7.014830000000000000e+05
4.934180000000000000e+05
7.080240000000000000e+05
1.432561000000000000e+06
1.763146000000000000e+06
1.622204000000000000e+06
2.786390000000000000e+05
1.771589000000000000e+06
4.911200000000000000e+05
9.309360000000000000e+05
5.775780000000000000e+05
3.787010000000000000e+05
7.190350000000000000e+05
1.269204000000000000e+06
1.754839000000000000e+06
2.016140000000000000e+05
6.957940000000000000e+05
1.272738000000000000e+06
1.323037000000000000e+06
5.169930000000000000e+05
1.029135000000000000e+06
3.453940000000000000e+05
1.251819000000000000e+06
1.738788000000000000e+06
3.748200000000000000e+05
1.369508000000000000e+06
2.057000000000000000e+04
1.204318000000000000e+06
1.294843000000000000e+06
6.891130000000000000e+05
1.635933000000000000e+06
1.091884000000000000e+06
2.633150000000000000e+05
1.753060000000000000e+05
5.699870000000000000e+05
1.059339000000000000e+06
2.476700000000000000e+04
6.413020000000000000e+05
3.866800000000000000e+04
1.372280000000000000e+05
3.706410000000000000e+05
2.995350000000000000e+05
1.074380000000000000e+05
2.039760000000000000e+05
6.913200000000000000e+05
2.854940000000000000e+05
1.666664000000000000e+06
5.127070000000000000e+05
1.221699000000000000e+06
2.873410000000000000e+05
2.834550000000000000e+05
1.426382000000000000e+06
1.125490000000000000e+06
1.560197000000000000e+06
4.210600000000000000e+04
4.014800000000000000e+05
3.028660000000000000e+05
1.227903000000000000e+06
1.146022000000000000e+06
6.829210000000000000e+05
1.057512000000000000e+06
1.064353000000000000e+06
1.328170000000000000e+06
1.565397000000000000e+06
1.662485000000000000e+06
1.469666000000000000e+06
1.710776000000000000e+06
1.981940000000000000e+05
1.538663000000000000e+06
6.371910000000000000e+05
7.465000000000000000e+03
9.315190000000000000e+05
1.494816000000000000e+06
8.921220000000000000e+05
1.366194000000000000e+06
4.875730000000000000e+05
1.365782000000000000e+06
1.834200000000000000e+04
1.490306000000000000e+06
2.290400000000000000e+04
1.721988000000000000e+06
1.256587000000000000e+06
1.489692000000000000e+06
1.413855000000000000e+06
7.054890000000000000e+05
1.301700000000000000e+05
1.267530000000000000e+05
4.775670000000000000e+05
3.566770000000000000e+05
1.059214000000000000e+06
3.289300000000000000e+05
2.235490000000000000e+05
1.473981000000000000e+06
4.832130000000000000e+05
1.322024000000000000e+06
3.299140000000000000e+05
1.187280000000000000e+05
4.312620000000000000e+05
1.252145000000000000e+06
5.160900000000000000e+04
6.719080000000000000e+05
1.659253000000000000e+06
1.592850000000000000e+06
2.009420000000000000e+05
2.865650000000000000e+05
1.084572000000000000e+06
7.572340000000000000e+05
1.609755000000000000e+06
1.332521000000000000e+06
1.809094000000000000e+06
1.310676000000000000e+06
1.158004000000000000e+06
9.505190000000000000e+05
1.054886000000000000e+06
6.189900000000000000e+05
1.415686000000000000e+06
1.909770000000000000e+05
4.835560000000000000e+05
5.251020000000000000e+05
7.188280000000000000e+05
1.844951000000000000e+06
1.037343000000000000e+06
1.544711000000000000e+06
1.220710000000000000e+05
1.698060000000000000e+06
1.581133000000000000e+06
4.691060000000000000e+05
2.018170000000000000e+05
1.510803000000000000e+06
4.014590000000000000e+05
1.480004000000000000e+06
3.879590000000000000e+05
1.588276000000000000e+06
1.257180000000000000e+06
5.728110000000000000e+05
6.684910000000000000e+05
1.296800000000000000e+06
1.706887000000000000e+06
9.002730000000000000e+05
1.702538000000000000e+06
1.003377000000000000e+06
3.294290000000000000e+05
4.941580000000000000e+05
5.205420000000000000e+05
1.843796000000000000e+06
1.085100000000000000e+04
1.631209000000000000e+06
1.380222000000000000e+06
1.398872000000000000e+06
3.770270000000000000e+05
1.261215000000000000e+06
7.015450000000000000e+05
1.701467000000000000e+06
1.374317000000000000e+06
1.543239000000000000e+06
2.298700000000000000e+04
1.810297000000000000e+06
6.201030000000000000e+05
1.335686000000000000e+06
9.402100000000000000e+04
2.055800000000000000e+04
9.936940000000000000e+05
5.137400000000000000e+05
1.726917000000000000e+06
1.324022000000000000e+06
5.812550000000000000e+05
1.762335000000000000e+06
3.895210000000000000e+05
2.009660000000000000e+05
1.247921000000000000e+06
1.365307000000000000e+06
1.441673000000000000e+06
9.917000000000000000e+03
5.582200000000000000e+05
1.056997000000000000e+06
1.610890000000000000e+05
1.626635000000000000e+06
1.222730000000000000e+06
3.704470000000000000e+05
1.456760000000000000e+06
1.260366000000000000e+06
1.672398000000000000e+06
1.777291000000000000e+06
1.831135000000000000e+06
1.203700000000000000e+04
6.991430000000000000e+05
1.589430000000000000e+05
1.380330000000000000e+06
1.189761000000000000e+06
5.560890000000000000e+05
2.001840000000000000e+05
5.572310000000000000e+05
3.916410000000000000e+05
1.772003000000000000e+06
1.755389000000000000e+06
1.480717000000000000e+06
6.853280000000000000e+05
1.277958000000000000e+06
1.934700000000000000e+05
4.633950000000000000e+05
1.639140000000000000e+06
1.339812000000000000e+06
1.390608000000000000e+06
1.626313000000000000e+06
1.122641000000000000e+06
1.509931000000000000e+06
1.800203000000000000e+06
9.320700000000000000e+04
2.073630000000000000e+05
1.712221000000000000e+06
1.320231000000000000e+06
1.059359000000000000e+06
5.825030000000000000e+05
3.342620000000000000e+05
4.415520000000000000e+05
1.335162000000000000e+06
1.718505000000000000e+06
5.572620000000000000e+05
1.292956000000000000e+06
1.699964000000000000e+06
1.232027000000000000e+06
2.666310000000000000e+05
1.643400000000000000e+04
1.712842000000000000e+06
6.842590000000000000e+05
4.753100000000000000e+05
7.260370000000000000e+05
1.185688000000000000e+06
1.226056000000000000e+06
1.835100000000000000e+04
1.191970000000000000e+05
1.277796000000000000e+06
3.654910000000000000e+05
7.184620000000000000e+05
1.415736000000000000e+06
7.561800000000000000e+04
1.366316000000000000e+06
3.265050000000000000e+05
1.630721000000000000e+06
1.489374000000000000e+06
1.314993000000000000e+06
4.256260000000000000e+05
8.978470000000000000e+05
1.776647000000000000e+06
1.298398000000000000e+06
5.859820000000000000e+05
2.067870000000000000e+05
1.601350000000000000e+05
1.214375000000000000e+06
1.349711000000000000e+06
3.247440000000000000e+05
1.338090000000000000e+06
2.611080000000000000e+05
6.769460000000000000e+05
1.473959000000000000e+06
1.756934000000000000e+06
6.780040000000000000e+05
1.614232000000000000e+06
9.058280000000000000e+05
4.422080000000000000e+05
3.956980000000000000e+05
1.210969000000000000e+06
1.257827000000000000e+06
3.509250000000000000e+05
1.366250000000000000e+05
1.185571000000000000e+06
1.507159000000000000e+06
1.123450000000000000e+05
1.272678000000000000e+06
8.958310000000000000e+05
8.052900000000000000e+04
1.337066000000000000e+06
1.092857000000000000e+06
1.560837000000000000e+06
4.014150000000000000e+05
1.494477000000000000e+06
3.822020000000000000e+05
1.570924000000000000e+06
5.620010000000000000e+05
1.470460000000000000e+05
5.555050000000000000e+05
1.225497000000000000e+06
9.359970000000000000e+05
7.051230000000000000e+05
7.336360000000000000e+05
1.240027000000000000e+06
1.320305000000000000e+06
1.643068000000000000e+06
1.087860000000000000e+06
9.056000000000000000e+03
1.205086000000000000e+06
1.478017000000000000e+06
1.624692000000000000e+06
1.869200000000000000e+05
9.542630000000000000e+05
1.209028000000000000e+06
1.778073000000000000e+06
1.064652000000000000e+06
1.338467000000000000e+06
1.051350000000000000e+05
3.754850000000000000e+05
1.055556000000000000e+06
2.614230000000000000e+05
1.524914000000000000e+06
4.520700000000000000e+05
1.085050000000000000e+05
1.537210000000000000e+06
1.186006000000000000e+06
1.541050000000000000e+06
3.766160000000000000e+05
5.771780000000000000e+05
3.530400000000000000e+05
8.937510000000000000e+05
2.088900000000000000e+05
2.545110000000000000e+05
1.382689000000000000e+06
1.530282000000000000e+06
2.855380000000000000e+05
1.461108000000000000e+06
1.279245000000000000e+06
1.594514000000000000e+06
2.142000000000000000e+04
1.068709000000000000e+06
1.043986000000000000e+06
1.076708000000000000e+06
1.319821000000000000e+06
1.769045000000000000e+06
9.120380000000000000e+05
1.369683000000000000e+06
2.486880000000000000e+05
8.574000000000000000e+03
