3.848270000000000000e+05
7.307070000000000000e+05
5.474880000000000000e+05
3.389000000000000000e+03
8.667660000000000000e+05
7.562300000000000000e+05
7.733720000000000000e+05
7.304810000000000000e+05
7.625170000000000000e+05
8.901870000000000000e+05
8.176440000000000000e+05
7.881940000000000000e+05
8.294450000000000000e+05
8.600010000000000000e+05
7.282910000000000000e+05
8.989430000000000000e+05
7.266850000000000000e+05
3.284690000000000000e+05
8.951500000000000000e+05
3.860110000000000000e+05
7.579120000000000000e+05
1.315060000000000000e+06
7.354620000000000000e+05
1.231374000000000000e+06
8.671540000000000000e+05
1.228011000000000000e+06
1.323625000000000000e+06
1.322606000000000000e+06
1.542700000000000000e+04
7.275330000000000000e+05
7.265340000000000000e+05
5.464790000000000000e+05
1.230640000000000000e+06
1.938700000000000000e+04
1.230490000000000000e+06
7.639890000000000000e+05
7.360160000000000000e+05
3.796880000000000000e+05
5.508410000000000000e+05
7.349470000000000000e+05
4.726850000000000000e+05
7.323490000000000000e+05
1.229115000000000000e+06
1.722300000000000000e+04
4.500000000000000000e+03
6.974000000000000000e+04
7.268160000000000000e+05
7.355140000000000000e+05
7.265860000000000000e+05
7.529210000000000000e+05
1.544784000000000000e+06
1.721400000000000000e+04
8.946000000000000000e+03
7.297990000000000000e+05
7.293440000000000000e+05
7.252910000000000000e+05
7.267240000000000000e+05
6.750870000000000000e+05
1.198587000000000000e+06
1.299447000000000000e+06
9.117380000000000000e+05
3.843220000000000000e+05
7.669800000000000000e+05
1.324608000000000000e+06
7.276230000000000000e+05
8.969470000000000000e+05
8.953590000000000000e+05
7.269310000000000000e+05
1.761690000000000000e+06
1.221448000000000000e+06
7.285690000000000000e+05
1.793760000000000000e+05
1.227905000000000000e+06
1.312137000000000000e+06
1.345335000000000000e+06
1.491889000000000000e+06
6.769460000000000000e+05
3.851700000000000000e+05
1.211760000000000000e+06
8.881430000000000000e+05
8.706840000000000000e+05
1.228888000000000000e+06
6.851670000000000000e+05
1.300002000000000000e+06
1.457633000000000000e+06
3.883860000000000000e+05
1.268878000000000000e+06
3.449000000000000000e+03
2.628690000000000000e+05
6.594800000000000000e+05
9.855840000000000000e+05
5.324320000000000000e+05
1.260235000000000000e+06
2.743000000000000000e+04
6.075210000000000000e+05
7.302200000000000000e+05
1.323948000000000000e+06
5.437010000000000000e+05
5.397700000000000000e+05
6.664490000000000000e+05
1.430901000000000000e+06
1.099245000000000000e+06
7.310410000000000000e+05
7.712730000000000000e+05
3.418160000000000000e+05
3.247220000000000000e+05
7.288840000000000000e+05
7.460020000000000000e+05
1.707200000000000000e+05
1.745045000000000000e+06
6.784280000000000000e+05
5.959000000000000000e+03
7.359780000000000000e+05
1.516603000000000000e+06
7.327610000000000000e+05
1.795052000000000000e+06
1.744567000000000000e+06
1.372880000000000000e+05
1.320957000000000000e+06
8.874650000000000000e+05
2.306100000000000000e+04
1.222089000000000000e+06
1.621333000000000000e+06
7.399870000000000000e+05
3.832900000000000000e+05
4.815470000000000000e+05
5.236100000000000000e+04
6.613370000000000000e+05
1.767418000000000000e+06
5.716230000000000000e+05
1.056686000000000000e+06
2.496570000000000000e+05
3.719400000000000000e+05
1.562760000000000000e+05
8.982980000000000000e+05
5.330660000000000000e+05
9.157500000000000000e+05
2.483210000000000000e+05
3.867990000000000000e+05
5.251020000000000000e+05
1.322900000000000000e+04
7.537330000000000000e+05
7.949900000000000000e+05
8.483520000000000000e+05
8.822180000000000000e+05
5.735240000000000000e+05
5.832940000000000000e+05
2.108100000000000000e+04
9.004550000000000000e+05
8.442000000000000000e+03
2.488500000000000000e+05
8.957320000000000000e+05
1.824579000000000000e+06
2.945900000000000000e+04
3.285360000000000000e+05
7.527780000000000000e+05
1.643400000000000000e+04
1.227392000000000000e+06
8.362220000000000000e+05
8.048040000000000000e+05
7.260020000000000000e+05
1.517375000000000000e+06
7.388010000000000000e+05
5.165800000000000000e+05
3.762430000000000000e+05
2.056980000000000000e+05
1.220895000000000000e+06
1.450743000000000000e+06
1.150632000000000000e+06
1.745542000000000000e+06
3.781020000000000000e+05
2.851340000000000000e+05
8.980330000000000000e+05
1.037575000000000000e+06
1.683293000000000000e+06
2.222000000000000000e+03
1.240760000000000000e+06
8.959800000000000000e+05
1.035775000000000000e+06
1.508277000000000000e+06
1.850762000000000000e+06
3.384990000000000000e+05
1.234987000000000000e+06
1.306087000000000000e+06
6.709240000000000000e+05
7.137850000000000000e+05
5.160900000000000000e+04
1.313291000000000000e+06
7.374560000000000000e+05
6.724270000000000000e+05
3.886620000000000000e+05
1.234535000000000000e+06
1.279227000000000000e+06
1.157413000000000000e+06
2.275000000000000000e+03
1.576192000000000000e+06
6.753770000000000000e+05
6.945300000000000000e+05
1.577314000000000000e+06
5.045200000000000000e+05
8.058190000000000000e+05
8.379710000000000000e+05
3.835390000000000000e+05
1.850804000000000000e+06
1.779232000000000000e+06
7.564440000000000000e+05
3.823120000000000000e+05
2.817200000000000000e+05
2.314900000000000000e+04
1.356594000000000000e+06
9.244470000000000000e+05
1.491956000000000000e+06
4.643480000000000000e+05
1.571876000000000000e+06
1.625900000000000000e+04
9.189190000000000000e+05
2.754950000000000000e+05
6.366580000000000000e+05
8.964140000000000000e+05
1.208624000000000000e+06
6.896610000000000000e+05
6.844250000000000000e+05
9.159960000000000000e+05
9.169170000000000000e+05
4.262510000000000000e+05
3.880560000000000000e+05
1.471451000000000000e+06
4.755610000000000000e+05
5.496940000000000000e+05
2.875430000000000000e+05
1.221404000000000000e+06
1.315949000000000000e+06
1.338800000000000000e+04
9.723000000000000000e+03
7.880130000000000000e+05
8.416870000000000000e+05
8.925910000000000000e+05
1.420849000000000000e+06
1.380637000000000000e+06
2.229800000000000000e+05
1.231018000000000000e+06
1.630900000000000000e+04
9.358600000000000000e+05
1.232701000000000000e+06
2.850090000000000000e+05
1.762189000000000000e+06
5.394620000000000000e+05
1.312026000000000000e+06
1.382397000000000000e+06
1.372006000000000000e+06
1.968300000000000000e+05
1.140657000000000000e+06
4.706870000000000000e+05
4.163940000000000000e+05
8.379480000000000000e+05
8.820830000000000000e+05
1.294385000000000000e+06
1.802884000000000000e+06
1.282513000000000000e+06
1.712821000000000000e+06
1.193075000000000000e+06
1.614677000000000000e+06
2.622220000000000000e+05
8.742280000000000000e+05
1.182057000000000000e+06
1.232352000000000000e+06
1.833003000000000000e+06
2.016000000000000000e+03
1.714800000000000000e+04
4.894260000000000000e+05
7.688420000000000000e+05
7.201010000000000000e+05
3.845650000000000000e+05
4.215640000000000000e+05
3.761500000000000000e+05
5.123840000000000000e+05
1.380673000000000000e+06
1.525325000000000000e+06
1.148608000000000000e+06
1.761977000000000000e+06
2.421500000000000000e+04
2.495920000000000000e+05
1.293628000000000000e+06
3.379000000000000000e+03
5.756820000000000000e+05
1.507151000000000000e+06
6.695690000000000000e+05
1.541872000000000000e+06
2.853200000000000000e+05
6.740680000000000000e+05
5.391470000000000000e+05
5.137310000000000000e+05
6.401710000000000000e+05
3.886840000000000000e+05
8.271790000000000000e+05
7.756680000000000000e+05
1.379902000000000000e+06
1.832049000000000000e+06
3.776480000000000000e+05
1.021352000000000000e+06
1.451067000000000000e+06
1.808330000000000000e+05
1.385460000000000000e+06
1.623360000000000000e+05
9.244310000000000000e+05
1.540700000000000000e+04
9.202490000000000000e+05
1.302188000000000000e+06
1.106851000000000000e+06
1.851078000000000000e+06
6.723660000000000000e+05
1.529664000000000000e+06
1.812560000000000000e+06
1.321460000000000000e+06
1.245726000000000000e+06
1.000145000000000000e+06
3.831470000000000000e+05
2.632240000000000000e+05
1.659675000000000000e+06
7.459800000000000000e+05
1.207450000000000000e+05
3.380490000000000000e+05
9.174690000000000000e+05
7.290760000000000000e+05
4.393930000000000000e+05
1.249100000000000000e+06
1.939000000000000000e+04
9.359850000000000000e+05
1.525530000000000000e+05
7.205770000000000000e+05
9.421000000000000000e+03
4.626100000000000000e+05
2.147400000000000000e+04
8.957900000000000000e+04
9.346350000000000000e+05
1.294737000000000000e+06
4.948660000000000000e+05
1.450458000000000000e+06
1.283308000000000000e+06
2.009310000000000000e+05
1.251626000000000000e+06
1.299268000000000000e+06
6.987780000000000000e+05
1.385432000000000000e+06
9.510500000000000000e+05
4.725930000000000000e+05
1.316048000000000000e+06
1.491121000000000000e+06
1.107280000000000000e+05
9.137350000000000000e+05
9.315950000000000000e+05
4.263900000000000000e+04
7.643420000000000000e+05
3.291710000000000000e+05
7.315290000000000000e+05
6.622980000000000000e+05
1.213525000000000000e+06
2.863730000000000000e+05
1.116240000000000000e+05
3.291100000000000000e+04
2.235100000000000000e+04
1.136000000000000000e+04
1.673952000000000000e+06
7.181820000000000000e+05
1.036172000000000000e+06
3.672560000000000000e+05
6.508740000000000000e+05
1.192708000000000000e+06
1.158848000000000000e+06
1.197322000000000000e+06
1.541178000000000000e+06
1.475813000000000000e+06
2.589000000000000000e+03
3.887920000000000000e+05
1.548247000000000000e+06
9.663110000000000000e+05
1.057730000000000000e+06
2.575000000000000000e+03
1.382470000000000000e+06
1.292956000000000000e+06
1.507010000000000000e+05
3.302590000000000000e+05
1.543128000000000000e+06
8.811320000000000000e+05
5.203800000000000000e+05
1.606670000000000000e+05
2.464530000000000000e+05
9.935530000000000000e+05
6.511480000000000000e+05
9.250430000000000000e+05
3.870560000000000000e+05
3.665380000000000000e+05
1.649082000000000000e+06
5.272160000000000000e+05
5.519340000000000000e+05
1.274520000000000000e+05
1.063594000000000000e+06
1.608380000000000000e+06
1.761613000000000000e+06
9.340960000000000000e+05
2.103360000000000000e+05
1.133174000000000000e+06
5.163240000000000000e+05
1.246826000000000000e+06
1.141728000000000000e+06
1.290010000000000000e+05
2.350200000000000000e+04
1.288850000000000000e+05
1.753784000000000000e+06
5.720220000000000000e+05
9.207630000000000000e+05
1.258982000000000000e+06
5.233720000000000000e+05
6.889000000000000000e+03
6.398020000000000000e+05
3.572010000000000000e+05
1.023665000000000000e+06
3.193440000000000000e+05
1.242208000000000000e+06
1.295305000000000000e+06
1.705454000000000000e+06
9.059430000000000000e+05
7.208240000000000000e+05
7.268410000000000000e+05
1.066861000000000000e+06
1.456230000000000000e+06
6.950500000000000000e+05
7.083310000000000000e+05
3.669680000000000000e+05
7.606720000000000000e+05
1.321076000000000000e+06
1.618983000000000000e+06
3.754850000000000000e+05
2.678140000000000000e+05
1.347376000000000000e+06
1.489515000000000000e+06
5.848190000000000000e+05
1.137432000000000000e+06
1.776832000000000000e+06
9.054210000000000000e+05
1.548018000000000000e+06
1.955300000000000000e+04
1.478091000000000000e+06
1.379839000000000000e+06
4.445560000000000000e+05
1.379374000000000000e+06
7.408520000000000000e+05
2.544600000000000000e+05
3.228160000000000000e+05
1.189307000000000000e+06
2.067040000000000000e+05
3.519000000000000000e+04
2.438540000000000000e+05
1.988170000000000000e+05
4.978980000000000000e+05
1.386010000000000000e+06
1.379090000000000000e+05
6.175690000000000000e+05
1.150495000000000000e+06
1.347003000000000000e+06
1.488694000000000000e+06
8.850220000000000000e+05
3.016320000000000000e+05
2.287800000000000000e+04
4.261520000000000000e+05
4.878270000000000000e+05
3.297970000000000000e+05
6.327200000000000000e+05
1.326924000000000000e+06
1.803670000000000000e+06
1.335003000000000000e+06
6.168110000000000000e+05
9.136080000000000000e+05
1.635800000000000000e+04
5.394870000000000000e+05
1.543312000000000000e+06
1.356892000000000000e+06
3.801700000000000000e+05
9.276790000000000000e+05
1.214526000000000000e+06
2.060200000000000000e+04
1.218029000000000000e+06
6.375620000000000000e+05
1.014105000000000000e+06
1.520324000000000000e+06
1.230075000000000000e+06
1.714131000000000000e+06
3.634870000000000000e+05
1.365940000000000000e+06
1.476888000000000000e+06
1.471519000000000000e+06
7.545330000000000000e+05
1.302450000000000000e+05
5.741130000000000000e+05
2.485200000000000000e+04
3.865600000000000000e+05
3.103520000000000000e+05
1.005034000000000000e+06
2.030970000000000000e+05
1.616505000000000000e+06
4.718170000000000000e+05
1.847693000000000000e+06
1.177875000000000000e+06
1.206550000000000000e+05
3.100950000000000000e+05
8.799030000000000000e+05
1.788123000000000000e+06
1.757900000000000000e+06
1.479840000000000000e+05
1.226327000000000000e+06
1.376776000000000000e+06
1.350993000000000000e+06
1.242387000000000000e+06
1.825975000000000000e+06
2.053470000000000000e+05
9.003540000000000000e+05
1.496363000000000000e+06
1.230409000000000000e+06
1.074700000000000000e+04
1.371870000000000000e+05
7.245320000000000000e+05
7.172070000000000000e+05
1.776600000000000000e+06
1.593156000000000000e+06
1.352483000000000000e+06
1.679100000000000000e+05
1.650464000000000000e+06
1.578029000000000000e+06
4.624580000000000000e+05
1.956200000000000000e+05
1.851066000000000000e+06
5.258650000000000000e+05
9.133000000000000000e+05
7.962000000000000000e+03
4.743750000000000000e+05
1.301700000000000000e+05
4.959270000000000000e+05
1.635930000000000000e+05
1.808526000000000000e+06
7.203880000000000000e+05
1.573380000000000000e+06
5.796730000000000000e+05
4.895970000000000000e+05
4.704330000000000000e+05
1.352860000000000000e+06
2.706070000000000000e+05
1.847659000000000000e+06
6.701830000000000000e+05
1.140985000000000000e+06
6.004340000000000000e+05
1.694475000000000000e+06
1.490764000000000000e+06
1.316670000000000000e+05
1.692200000000000000e+06
3.758720000000000000e+05
1.320768000000000000e+06
5.811000000000000000e+03
7.256730000000000000e+05
1.494816000000000000e+06
5.698450000000000000e+05
6.557440000000000000e+05
5.582650000000000000e+05
7.411080000000000000e+05
7.265830000000000000e+05
7.304360000000000000e+05
1.523107000000000000e+06
1.225361000000000000e+06
1.141048000000000000e+06
5.730200000000000000e+04
1.268314000000000000e+06
3.891320000000000000e+05
5.485270000000000000e+05
1.425833000000000000e+06
1.241274000000000000e+06
3.460090000000000000e+05
7.023880000000000000e+05
9.615980000000000000e+05
1.231573000000000000e+06
3.309280000000000000e+05
1.503927000000000000e+06
1.218946000000000000e+06
1.234210000000000000e+06
8.735350000000000000e+05
1.602881000000000000e+06
1.236410000000000000e+06
5.657660000000000000e+05
1.758570000000000000e+06
2.481930000000000000e+05
3.329180000000000000e+05
7.238880000000000000e+05
4.095380000000000000e+05
1.130803000000000000e+06
6.586880000000000000e+05
1.133753000000000000e+06
2.549300000000000000e+04
4.274560000000000000e+05
4.708850000000000000e+05
1.305995000000000000e+06
7.235370000000000000e+05
1.241966000000000000e+06
1.685429000000000000e+06
5.943800000000000000e+04
7.652400000000000000e+05
5.222000000000000000e+03
9.327530000000000000e+05
8.353100000000000000e+05
8.042670000000000000e+05
5.763960000000000000e+05
1.625547000000000000e+06
6.591770000000000000e+05
1.242349000000000000e+06
1.657504000000000000e+06
1.560197000000000000e+06
3.404040000000000000e+05
6.125230000000000000e+05
1.320469000000000000e+06
1.618153000000000000e+06
5.192570000000000000e+05
3.712150000000000000e+05
5.469000000000000000e+03
9.543650000000000000e+05
8.862420000000000000e+05
1.225919000000000000e+06
4.972950000000000000e+05
3.736460000000000000e+05
6.005430000000000000e+05
1.666282000000000000e+06
1.346399000000000000e+06
1.617460000000000000e+06
3.151110000000000000e+05
1.167331000000000000e+06
1.376252000000000000e+06
1.320374000000000000e+06
1.698962000000000000e+06
3.888420000000000000e+05
7.229740000000000000e+05
1.293564000000000000e+06
3.531940000000000000e+05
1.708925000000000000e+06
5.355370000000000000e+05
2.964400000000000000e+05
1.381403000000000000e+06
3.254070000000000000e+05
3.791080000000000000e+05
9.142900000000000000e+05
5.745360000000000000e+05
1.693418000000000000e+06
1.033100000000000000e+04
1.225115000000000000e+06
2.460650000000000000e+05
1.205599000000000000e+06
7.273620000000000000e+05
7.358670000000000000e+05
1.420882000000000000e+06
3.890930000000000000e+05
1.212213000000000000e+06
2.565880000000000000e+05
1.006295000000000000e+06
1.707800000000000000e+04
1.024562000000000000e+06
6.044150000000000000e+05
8.892600000000000000e+05
7.065500000000000000e+05
1.476200000000000000e+04
6.526860000000000000e+05
5.993330000000000000e+05
1.011000000000000000e+04
2.233900000000000000e+05
4.119860000000000000e+05
1.270700000000000000e+04
1.455466000000000000e+06
1.298628000000000000e+06
1.851670000000000000e+06
7.233960000000000000e+05
1.461031000000000000e+06
1.783192000000000000e+06
1.439494000000000000e+06
1.615410000000000000e+06
1.259623000000000000e+06
9.230480000000000000e+05
1.074694000000000000e+06
2.830160000000000000e+05
1.575027000000000000e+06
3.709670000000000000e+05
3.588010000000000000e+05
1.433448000000000000e+06
2.084120000000000000e+05
1.207960000000000000e+05
1.230835000000000000e+06
1.235424000000000000e+06
1.471330000000000000e+05
5.745690000000000000e+05
1.886610000000000000e+05
8.823710000000000000e+05
1.309265000000000000e+06
2.480300000000000000e+04
5.324830000000000000e+05
6.595380000000000000e+05
2.964660000000000000e+05
6.796190000000000000e+05
1.230414000000000000e+06
4.752850000000000000e+05
3.296840000000000000e+05
3.403100000000000000e+04
2.044620000000000000e+05
5.567000000000000000e+04
1.228145000000000000e+06
1.602241000000000000e+06
7.661400000000000000e+05
1.205591000000000000e+06
1.250354000000000000e+06
3.082740000000000000e+05
1.705310000000000000e+05
