3.848160000000000000e+05
7.307070000000000000e+05
3.081000000000000000e+03
7.586540000000000000e+05
7.314890000000000000e+05
5.461140000000000000e+05
8.699620000000000000e+05
8.989430000000000000e+05
1.322865000000000000e+06
8.958320000000000000e+05
8.926120000000000000e+05
7.355140000000000000e+05
7.636990000000000000e+05
8.618750000000000000e+05
8.039270000000000000e+05
7.733720000000000000e+05
3.801910000000000000e+05
5.324320000000000000e+05
8.747100000000000000e+05
7.266850000000000000e+05
3.883860000000000000e+05
7.268160000000000000e+05
6.933600000000000000e+04
1.851066000000000000e+06
3.284760000000000000e+05
7.449100000000000000e+05
7.396800000000000000e+05
8.844800000000000000e+05
1.744567000000000000e+06
5.236100000000000000e+04
5.111400000000000000e+04
1.241104000000000000e+06
1.200439000000000000e+06
1.577314000000000000e+06
1.320957000000000000e+06
1.381320000000000000e+06
2.919000000000000000e+03
1.850490000000000000e+06
1.736045000000000000e+06
1.366330000000000000e+06
7.529210000000000000e+05
7.290560000000000000e+05
1.844054000000000000e+06
1.847537000000000000e+06
7.288840000000000000e+05
1.063594000000000000e+06
1.779232000000000000e+06
1.544812000000000000e+06
7.152220000000000000e+05
7.360160000000000000e+05
4.687000000000000000e+03
6.723660000000000000e+05
7.589930000000000000e+05
1.230835000000000000e+06
8.349810000000000000e+05
8.036840000000000000e+05
5.267000000000000000e+04
1.850681000000000000e+06
2.030970000000000000e+05
1.376176000000000000e+06
1.770089000000000000e+06
7.613480000000000000e+05
2.115600000000000000e+04
1.622381000000000000e+06
1.731289000000000000e+06
5.507740000000000000e+05
2.630490000000000000e+05
7.669800000000000000e+05
1.938700000000000000e+04
1.293222000000000000e+06
7.251650000000000000e+05
7.181820000000000000e+05
6.915720000000000000e+05
7.349470000000000000e+05
1.803670000000000000e+06
3.776480000000000000e+05
7.392440000000000000e+05
1.691691000000000000e+06
7.268150000000000000e+05
8.947520000000000000e+05
1.443740000000000000e+05
5.025340000000000000e+05
1.264439000000000000e+06
1.847693000000000000e+06
2.626560000000000000e+05
1.745542000000000000e+06
3.588010000000000000e+05
5.165800000000000000e+05
7.246670000000000000e+05
1.853705000000000000e+06
1.773767000000000000e+06
6.103410000000000000e+05
1.372006000000000000e+06
7.297990000000000000e+05
1.722300000000000000e+04
3.565600000000000000e+05
7.643460000000000000e+05
1.240480000000000000e+06
7.265860000000000000e+05
1.468933000000000000e+06
3.295480000000000000e+05
1.373620000000000000e+06
1.810452000000000000e+06
7.330300000000000000e+04
6.983460000000000000e+05
3.384990000000000000e+05
1.429309000000000000e+06
3.258610000000000000e+05
2.306100000000000000e+04
8.984200000000000000e+05
1.380673000000000000e+06
3.859250000000000000e+05
6.664490000000000000e+05
6.769460000000000000e+05
1.802884000000000000e+06
1.492186000000000000e+06
5.842200000000000000e+04
3.791530000000000000e+05
7.374560000000000000e+05
1.774515000000000000e+06
1.655140000000000000e+06
1.765882000000000000e+06
4.865520000000000000e+05
1.848776000000000000e+06
3.841500000000000000e+05
6.889000000000000000e+03
4.725980000000000000e+05
2.495920000000000000e+05
6.906310000000000000e+05
1.813152000000000000e+06
3.832900000000000000e+05
1.321128000000000000e+06
6.099630000000000000e+05
3.604100000000000000e+05
3.270060000000000000e+05
6.757970000000000000e+05
1.344847000000000000e+06
7.137850000000000000e+05
1.624530000000000000e+06
8.881430000000000000e+05
1.067900000000000000e+05
9.128160000000000000e+05
1.593396000000000000e+06
3.068000000000000000e+05
5.714530000000000000e+05
5.282100000000000000e+04
7.283910000000000000e+05
1.380873000000000000e+06
1.195882000000000000e+06
1.238912000000000000e+06
1.262380000000000000e+05
1.520360000000000000e+06
2.674230000000000000e+05
1.546409000000000000e+06
4.649330000000000000e+05
1.552300000000000000e+04
1.056573000000000000e+06
1.323625000000000000e+06
1.324608000000000000e+06
7.242550000000000000e+05
6.727620000000000000e+05
1.743951000000000000e+06
1.036264000000000000e+06
5.733670000000000000e+05
1.311873000000000000e+06
1.222424000000000000e+06
1.560197000000000000e+06
1.416304000000000000e+06
1.315060000000000000e+06
1.300623000000000000e+06
1.242358000000000000e+06
2.491820000000000000e+05
1.264400000000000000e+06
1.379178000000000000e+06
1.209393000000000000e+06
9.157500000000000000e+05
1.376252000000000000e+06
1.984690000000000000e+05
2.544600000000000000e+05
1.708916000000000000e+06
1.201415000000000000e+06
1.376910000000000000e+06
6.783060000000000000e+05
8.946000000000000000e+03
7.396300000000000000e+04
7.510420000000000000e+05
1.664796000000000000e+06
1.473874000000000000e+06
1.379090000000000000e+05
1.776832000000000000e+06
5.973700000000000000e+04
8.962840000000000000e+05
8.670270000000000000e+05
3.886620000000000000e+05
2.210550000000000000e+05
2.481010000000000000e+05
5.358000000000000000e+04
5.233720000000000000e+05
1.464970000000000000e+06
1.332263000000000000e+06
2.047140000000000000e+05
6.750870000000000000e+05
1.349262000000000000e+06
1.848179000000000000e+06
1.851078000000000000e+06
1.133248000000000000e+06
1.722200000000000000e+04
5.051290000000000000e+05
1.644511000000000000e+06
1.347376000000000000e+06
7.688420000000000000e+05
3.843820000000000000e+05
4.718170000000000000e+05
5.730200000000000000e+04
1.182606000000000000e+06
1.705454000000000000e+06
2.303000000000000000e+03
6.909850000000000000e+05
3.841590000000000000e+05
1.444212000000000000e+06
2.990150000000000000e+05
4.780640000000000000e+05
2.189630000000000000e+05
1.368509000000000000e+06
1.548247000000000000e+06
8.293120000000000000e+05
7.885200000000000000e+05
1.320221000000000000e+06
3.855440000000000000e+05
1.824778000000000000e+06
1.506834000000000000e+06
6.320000000000000000e+04
1.586090000000000000e+05
8.974780000000000000e+05
2.178490000000000000e+05
1.451052000000000000e+06
1.486909000000000000e+06
8.942530000000000000e+05
5.399590000000000000e+05
1.662485000000000000e+06
2.853980000000000000e+05
1.324884000000000000e+06
3.560650000000000000e+05
1.312137000000000000e+06
8.999100000000000000e+05
1.833003000000000000e+06
7.271740000000000000e+05
1.595819000000000000e+06
4.069730000000000000e+05
3.857060000000000000e+05
9.139800000000000000e+05
1.392391000000000000e+06
1.074700000000000000e+04
3.611710000000000000e+05
1.099474000000000000e+06
1.741493000000000000e+06
4.571670000000000000e+05
1.379839000000000000e+06
1.136278000000000000e+06
1.625547000000000000e+06
1.234535000000000000e+06
2.754950000000000000e+05
1.415400000000000000e+05
1.208878000000000000e+06
7.248060000000000000e+05
3.704290000000000000e+05
1.761733000000000000e+06
7.014760000000000000e+05
1.617460000000000000e+06
1.213525000000000000e+06
1.734860000000000000e+06
2.421500000000000000e+04
2.202900000000000000e+04
1.737111000000000000e+06
8.850300000000000000e+05
1.241966000000000000e+06
8.200490000000000000e+05
7.879750000000000000e+05
1.341200000000000000e+04
1.380295000000000000e+06
1.194934000000000000e+06
5.716970000000000000e+05
1.224052000000000000e+06
1.318889000000000000e+06
1.231374000000000000e+06
1.674571000000000000e+06
1.771580000000000000e+05
1.762204000000000000e+06
7.323780000000000000e+05
1.252324000000000000e+06
5.248900000000000000e+04
1.366455000000000000e+06
7.540750000000000000e+05
4.077590000000000000e+05
1.437928000000000000e+06
7.614640000000000000e+05
1.262010000000000000e+05
5.489730000000000000e+05
1.593353000000000000e+06
2.165890000000000000e+05
1.694475000000000000e+06
5.172190000000000000e+05
1.242349000000000000e+06
1.625900000000000000e+04
1.660768000000000000e+06
1.465824000000000000e+06
6.389300000000000000e+04
2.244200000000000000e+04
1.221448000000000000e+06
1.813382000000000000e+06
2.314900000000000000e+04
1.480434000000000000e+06
1.732756000000000000e+06
3.913210000000000000e+05
1.298721000000000000e+06
1.727552000000000000e+06
7.712730000000000000e+05
1.493612000000000000e+06
5.203800000000000000e+05
1.373132000000000000e+06
1.253290000000000000e+05
1.233550000000000000e+05
1.254892000000000000e+06
7.229740000000000000e+05
1.847600000000000000e+04
1.500822000000000000e+06
7.354620000000000000e+05
9.154640000000000000e+05
1.663370000000000000e+05
1.831952000000000000e+06
1.632973000000000000e+06
8.666540000000000000e+05
1.366535000000000000e+06
1.495389000000000000e+06
1.229115000000000000e+06
1.379374000000000000e+06
3.291100000000000000e+04
4.698770000000000000e+05
3.068410000000000000e+05
2.056980000000000000e+05
4.445560000000000000e+05
1.421040000000000000e+06
1.549132000000000000e+06
5.197460000000000000e+05
1.400580000000000000e+05
1.279227000000000000e+06
1.199469000000000000e+06
2.060930000000000000e+05
1.095767000000000000e+06
