3.847230000000000000e+05
7.302450000000000000e+05
8.703310000000000000e+05
5.438130000000000000e+05
7.562300000000000000e+05
1.315192000000000000e+06
7.283510000000000000e+05
7.733720000000000000e+05
3.389000000000000000e+03
7.314890000000000000e+05
8.261890000000000000e+05
8.951500000000000000e+05
3.285110000000000000e+05
8.750770000000000000e+05
1.228011000000000000e+06
3.242910000000000000e+05
3.859360000000000000e+05
7.967810000000000000e+05
8.580520000000000000e+05
7.266770000000000000e+05
8.932900000000000000e+05
1.230640000000000000e+06
8.284650000000000000e+05
7.625170000000000000e+05
1.299447000000000000e+06
3.828650000000000000e+05
3.857060000000000000e+05
3.865270000000000000e+05
1.491899000000000000e+06
1.322857000000000000e+06
7.529210000000000000e+05
8.953590000000000000e+05
7.268240000000000000e+05
7.354620000000000000e+05
8.874650000000000000e+05
3.719400000000000000e+05
7.279950000000000000e+05
7.349130000000000000e+05
7.283370000000000000e+05
7.663660000000000000e+05
1.230490000000000000e+06
8.664360000000000000e+05
3.835390000000000000e+05
1.313706000000000000e+06
8.974780000000000000e+05
5.453140000000000000e+05
3.850960000000000000e+05
8.999700000000000000e+05
7.637040000000000000e+05
7.641720000000000000e+05
7.288370000000000000e+05
7.317540000000000000e+05
7.349470000000000000e+05
5.501990000000000000e+05
8.811320000000000000e+05
7.265340000000000000e+05
3.865600000000000000e+05
1.761690000000000000e+06
7.733810000000000000e+05
8.941390000000000000e+05
1.314703000000000000e+06
1.762189000000000000e+06
7.331020000000000000e+05
8.565370000000000000e+05
7.880130000000000000e+05
7.355140000000000000e+05
8.969470000000000000e+05
7.273690000000000000e+05
3.795430000000000000e+05
8.327700000000000000e+05
8.030490000000000000e+05
7.273620000000000000e+05
8.667450000000000000e+05
1.229115000000000000e+06
1.564900000000000000e+04
7.267000000000000000e+05
7.374560000000000000e+05
1.322914000000000000e+06
7.284750000000000000e+05
6.534980000000000000e+05
1.300100000000000000e+06
7.239910000000000000e+05
7.680290000000000000e+05
7.277880000000000000e+05
3.840410000000000000e+05
3.285360000000000000e+05
5.525510000000000000e+05
1.227666000000000000e+06
7.290710000000000000e+05
7.376550000000000000e+05
8.925910000000000000e+05
1.229461000000000000e+06
8.959800000000000000e+05
7.704690000000000000e+05
1.322861000000000000e+06
8.066340000000000000e+05
8.589290000000000000e+05
3.890810000000000000e+05
8.964410000000000000e+05
8.227710000000000000e+05
8.990730000000000000e+05
9.003540000000000000e+05
9.077630000000000000e+05
8.821350000000000000e+05
1.571876000000000000e+06
3.840640000000000000e+05
7.339970000000000000e+05
1.228208000000000000e+06
3.875260000000000000e+05
6.784280000000000000e+05
1.315869000000000000e+06
1.315627000000000000e+06
5.447650000000000000e+05
1.302188000000000000e+06
3.832900000000000000e+05
6.526830000000000000e+05
1.939300000000000000e+04
7.388010000000000000e+05
5.474650000000000000e+05
3.821850000000000000e+05
7.330800000000000000e+05
6.664190000000000000e+05
3.782360000000000000e+05
1.024562000000000000e+06
8.949090000000000000e+05
1.430901000000000000e+06
7.252910000000000000e+05
3.796120000000000000e+05
7.957940000000000000e+05
8.618690000000000000e+05
8.264430000000000000e+05
7.399870000000000000e+05
7.181820000000000000e+05
1.320877000000000000e+06
1.761867000000000000e+06
7.656850000000000000e+05
7.265860000000000000e+05
2.108100000000000000e+04
5.378560000000000000e+05
5.514150000000000000e+05
9.133000000000000000e+05
3.801540000000000000e+05
6.386240000000000000e+05
1.298603000000000000e+06
1.445989000000000000e+06
2.275000000000000000e+03
1.227939000000000000e+06
6.586880000000000000e+05
5.186730000000000000e+05
7.292550000000000000e+05
8.178320000000000000e+05
3.242100000000000000e+05
7.236550000000000000e+05
7.256730000000000000e+05
7.360160000000000000e+05
1.450408000000000000e+06
7.776970000000000000e+05
8.200040000000000000e+05
8.503810000000000000e+05
8.980760000000000000e+05
1.229631000000000000e+06
4.327260000000000000e+05
3.841590000000000000e+05
1.518633000000000000e+06
3.267260000000000000e+05
8.981820000000000000e+05
1.519284000000000000e+06
1.206857000000000000e+06
8.982980000000000000e+05
6.403880000000000000e+05
1.761849000000000000e+06
3.482000000000000000e+03
2.483850000000000000e+05
7.345090000000000000e+05
3.807220000000000000e+05
7.287390000000000000e+05
7.269170000000000000e+05
8.959030000000000000e+05
5.522980000000000000e+05
6.549140000000000000e+05
6.526860000000000000e+05
7.470850000000000000e+05
5.740590000000000000e+05
1.757343000000000000e+06
8.999780000000000000e+05
9.043580000000000000e+05
1.321944000000000000e+06
3.283270000000000000e+05
3.797930000000000000e+05
7.406410000000000000e+05
6.557440000000000000e+05
6.819000000000000000e+03
3.065580000000000000e+05
9.165340000000000000e+05
1.314165000000000000e+06
1.517375000000000000e+06
9.003310000000000000e+05
5.519340000000000000e+05
5.400780000000000000e+05
7.335610000000000000e+05
1.021760000000000000e+06
7.405370000000000000e+05
1.516524000000000000e+06
7.297990000000000000e+05
1.227285000000000000e+06
1.491072000000000000e+06
8.289740000000000000e+05
7.769630000000000000e+05
8.601050000000000000e+05
7.514290000000000000e+05
8.962840000000000000e+05
7.315290000000000000e+05
5.808730000000000000e+05
1.322195000000000000e+06
1.229662000000000000e+06
1.380358000000000000e+06
3.719750000000000000e+05
5.674090000000000000e+05
1.066615000000000000e+06
3.243480000000000000e+05
1.591500000000000000e+04
1.204873000000000000e+06
1.035705000000000000e+06
7.275360000000000000e+05
2.111400000000000000e+04
1.318530000000000000e+06
7.879750000000000000e+05
8.649470000000000000e+05
8.265680000000000000e+05
9.646960000000000000e+05
3.840000000000000000e+03
3.295480000000000000e+05
8.906000000000000000e+03
5.299350000000000000e+05
6.795630000000000000e+05
1.231114000000000000e+06
3.878120000000000000e+05
6.724270000000000000e+05
7.566850000000000000e+05
1.324779000000000000e+06
3.845650000000000000e+05
8.697400000000000000e+05
9.267310000000000000e+05
3.820480000000000000e+05
3.074000000000000000e+03
1.036453000000000000e+06
7.185160000000000000e+05
3.418160000000000000e+05
7.083310000000000000e+05
1.226110000000000000e+06
3.883860000000000000e+05
1.457927000000000000e+06
3.429540000000000000e+05
1.324117000000000000e+06
8.053840000000000000e+05
7.756680000000000000e+05
6.895920000000000000e+05
3.291440000000000000e+05
3.724740000000000000e+05
5.464210000000000000e+05
5.436540000000000000e+05
6.375350000000000000e+05
3.847810000000000000e+05
5.392350000000000000e+05
6.293600000000000000e+05
7.288840000000000000e+05
8.357950000000000000e+05
5.151830000000000000e+05
7.270790000000000000e+05
7.272770000000000000e+05
1.694410000000000000e+06
1.314290000000000000e+06
3.761500000000000000e+05
6.773400000000000000e+05
3.241540000000000000e+05
7.285730000000000000e+05
1.314326000000000000e+06
6.667060000000000000e+05
7.599050000000000000e+05
7.608900000000000000e+05
6.670940000000000000e+05
6.699570000000000000e+05
5.324320000000000000e+05
2.589000000000000000e+03
4.425000000000000000e+03
1.323571000000000000e+06
7.290760000000000000e+05
1.572401000000000000e+06
5.434830000000000000e+05
5.545770000000000000e+05
1.322113000000000000e+06
9.055320000000000000e+05
1.080581000000000000e+06
7.632710000000000000e+05
6.536080000000000000e+05
6.521620000000000000e+05
7.674140000000000000e+05
5.200290000000000000e+05
8.978400000000000000e+05
8.885510000000000000e+05
8.715260000000000000e+05
7.832770000000000000e+05
7.359780000000000000e+05
3.869140000000000000e+05
6.519940000000000000e+05
8.862470000000000000e+05
3.776480000000000000e+05
8.942840000000000000e+05
1.491956000000000000e+06
1.226232000000000000e+06
1.110667000000000000e+06
3.707400000000000000e+05
1.203820000000000000e+05
1.316656000000000000e+06
9.324350000000000000e+05
6.481440000000000000e+05
7.228410000000000000e+05
1.491364000000000000e+06
1.541976000000000000e+06
3.118730000000000000e+05
8.942750000000000000e+05
1.517542000000000000e+06
1.270194000000000000e+06
9.553000000000000000e+03
1.279227000000000000e+06
9.391260000000000000e+05
6.451710000000000000e+05
3.507620000000000000e+05
1.230251000000000000e+06
8.804620000000000000e+05
1.761118000000000000e+06
6.553750000000000000e+05
9.560530000000000000e+05
5.411550000000000000e+05
4.398290000000000000e+05
3.883720000000000000e+05
5.400080000000000000e+05
6.988800000000000000e+05
5.306640000000000000e+05
3.694540000000000000e+05
5.416100000000000000e+05
1.212729000000000000e+06
3.723950000000000000e+05
9.855840000000000000e+05
6.397080000000000000e+05
1.299258000000000000e+06
1.260209000000000000e+06
5.750070000000000000e+05
7.331430000000000000e+05
8.266940000000000000e+05
1.569020000000000000e+06
5.358350000000000000e+05
3.953750000000000000e+05
4.959200000000000000e+05
3.875280000000000000e+05
1.234210000000000000e+06
1.199517000000000000e+06
1.245726000000000000e+06
9.009870000000000000e+05
7.356680000000000000e+05
9.329940000000000000e+05
1.117643000000000000e+06
8.942520000000000000e+05
1.233693000000000000e+06
5.520860000000000000e+05
1.302306000000000000e+06
1.111099000000000000e+06
8.957320000000000000e+05
5.799880000000000000e+05
1.151254000000000000e+06
1.234438000000000000e+06
1.230117000000000000e+06
8.662460000000000000e+05
7.929530000000000000e+05
8.324040000000000000e+05
6.751090000000000000e+05
2.961180000000000000e+05
1.752228000000000000e+06
3.715450000000000000e+05
6.325780000000000000e+05
1.768207000000000000e+06
1.540700000000000000e+04
5.391470000000000000e+05
3.858770000000000000e+05
9.108150000000000000e+05
9.505580000000000000e+05
7.267320000000000000e+05
3.882220000000000000e+05
1.364536000000000000e+06
7.600950000000000000e+05
1.315987000000000000e+06
3.824660000000000000e+05
1.309331000000000000e+06
3.149670000000000000e+05
6.922550000000000000e+05
1.467626000000000000e+06
1.327417000000000000e+06
3.868090000000000000e+05
1.271780000000000000e+06
1.673952000000000000e+06
7.386100000000000000e+05
5.258650000000000000e+05
1.242377000000000000e+06
7.012140000000000000e+05
9.616240000000000000e+05
9.534580000000000000e+05
6.176530000000000000e+05
5.698450000000000000e+05
1.249100000000000000e+06
9.668530000000000000e+05
2.501720000000000000e+05
3.863240000000000000e+05
6.839650000000000000e+05
1.268236000000000000e+06
3.237190000000000000e+05
1.519233000000000000e+06
9.004550000000000000e+05
6.759410000000000000e+05
1.520290000000000000e+06
1.067787000000000000e+06
1.254301000000000000e+06
1.420882000000000000e+06
1.460922000000000000e+06
1.237816000000000000e+06
1.321128000000000000e+06
2.222000000000000000e+03
9.944990000000000000e+05
1.763500000000000000e+04
3.459750000000000000e+05
9.858500000000000000e+05
6.585470000000000000e+05
7.016130000000000000e+05
1.453825000000000000e+06
3.284400000000000000e+05
3.249290000000000000e+05
1.079042000000000000e+06
7.283750000000000000e+05
3.875940000000000000e+05
5.331020000000000000e+05
6.022120000000000000e+05
1.762277000000000000e+06
1.846000000000000000e+04
1.231317000000000000e+06
7.643420000000000000e+05
6.983390000000000000e+05
1.241992000000000000e+06
1.034100000000000000e+04
7.201010000000000000e+05
9.281990000000000000e+05
3.285680000000000000e+05
1.516582000000000000e+06
1.323706000000000000e+06
3.855100000000000000e+05
1.428538000000000000e+06
7.940310000000000000e+05
8.565440000000000000e+05
1.316149000000000000e+06
9.879400000000000000e+05
1.298404000000000000e+06
3.711900000000000000e+05
6.684990000000000000e+05
5.149050000000000000e+05
6.533940000000000000e+05
4.324170000000000000e+05
9.237670000000000000e+05
1.302301000000000000e+06
8.926940000000000000e+05
9.315740000000000000e+05
5.458780000000000000e+05
1.813722000000000000e+06
7.663480000000000000e+05
7.346960000000000000e+05
6.604240000000000000e+05
1.793760000000000000e+05
5.330720000000000000e+05
9.208140000000000000e+05
1.231374000000000000e+06
1.331429000000000000e+06
1.318430000000000000e+06
7.237100000000000000e+05
1.585954000000000000e+06
7.391360000000000000e+05
6.769510000000000000e+05
1.318174000000000000e+06
1.432104000000000000e+06
3.200100000000000000e+05
8.867060000000000000e+05
3.003010000000000000e+05
1.242208000000000000e+06
7.335430000000000000e+05
6.327550000000000000e+05
7.410450000000000000e+05
4.412950000000000000e+05
3.891010000000000000e+05
1.213525000000000000e+06
5.314590000000000000e+05
4.215640000000000000e+05
1.318316000000000000e+06
1.571894000000000000e+06
9.551780000000000000e+05
7.407310000000000000e+05
1.095928000000000000e+06
1.346175000000000000e+06
3.380490000000000000e+05
9.169280000000000000e+05
1.488607000000000000e+06
5.303040000000000000e+05
3.854230000000000000e+05
3.978850000000000000e+05
3.394190000000000000e+05
1.433594000000000000e+06
5.206960000000000000e+05
3.205660000000000000e+05
6.740680000000000000e+05
1.448836000000000000e+06
3.129490000000000000e+05
1.226919000000000000e+06
1.150991000000000000e+06
7.129830000000000000e+05
5.536300000000000000e+05
5.386500000000000000e+05
1.229543000000000000e+06
1.194330000000000000e+05
7.000850000000000000e+05
5.959000000000000000e+03
1.143986000000000000e+06
1.316523000000000000e+06
5.524540000000000000e+05
5.324160000000000000e+05
1.313391000000000000e+06
1.242274000000000000e+06
1.469169000000000000e+06
5.347590000000000000e+05
4.292770000000000000e+05
3.141030000000000000e+05
3.284050000000000000e+05
3.884910000000000000e+05
6.239540000000000000e+05
5.517920000000000000e+05
1.224992000000000000e+06
6.953280000000000000e+05
9.167940000000000000e+05
4.971450000000000000e+05
1.058647000000000000e+06
4.772960000000000000e+05
9.547730000000000000e+05
1.707366000000000000e+06
6.571010000000000000e+05
3.257360000000000000e+05
1.228713000000000000e+06
5.486650000000000000e+05
1.341724000000000000e+06
1.615410000000000000e+06
8.368560000000000000e+05
1.284149000000000000e+06
4.133000000000000000e+03
2.788020000000000000e+05
1.140604000000000000e+06
3.806540000000000000e+05
6.176480000000000000e+05
1.419245000000000000e+06
1.456948000000000000e+06
1.251073000000000000e+06
9.139800000000000000e+05
8.339110000000000000e+05
7.989450000000000000e+05
3.266050000000000000e+05
5.763740000000000000e+05
1.291522000000000000e+06
1.212757000000000000e+06
3.066930000000000000e+05
5.371900000000000000e+05
6.917060000000000000e+05
1.323027000000000000e+06
1.015922000000000000e+06
6.716820000000000000e+05
5.561070000000000000e+05
3.837620000000000000e+05
1.231018000000000000e+06
5.760650000000000000e+05
4.276610000000000000e+05
4.956000000000000000e+05
3.040860000000000000e+05
1.662314000000000000e+06
7.211070000000000000e+05
1.041854000000000000e+06
1.757171000000000000e+06
5.130830000000000000e+05
5.554680000000000000e+05
7.396800000000000000e+05
5.573820000000000000e+05
4.927180000000000000e+05
3.289730000000000000e+05
1.455002000000000000e+06
7.283180000000000000e+05
6.637650000000000000e+05
9.359850000000000000e+05
1.247448000000000000e+06
1.681512000000000000e+06
3.835420000000000000e+05
8.999100000000000000e+05
5.307420000000000000e+05
1.758663000000000000e+06
1.002822000000000000e+06
1.808523000000000000e+06
5.356030000000000000e+05
1.082062000000000000e+06
6.588440000000000000e+05
3.704290000000000000e+05
1.848364000000000000e+06
1.199402000000000000e+06
1.024957000000000000e+06
8.402890000000000000e+05
8.055270000000000000e+05
7.423930000000000000e+05
5.527970000000000000e+05
2.596800000000000000e+05
1.520543000000000000e+06
4.363650000000000000e+05
7.417600000000000000e+04
3.243560000000000000e+05
3.264080000000000000e+05
1.338062000000000000e+06
4.972950000000000000e+05
1.246173000000000000e+06
1.306641000000000000e+06
3.411680000000000000e+05
1.067317000000000000e+06
7.591590000000000000e+05
8.934990000000000000e+05
1.827900000000000000e+04
1.322111000000000000e+06
6.661190000000000000e+05
1.467733000000000000e+06
3.274390000000000000e+05
3.793800000000000000e+05
6.479600000000000000e+05
3.840660000000000000e+05
6.918530000000000000e+05
3.866510000000000000e+05
8.945990000000000000e+05
2.482680000000000000e+05
1.320906000000000000e+06
4.068580000000000000e+05
1.305877000000000000e+06
1.327782000000000000e+06
5.639000000000000000e+03
3.859400000000000000e+05
4.233620000000000000e+05
3.736270000000000000e+05
6.631930000000000000e+05
1.237091000000000000e+06
2.068300000000000000e+04
3.692670000000000000e+05
1.056770000000000000e+06
4.131000000000000000e+05
1.420530000000000000e+06
1.758133000000000000e+06
1.729647000000000000e+06
1.254725000000000000e+06
1.077346000000000000e+06
1.060668000000000000e+06
3.760690000000000000e+05
3.452470000000000000e+05
1.593353000000000000e+06
1.694750000000000000e+06
1.587255000000000000e+06
1.424793000000000000e+06
6.785290000000000000e+05
1.144354000000000000e+06
1.706300000000000000e+06
9.332650000000000000e+05
3.729760000000000000e+05
4.301330000000000000e+05
1.356615000000000000e+06
7.174550000000000000e+05
6.598140000000000000e+05
9.566100000000000000e+05
1.315126000000000000e+06
1.254330000000000000e+06
1.761643000000000000e+06
1.466719000000000000e+06
1.593303000000000000e+06
1.095330000000000000e+06
1.284842000000000000e+06
1.380295000000000000e+06
6.632400000000000000e+05
4.882460000000000000e+05
6.646680000000000000e+05
1.295152000000000000e+06
1.238999000000000000e+06
2.754410000000000000e+05
1.661800000000000000e+06
9.642400000000000000e+04
1.203420000000000000e+06
1.112176000000000000e+06
5.298790000000000000e+05
1.756768000000000000e+06
1.451152000000000000e+06
1.854690000000000000e+05
3.081660000000000000e+05
1.262200000000000000e+06
5.365070000000000000e+05
5.362250000000000000e+05
4.456680000000000000e+05
1.630042000000000000e+06
1.264732000000000000e+06
1.543015000000000000e+06
1.380871000000000000e+06
3.024760000000000000e+05
3.816010000000000000e+05
5.488800000000000000e+05
1.274453000000000000e+06
1.520297000000000000e+06
4.036100000000000000e+05
1.281941000000000000e+06
6.589640000000000000e+05
1.518391000000000000e+06
1.300904000000000000e+06
1.451052000000000000e+06
1.320178000000000000e+06
3.758060000000000000e+05
1.268870000000000000e+06
7.237830000000000000e+05
1.454986000000000000e+06
1.762080000000000000e+06
8.964320000000000000e+05
1.319085000000000000e+06
1.745832000000000000e+06
7.478190000000000000e+05
8.732000000000000000e+03
8.948250000000000000e+05
1.153330000000000000e+06
5.560960000000000000e+05
6.428050000000000000e+05
1.321743000000000000e+06
1.241821000000000000e+06
2.460650000000000000e+05
1.149755000000000000e+06
3.770160000000000000e+05
9.631510000000000000e+05
4.975880000000000000e+05
4.888800000000000000e+04
3.281390000000000000e+05
1.670100000000000000e+04
5.187940000000000000e+05
1.247356000000000000e+06
7.084920000000000000e+05
1.424740000000000000e+06
1.279626000000000000e+06
1.492506000000000000e+06
7.245480000000000000e+05
7.248120000000000000e+05
1.440253000000000000e+06
6.736800000000000000e+05
5.957720000000000000e+05
1.363897000000000000e+06
1.762331000000000000e+06
3.762430000000000000e+05
1.341805000000000000e+06
1.260254000000000000e+06
1.198336000000000000e+06
1.238946000000000000e+06
4.141270000000000000e+05
1.336348000000000000e+06
2.982310000000000000e+05
4.356570000000000000e+05
1.571867000000000000e+06
1.354937000000000000e+06
7.367350000000000000e+05
7.065500000000000000e+05
9.935530000000000000e+05
1.379259000000000000e+06
1.436983000000000000e+06
1.523073000000000000e+06
5.572390000000000000e+05
3.643270000000000000e+05
1.299144000000000000e+06
1.287221000000000000e+06
1.311153000000000000e+06
3.785460000000000000e+05
6.383150000000000000e+05
2.239500000000000000e+04
4.011160000000000000e+05
1.210139000000000000e+06
9.147880000000000000e+05
3.154000000000000000e+05
1.509988000000000000e+06
1.248684000000000000e+06
1.314294000000000000e+06
1.022500000000000000e+04
1.037103000000000000e+06
1.424514000000000000e+06
5.972180000000000000e+05
1.212088000000000000e+06
2.968170000000000000e+05
3.016320000000000000e+05
1.960200000000000000e+04
1.471451000000000000e+06
1.512424000000000000e+06
3.245350000000000000e+05
1.012100000000000000e+04
1.514872000000000000e+06
1.352317000000000000e+06
1.419231000000000000e+06
9.001450000000000000e+05
1.820934000000000000e+06
7.269630000000000000e+05
1.579315000000000000e+06
6.498010000000000000e+05
1.301583000000000000e+06
1.708609000000000000e+06
4.402380000000000000e+05
6.659350000000000000e+05
1.455307000000000000e+06
1.471554000000000000e+06
1.229488000000000000e+06
1.230335000000000000e+06
7.572340000000000000e+05
1.194906000000000000e+06
9.545860000000000000e+05
6.334590000000000000e+05
6.370260000000000000e+05
1.242387000000000000e+06
1.736484000000000000e+06
8.982930000000000000e+05
2.162900000000000000e+04
1.762375000000000000e+06
6.778200000000000000e+04
3.846550000000000000e+05
4.554490000000000000e+05
6.768350000000000000e+05
3.315060000000000000e+05
1.450419000000000000e+06
3.831470000000000000e+05
1.765391000000000000e+06
5.382540000000000000e+05
1.342597000000000000e+06
1.556511000000000000e+06
6.982300000000000000e+04
3.877750000000000000e+05
3.781020000000000000e+05
7.458180000000000000e+05
9.543380000000000000e+05
7.021940000000000000e+05
1.711343000000000000e+06
1.416549000000000000e+06
4.756620000000000000e+05
8.434000000000000000e+03
1.127800000000000000e+04
2.174910000000000000e+05
1.293564000000000000e+06
1.218432000000000000e+06
3.620980000000000000e+05
1.697475000000000000e+06
6.664160000000000000e+05
1.314993000000000000e+06
3.703450000000000000e+05
3.808860000000000000e+05
1.338331000000000000e+06
1.556500000000000000e+04
5.256810000000000000e+05
1.334771000000000000e+06
4.190880000000000000e+05
6.785120000000000000e+05
1.570757000000000000e+06
3.701730000000000000e+05
3.348480000000000000e+05
1.606490000000000000e+06
9.540000000000000000e+05
5.331700000000000000e+05
1.241075000000000000e+06
9.668540000000000000e+05
7.071800000000000000e+05
7.175500000000000000e+05
1.337066000000000000e+06
1.023428000000000000e+06
1.212440000000000000e+06
1.432588000000000000e+06
2.603240000000000000e+05
1.103581000000000000e+06
7.293960000000000000e+05
1.293632000000000000e+06
9.670290000000000000e+05
1.456795000000000000e+06
6.726530000000000000e+05
1.102537000000000000e+06
1.520639000000000000e+06
9.164240000000000000e+05
3.222690000000000000e+05
1.103011000000000000e+06
1.492120000000000000e+06
7.265840000000000000e+05
1.363816000000000000e+06
9.160660000000000000e+05
1.356226000000000000e+06
1.772040000000000000e+06
1.812290000000000000e+06
1.843517000000000000e+06
5.797350000000000000e+05
1.442719000000000000e+06
4.952340000000000000e+05
6.690060000000000000e+05
1.451298000000000000e+06
3.001810000000000000e+05
5.325790000000000000e+05
6.757000000000000000e+05
5.043270000000000000e+05
1.330627000000000000e+06
8.791080000000000000e+05
1.824579000000000000e+06
5.427360000000000000e+05
5.397760000000000000e+05
4.948660000000000000e+05
5.350100000000000000e+05
3.877110000000000000e+05
3.560600000000000000e+04
1.598321000000000000e+06
1.224933000000000000e+06
6.843840000000000000e+05
3.419020000000000000e+05
1.317788000000000000e+06
7.255790000000000000e+05
1.331805000000000000e+06
1.762784000000000000e+06
1.666940000000000000e+06
1.212683000000000000e+06
3.030960000000000000e+05
7.245040000000000000e+05
1.081652000000000000e+06
1.346903000000000000e+06
2.623160000000000000e+05
1.560919000000000000e+06
1.294274000000000000e+06
1.324700000000000000e+04
5.528210000000000000e+05
3.230470000000000000e+05
1.260412000000000000e+06
1.061216000000000000e+06
3.680850000000000000e+05
3.706260000000000000e+05
3.458270000000000000e+05
1.320668000000000000e+06
1.317855000000000000e+06
1.154208000000000000e+06
1.210740000000000000e+05
1.706313000000000000e+06
3.181230000000000000e+05
6.152500000000000000e+05
1.005097000000000000e+06
1.514504000000000000e+06
9.357050000000000000e+05
1.345378000000000000e+06
1.522724000000000000e+06
5.054380000000000000e+05
1.338241000000000000e+06
8.989030000000000000e+05
1.879900000000000000e+04
7.607400000000000000e+05
1.140985000000000000e+06
7.192880000000000000e+05
3.684000000000000000e+03
1.511443000000000000e+06
1.418885000000000000e+06
1.585542000000000000e+06
1.458825000000000000e+06
5.010590000000000000e+05
6.704500000000000000e+04
4.260200000000000000e+05
1.758570000000000000e+06
1.323037000000000000e+06
1.141900000000000000e+04
3.146010000000000000e+05
1.058572000000000000e+06
1.204610000000000000e+05
9.372960000000000000e+05
1.592000000000000000e+03
1.386190000000000000e+05
1.235424000000000000e+06
4.947770000000000000e+05
6.602450000000000000e+05
6.626430000000000000e+05
1.349696000000000000e+06
3.669080000000000000e+05
1.450041000000000000e+06
1.242349000000000000e+06
6.750910000000000000e+05
1.856070000000000000e+05
2.147400000000000000e+04
3.707600000000000000e+05
1.488575000000000000e+06
1.319579000000000000e+06
5.065210000000000000e+05
1.721400000000000000e+04
7.718760000000000000e+05
5.171270000000000000e+05
3.794100000000000000e+05
1.617400000000000000e+04
9.941180000000000000e+05
1.576192000000000000e+06
3.649650000000000000e+05
3.244300000000000000e+05
1.055496000000000000e+06
1.428766000000000000e+06
1.012333000000000000e+06
1.445839000000000000e+06
5.067320000000000000e+05
9.366510000000000000e+05
5.771900000000000000e+05
1.852700000000000000e+04
1.369238000000000000e+06
1.114589000000000000e+06
7.444940000000000000e+05
1.151719000000000000e+06
9.724530000000000000e+05
1.323083000000000000e+06
1.850762000000000000e+06
5.561260000000000000e+05
1.367222000000000000e+06
2.174350000000000000e+05
2.818580000000000000e+05
7.180410000000000000e+05
1.081907000000000000e+06
1.329223000000000000e+06
1.028025000000000000e+06
1.100336000000000000e+06
3.517410000000000000e+05
7.171610000000000000e+05
3.262680000000000000e+05
6.757110000000000000e+05
1.370709000000000000e+06
3.883800000000000000e+05
1.357099000000000000e+06
9.981000000000000000e+03
1.491324000000000000e+06
2.486880000000000000e+05
3.695750000000000000e+05
3.706340000000000000e+05
3.364820000000000000e+05
7.602040000000000000e+05
1.671952000000000000e+06
1.611018000000000000e+06
7.315330000000000000e+05
7.397910000000000000e+05
2.006590000000000000e+05
1.428345000000000000e+06
8.125470000000000000e+05
8.495330000000000000e+05
1.074700000000000000e+04
3.761610000000000000e+05
8.053400000000000000e+04
1.061126000000000000e+06
4.877150000000000000e+05
5.566640000000000000e+05
4.886840000000000000e+05
1.327129000000000000e+06
4.960700000000000000e+05
3.059270000000000000e+05
9.002780000000000000e+05
9.183450000000000000e+05
1.120014000000000000e+06
1.446370000000000000e+06
1.206323000000000000e+06
1.308696000000000000e+06
7.682970000000000000e+05
5.337670000000000000e+05
6.391010000000000000e+05
1.086191000000000000e+06
1.055390000000000000e+06
9.122820000000000000e+05
5.754470000000000000e+05
1.427762000000000000e+06
5.175090000000000000e+05
3.145470000000000000e+05
5.199860000000000000e+05
1.100411000000000000e+06
7.655560000000000000e+05
5.201880000000000000e+05
1.043246000000000000e+06
1.085955000000000000e+06
1.847059000000000000e+06
2.306100000000000000e+04
7.151230000000000000e+05
1.368509000000000000e+06
2.622990000000000000e+05
1.319232000000000000e+06
1.698124000000000000e+06
9.600000000000000000e+03
9.143130000000000000e+05
5.943850000000000000e+05
1.930590000000000000e+05
6.066650000000000000e+05
3.902670000000000000e+05
1.586090000000000000e+05
1.800250000000000000e+06
5.301910000000000000e+05
4.211560000000000000e+05
1.222296000000000000e+06
6.943270000000000000e+05
1.298750000000000000e+06
9.356970000000000000e+05
1.353734000000000000e+06
7.657510000000000000e+05
5.535230000000000000e+05
7.372310000000000000e+05
8.105000000000000000e+03
1.612300000000000000e+04
1.150632000000000000e+06
1.496452000000000000e+06
1.023665000000000000e+06
2.225600000000000000e+04
1.347271000000000000e+06
7.411880000000000000e+05
1.260928000000000000e+06
1.472348000000000000e+06
3.906440000000000000e+05
5.293760000000000000e+05
5.532260000000000000e+05
1.711791000000000000e+06
6.970350000000000000e+05
3.886620000000000000e+05
1.213479000000000000e+06
9.519450000000000000e+05
1.378062000000000000e+06
6.329620000000000000e+05
1.270736000000000000e+06
1.616521000000000000e+06
2.974970000000000000e+05
1.109243000000000000e+06
3.663900000000000000e+05
9.315450000000000000e+05
1.433702000000000000e+06
9.723000000000000000e+03
1.234535000000000000e+06
1.569454000000000000e+06
5.458480000000000000e+05
5.208660000000000000e+05
1.821726000000000000e+06
4.391220000000000000e+05
3.030240000000000000e+05
1.426501000000000000e+06
1.509775000000000000e+06
5.569030000000000000e+05
1.478322000000000000e+06
7.674970000000000000e+05
6.769670000000000000e+05
9.644010000000000000e+05
1.225096000000000000e+06
1.330095000000000000e+06
8.985050000000000000e+05
1.380427000000000000e+06
1.064353000000000000e+06
6.889000000000000000e+03
5.037410000000000000e+05
1.247540000000000000e+06
1.357870000000000000e+06
9.174690000000000000e+05
1.826168000000000000e+06
1.225041000000000000e+06
5.566130000000000000e+05
1.214274000000000000e+06
1.608937000000000000e+06
1.353079000000000000e+06
1.711069000000000000e+06
1.045105000000000000e+06
3.008120000000000000e+05
3.881950000000000000e+05
1.312111000000000000e+06
6.701200000000000000e+05
5.303330000000000000e+05
1.492747000000000000e+06
1.706235000000000000e+06
3.755190000000000000e+05
1.797976000000000000e+06
4.553440000000000000e+05
1.076998000000000000e+06
1.294737000000000000e+06
5.199610000000000000e+05
1.909770000000000000e+05
1.233312000000000000e+06
1.682974000000000000e+06
3.763230000000000000e+05
7.000180000000000000e+05
1.629525000000000000e+06
4.341600000000000000e+05
1.517100000000000000e+04
1.208515000000000000e+06
1.432107000000000000e+06
7.057400000000000000e+05
1.440460000000000000e+06
6.926420000000000000e+05
1.748590000000000000e+06
1.366631000000000000e+06
3.875820000000000000e+05
5.848190000000000000e+05
1.631327000000000000e+06
9.213200000000000000e+05
1.629106000000000000e+06
1.451225000000000000e+06
2.496570000000000000e+05
7.196690000000000000e+05
4.055550000000000000e+05
1.261655000000000000e+06
1.570236000000000000e+06
3.665200000000000000e+05
1.916090000000000000e+05
1.817955000000000000e+06
5.366630000000000000e+05
2.026770000000000000e+05
1.991090000000000000e+05
4.190300000000000000e+04
3.268120000000000000e+05
1.496948000000000000e+06
1.574542000000000000e+06
2.638780000000000000e+05
5.394620000000000000e+05
1.332911000000000000e+06
1.548110000000000000e+05
1.213638000000000000e+06
1.155028000000000000e+06
1.059344000000000000e+06
1.365641000000000000e+06
3.214650000000000000e+05
1.444217000000000000e+06
1.586197000000000000e+06
6.616840000000000000e+05
2.544600000000000000e+05
1.204716000000000000e+06
1.592283000000000000e+06
1.434295000000000000e+06
1.114511000000000000e+06
3.704350000000000000e+05
5.168150000000000000e+05
7.497700000000000000e+04
1.554449000000000000e+06
1.225404000000000000e+06
5.815440000000000000e+05
5.204000000000000000e+05
7.051140000000000000e+05
8.964270000000000000e+05
5.993330000000000000e+05
3.822020000000000000e+05
4.397490000000000000e+05
9.411150000000000000e+05
5.276230000000000000e+05
1.643170000000000000e+05
2.977620000000000000e+05
1.202669000000000000e+06
2.420450000000000000e+05
1.182542000000000000e+06
1.300642000000000000e+06
3.774300000000000000e+05
1.492040000000000000e+06
4.949480000000000000e+05
1.379547000000000000e+06
1.045915000000000000e+06
1.589430000000000000e+05
1.653030000000000000e+05
1.657851000000000000e+06
1.084320000000000000e+06
1.320244000000000000e+06
4.937030000000000000e+05
1.376176000000000000e+06
8.780070000000000000e+05
1.714780000000000000e+05
1.793700000000000000e+04
4.639500000000000000e+05
3.711540000000000000e+05
9.563700000000000000e+05
3.887830000000000000e+05
1.206492000000000000e+06
1.828501000000000000e+06
9.166060000000000000e+05
7.354210000000000000e+05
3.142120000000000000e+05
7.606720000000000000e+05
1.465437000000000000e+06
4.597240000000000000e+05
9.276790000000000000e+05
6.699840000000000000e+05
6.372680000000000000e+05
1.472045000000000000e+06
1.593851000000000000e+06
1.512041000000000000e+06
5.452700000000000000e+05
1.347393000000000000e+06
1.299510000000000000e+06
1.490973000000000000e+06
1.365391000000000000e+06
3.297270000000000000e+05
1.744309000000000000e+06
3.406280000000000000e+05
1.336570000000000000e+06
1.085352000000000000e+06
1.136058000000000000e+06
1.292956000000000000e+06
3.763000000000000000e+05
9.145550000000000000e+05
1.827785000000000000e+06
1.840926000000000000e+06
1.576948000000000000e+06
3.295010000000000000e+05
1.662277000000000000e+06
3.273280000000000000e+05
1.059500000000000000e+04
8.994990000000000000e+05
1.885560000000000000e+05
1.112330000000000000e+05
7.073430000000000000e+05
2.128300000000000000e+05
1.231013000000000000e+06
7.182970000000000000e+05
6.285120000000000000e+05
1.746559000000000000e+06
8.004000000000000000e+03
1.131109000000000000e+06
3.730340000000000000e+05
3.191500000000000000e+05
1.190675000000000000e+06
2.314900000000000000e+04
3.818230000000000000e+05
9.807460000000000000e+05
6.695690000000000000e+05
5.856250000000000000e+05
1.255183000000000000e+06
2.464590000000000000e+05
5.746420000000000000e+05
1.587606000000000000e+06
1.448215000000000000e+06
3.240470000000000000e+05
1.366705000000000000e+06
1.261862000000000000e+06
7.158360000000000000e+05
1.744808000000000000e+06
2.988640000000000000e+05
1.118079000000000000e+06
3.263400000000000000e+05
1.516204000000000000e+06
1.944100000000000000e+05
2.476580000000000000e+05
1.457592000000000000e+06
1.158136000000000000e+06
1.451016000000000000e+06
1.250354000000000000e+06
1.247931000000000000e+06
3.223180000000000000e+05
1.239591000000000000e+06
1.525325000000000000e+06
1.236410000000000000e+06
5.233860000000000000e+05
4.274360000000000000e+05
5.302440000000000000e+05
1.045458000000000000e+06
1.626400000000000000e+04
3.157260000000000000e+05
1.320992000000000000e+06
3.142810000000000000e+05
3.886550000000000000e+05
1.434619000000000000e+06
4.869200000000000000e+05
1.121077000000000000e+06
5.517250000000000000e+05
1.251626000000000000e+06
3.018240000000000000e+05
4.257170000000000000e+05
1.045700000000000000e+05
1.761045000000000000e+06
5.351710000000000000e+05
1.533940000000000000e+06
3.730850000000000000e+05
2.166500000000000000e+04
1.752564000000000000e+06
5.392290000000000000e+05
7.352260000000000000e+05
1.192322000000000000e+06
1.510803000000000000e+06
9.373410000000000000e+05
4.307490000000000000e+05
1.698060000000000000e+06
1.320939000000000000e+06
1.662485000000000000e+06
3.171140000000000000e+05
1.027553000000000000e+06
1.024299000000000000e+06
9.360520000000000000e+05
2.675190000000000000e+05
6.988900000000000000e+05
4.504330000000000000e+05
1.761556000000000000e+06
4.379700000000000000e+05
3.387100000000000000e+05
4.568380000000000000e+05
4.752850000000000000e+05
6.945300000000000000e+05
4.255400000000000000e+05
1.400087000000000000e+06
2.044620000000000000e+05
1.537257000000000000e+06
2.134220000000000000e+05
1.324353000000000000e+06
1.522377000000000000e+06
1.379839000000000000e+06
1.681436000000000000e+06
5.558620000000000000e+05
1.494607000000000000e+06
1.247228000000000000e+06
1.253347000000000000e+06
1.492017000000000000e+06
1.052050000000000000e+05
1.230301000000000000e+06
1.685579000000000000e+06
1.053212000000000000e+06
1.315924000000000000e+06
4.350170000000000000e+05
8.694830000000000000e+05
1.820558000000000000e+06
1.320231000000000000e+06
5.370160000000000000e+05
1.160115000000000000e+06
1.074173000000000000e+06
5.207420000000000000e+05
8.961230000000000000e+05
1.043050000000000000e+06
3.461050000000000000e+05
1.251102000000000000e+06
1.756271000000000000e+06
8.714490000000000000e+05
1.140897000000000000e+06
3.215890000000000000e+05
1.833050000000000000e+05
1.224343000000000000e+06
1.320665000000000000e+06
2.511750000000000000e+05
4.420820000000000000e+05
8.862420000000000000e+05
1.056997000000000000e+06
1.380637000000000000e+06
1.629472000000000000e+06
2.307990000000000000e+05
1.257974000000000000e+06
1.319229000000000000e+06
1.526179000000000000e+06
1.225385000000000000e+06
1.811870000000000000e+05
5.327170000000000000e+05
2.083600000000000000e+05
1.114971000000000000e+06
1.369508000000000000e+06
1.260780000000000000e+05
5.846710000000000000e+05
1.677550000000000000e+05
1.329491000000000000e+06
1.353103000000000000e+06
1.102936000000000000e+06
1.255114000000000000e+06
4.430000000000000000e+02
1.450743000000000000e+06
1.256593000000000000e+06
3.005340000000000000e+05
1.431085000000000000e+06
1.760645000000000000e+06
1.518591000000000000e+06
3.786560000000000000e+05
1.254642000000000000e+06
2.124340000000000000e+05
1.810680000000000000e+05
1.416271000000000000e+06
5.567690000000000000e+05
1.398872000000000000e+06
8.792520000000000000e+05
4.698510000000000000e+05
1.073594000000000000e+06
5.602570000000000000e+05
1.370509000000000000e+06
1.606395000000000000e+06
1.665916000000000000e+06
1.477659000000000000e+06
1.296846000000000000e+06
1.435589000000000000e+06
7.042130000000000000e+05
3.888460000000000000e+05
1.608031000000000000e+06
8.968000000000000000e+03
7.184620000000000000e+05
6.646140000000000000e+05
1.323845000000000000e+06
1.506743000000000000e+06
5.303140000000000000e+05
3.995000000000000000e+03
1.280735000000000000e+06
4.218560000000000000e+05
1.571092000000000000e+06
1.419700000000000000e+05
1.031619000000000000e+06
2.459300000000000000e+05
9.543650000000000000e+05
1.279288000000000000e+06
1.217699000000000000e+06
1.755221000000000000e+06
6.240140000000000000e+05
3.295730000000000000e+05
4.421470000000000000e+05
9.409020000000000000e+05
1.011029000000000000e+06
6.667340000000000000e+05
1.702922000000000000e+06
1.339795000000000000e+06
6.183460000000000000e+05
2.494760000000000000e+05
1.712896000000000000e+06
5.766880000000000000e+05
9.132010000000000000e+05
1.869200000000000000e+05
1.378593000000000000e+06
1.300593000000000000e+06
1.338368000000000000e+06
9.932270000000000000e+05
1.320776000000000000e+06
8.063800000000000000e+04
5.272160000000000000e+05
1.562289000000000000e+06
1.063363000000000000e+06
2.117420000000000000e+05
5.356950000000000000e+05
7.027080000000000000e+05
1.207714000000000000e+06
7.208240000000000000e+05
7.242900000000000000e+05
1.248288000000000000e+06
1.628074000000000000e+06
1.825100000000000000e+06
3.668660000000000000e+05
1.096526000000000000e+06
3.667520000000000000e+05
3.820040000000000000e+05
2.233900000000000000e+05
1.049361000000000000e+06
1.661896000000000000e+06
1.734320000000000000e+06
5.127070000000000000e+05
1.281925000000000000e+06
2.865650000000000000e+05
1.693976000000000000e+06
5.868730000000000000e+05
3.705550000000000000e+05
1.146110000000000000e+05
1.841200000000000000e+04
1.673517000000000000e+06
9.175540000000000000e+05
8.335150000000000000e+05
8.003340000000000000e+05
8.629310000000000000e+05
7.336360000000000000e+05
1.230784000000000000e+06
1.029975000000000000e+06
4.860420000000000000e+05
1.320658000000000000e+06
1.300911000000000000e+06
1.471828000000000000e+06
3.282940000000000000e+05
1.262662000000000000e+06
3.492250000000000000e+05
1.147229000000000000e+06
1.204150000000000000e+05
4.359540000000000000e+05
1.420374000000000000e+06
1.154604000000000000e+06
3.787170000000000000e+05
1.088938000000000000e+06
1.324816000000000000e+06
3.716240000000000000e+05
5.525780000000000000e+05
1.366330000000000000e+06
1.268300000000000000e+06
1.759171000000000000e+06
6.954480000000000000e+05
1.295755000000000000e+06
1.203205000000000000e+06
1.716400000000000000e+04
1.228502000000000000e+06
7.194320000000000000e+05
1.156383000000000000e+06
1.149606000000000000e+06
1.203950000000000000e+05
8.765550000000000000e+05
1.437543000000000000e+06
1.350507000000000000e+06
1.452790000000000000e+06
7.106340000000000000e+05
5.699870000000000000e+05
3.705190000000000000e+05
1.715230000000000000e+06
1.363495000000000000e+06
9.765600000000000000e+04
7.380000000000000000e+03
1.342654000000000000e+06
3.014250000000000000e+05
1.560768000000000000e+06
1.236302000000000000e+06
5.145530000000000000e+05
1.390470000000000000e+05
2.969410000000000000e+05
1.035010000000000000e+05
1.527268000000000000e+06
1.547745000000000000e+06
9.158460000000000000e+05
6.635000000000000000e+03
1.620183000000000000e+06
1.767418000000000000e+06
1.657100000000000000e+04
7.067620000000000000e+05
6.823510000000000000e+05
1.140973000000000000e+06
1.758030000000000000e+06
4.685240000000000000e+05
1.785865000000000000e+06
4.038130000000000000e+05
1.157238000000000000e+06
5.176100000000000000e+05
3.151110000000000000e+05
1.595330000000000000e+05
1.402981000000000000e+06
1.616105000000000000e+06
8.936420000000000000e+05
1.325169000000000000e+06
1.294843000000000000e+06
1.744128000000000000e+06
7.711590000000000000e+05
5.246010000000000000e+05
1.322107000000000000e+06
2.981170000000000000e+05
6.262400000000000000e+05
1.380630000000000000e+06
5.175250000000000000e+05
1.087741000000000000e+06
2.295700000000000000e+04
3.788030000000000000e+05
4.002840000000000000e+05
6.958960000000000000e+05
1.332400000000000000e+04
2.010420000000000000e+05
1.059026000000000000e+06
8.970700000000000000e+04
5.324830000000000000e+05
1.760634000000000000e+06
1.523195000000000000e+06
1.058638000000000000e+06
3.343100000000000000e+05
6.839440000000000000e+05
1.205403000000000000e+06
1.720432000000000000e+06
2.476700000000000000e+04
9.309360000000000000e+05
3.772330000000000000e+05
1.568976000000000000e+06
1.268880000000000000e+06
1.296800000000000000e+06
1.323455000000000000e+06
4.031930000000000000e+05
8.307420000000000000e+05
7.205980000000000000e+05
3.375580000000000000e+05
1.713339000000000000e+06
3.264910000000000000e+05
1.309849000000000000e+06
1.385738000000000000e+06
2.854940000000000000e+05
1.281022000000000000e+06
6.205030000000000000e+05
1.485494000000000000e+06
1.469794000000000000e+06
3.788640000000000000e+05
1.826794000000000000e+06
2.009880000000000000e+05
3.441120000000000000e+05
1.268045000000000000e+06
1.151485000000000000e+06
1.290200000000000000e+04
1.094425000000000000e+06
1.201396000000000000e+06
6.127140000000000000e+05
1.667530000000000000e+05
1.478630000000000000e+06
1.439991000000000000e+06
1.496977000000000000e+06
6.719080000000000000e+05
1.351867000000000000e+06
1.369170000000000000e+06
1.699917000000000000e+06
3.562660000000000000e+05
1.108230000000000000e+05
5.528000000000000000e+05
7.188280000000000000e+05
3.886200000000000000e+05
6.684910000000000000e+05
9.127490000000000000e+05
1.148313000000000000e+06
1.452465000000000000e+06
1.026326000000000000e+06
1.055507000000000000e+06
1.371976000000000000e+06
5.594180000000000000e+05
7.360330000000000000e+05
6.842590000000000000e+05
2.487280000000000000e+05
1.762335000000000000e+06
3.237030000000000000e+05
5.788780000000000000e+05
3.021190000000000000e+05
9.266800000000000000e+05
5.219340000000000000e+05
5.617130000000000000e+05
1.274447000000000000e+06
1.567371000000000000e+06
1.253034000000000000e+06
1.822395000000000000e+06
1.343373000000000000e+06
1.268063000000000000e+06
1.568458000000000000e+06
1.641160000000000000e+05
1.738788000000000000e+06
1.028771000000000000e+06
9.157500000000000000e+05
1.492431000000000000e+06
1.621707000000000000e+06
2.851350000000000000e+05
1.338067000000000000e+06
1.744819000000000000e+06
4.430500000000000000e+04
1.062827000000000000e+06
3.653020000000000000e+05
1.457166000000000000e+06
1.333761000000000000e+06
7.208150000000000000e+05
1.322448000000000000e+06
1.518748000000000000e+06
3.153750000000000000e+05
1.158020000000000000e+06
3.625500000000000000e+05
9.526550000000000000e+05
1.552050000000000000e+05
1.999560000000000000e+05
9.058810000000000000e+05
3.238500000000000000e+05
1.537544000000000000e+06
7.603260000000000000e+05
1.442612000000000000e+06
1.458319000000000000e+06
2.009310000000000000e+05
6.178860000000000000e+05
1.520447000000000000e+06
1.144049000000000000e+06
1.295399000000000000e+06
1.709319000000000000e+06
4.034310000000000000e+05
1.145717000000000000e+06
3.863970000000000000e+05
1.761914000000000000e+06
1.510205000000000000e+06
1.143649000000000000e+06
1.429212000000000000e+06
6.146620000000000000e+05
1.788389000000000000e+06
1.356317000000000000e+06
1.023791000000000000e+06
3.530740000000000000e+05
4.574830000000000000e+05
8.255300000000000000e+04
3.199110000000000000e+05
6.553130000000000000e+05
1.225564000000000000e+06
3.538250000000000000e+05
5.701980000000000000e+05
1.074418000000000000e+06
1.683737000000000000e+06
1.644641000000000000e+06
1.316809000000000000e+06
1.400662000000000000e+06
6.979430000000000000e+05
1.584462000000000000e+06
2.196900000000000000e+04
1.451243000000000000e+06
3.399710000000000000e+05
1.548247000000000000e+06
6.839700000000000000e+04
1.494733000000000000e+06
8.186220000000000000e+05
1.771693000000000000e+06
1.837113000000000000e+06
1.425471000000000000e+06
1.226146000000000000e+06
1.081866000000000000e+06
1.272018000000000000e+06
5.734450000000000000e+05
1.432304000000000000e+06
5.251020000000000000e+05
1.320106000000000000e+06
1.456760000000000000e+06
3.121740000000000000e+05
1.591644000000000000e+06
1.030206000000000000e+06
3.289040000000000000e+05
1.206603000000000000e+06
6.664750000000000000e+05
1.762388000000000000e+06
1.320374000000000000e+06
5.840340000000000000e+05
6.706460000000000000e+05
1.232352000000000000e+06
1.694900000000000000e+04
6.264050000000000000e+05
4.982370000000000000e+05
1.768084000000000000e+06
6.609750000000000000e+05
6.980080000000000000e+05
1.224616000000000000e+06
5.255680000000000000e+05
3.869500000000000000e+04
1.571308000000000000e+06
2.234000000000000000e+03
6.396940000000000000e+05
8.242000000000000000e+03
2.247050000000000000e+05
3.541210000000000000e+05
1.633110000000000000e+06
1.679686000000000000e+06
1.851005000000000000e+06
2.784430000000000000e+05
1.230661000000000000e+06
3.717430000000000000e+05
1.439501000000000000e+06
1.517364000000000000e+06
1.028024000000000000e+06
2.159000000000000000e+04
1.066448000000000000e+06
5.443820000000000000e+05
1.451115000000000000e+06
1.346002000000000000e+06
1.673531000000000000e+06
1.134081000000000000e+06
7.205770000000000000e+05
1.656833000000000000e+06
1.849700000000000000e+04
9.150910000000000000e+05
4.431870000000000000e+05
1.809800000000000000e+06
5.189010000000000000e+05
1.277851000000000000e+06
1.848776000000000000e+06
5.660510000000000000e+05
1.227164000000000000e+06
1.066732000000000000e+06
7.015450000000000000e+05
3.170620000000000000e+05
1.682870000000000000e+05
1.248377000000000000e+06
4.832130000000000000e+05
1.111383000000000000e+06
3.236660000000000000e+05
1.451342000000000000e+06
1.018439000000000000e+06
2.515400000000000000e+04
1.238912000000000000e+06
1.615045000000000000e+06
3.500980000000000000e+05
1.755499000000000000e+06
1.478860000000000000e+05
1.582699000000000000e+06
2.875430000000000000e+05
8.977480000000000000e+05
1.829621000000000000e+06
4.781330000000000000e+05
1.956200000000000000e+05
5.231870000000000000e+05
1.207450000000000000e+05
1.378357000000000000e+06
6.600780000000000000e+05
5.771200000000000000e+05
7.634340000000000000e+05
1.844983000000000000e+06
1.367662000000000000e+06
1.845510000000000000e+06
6.298400000000000000e+04
1.139353000000000000e+06
1.383512000000000000e+06
5.659140000000000000e+05
2.056980000000000000e+05
7.281410000000000000e+05
9.535280000000000000e+05
1.510067000000000000e+06
1.544480000000000000e+06
9.294500000000000000e+05
1.548364000000000000e+06
5.207630000000000000e+05
1.757453000000000000e+06
7.197960000000000000e+05
1.248556000000000000e+06
3.028660000000000000e+05
1.612960000000000000e+05
1.003377000000000000e+06
1.490933000000000000e+06
1.082735000000000000e+06
6.891040000000000000e+05
5.173220000000000000e+05
4.613990000000000000e+05
7.986000000000000000e+03
2.217200000000000000e+04
4.280300000000000000e+05
1.513345000000000000e+06
1.832683000000000000e+06
2.946470000000000000e+05
6.885960000000000000e+05
1.206906000000000000e+06
4.692240000000000000e+05
1.616450000000000000e+06
1.380367000000000000e+06
1.671035000000000000e+06
1.673976000000000000e+06
1.095387000000000000e+06
7.537380000000000000e+05
9.313040000000000000e+05
1.237267000000000000e+06
1.241573000000000000e+06
1.664057000000000000e+06
1.509447000000000000e+06
1.569449000000000000e+06
1.250662000000000000e+06
5.734410000000000000e+05
4.757460000000000000e+05
6.663530000000000000e+05
1.803670000000000000e+06
1.112102000000000000e+06
5.917690000000000000e+05
1.115669000000000000e+06
3.267600000000000000e+05
8.984040000000000000e+05
3.635000000000000000e+05
2.619910000000000000e+05
1.218029000000000000e+06
1.488682000000000000e+06
2.488400000000000000e+05
3.813050000000000000e+05
9.054000000000000000e+03
1.078030000000000000e+05
1.161840000000000000e+06
7.136520000000000000e+05
4.977360000000000000e+05
1.588276000000000000e+06
1.093290000000000000e+05
4.538490000000000000e+05
1.784940000000000000e+05
1.714869000000000000e+06
1.787910000000000000e+05
1.279439000000000000e+06
5.602710000000000000e+05
6.559120000000000000e+05
8.484000000000000000e+03
2.985160000000000000e+05
1.356789000000000000e+06
5.344380000000000000e+05
1.461175000000000000e+06
1.485397000000000000e+06
1.889750000000000000e+05
6.685780000000000000e+05
5.796300000000000000e+05
5.659020000000000000e+05
1.318911000000000000e+06
1.763384000000000000e+06
1.656453000000000000e+06
1.214526000000000000e+06
4.243450000000000000e+05
1.720177000000000000e+06
3.748200000000000000e+05
1.069461000000000000e+06
1.920940000000000000e+05
6.578170000000000000e+05
1.247858000000000000e+06
1.219092000000000000e+06
1.085100000000000000e+04
1.239146000000000000e+06
1.324022000000000000e+06
4.877630000000000000e+05
1.565397000000000000e+06
2.308620000000000000e+05
1.358681000000000000e+06
1.069441000000000000e+06
1.441326000000000000e+06
4.491970000000000000e+05
1.266506000000000000e+06
1.758347000000000000e+06
1.659597000000000000e+06
1.106851000000000000e+06
6.634850000000000000e+05
1.381670000000000000e+06
1.447944000000000000e+06
4.640070000000000000e+05
3.058220000000000000e+05
1.261329000000000000e+06
1.692155000000000000e+06
5.003970000000000000e+05
1.953440000000000000e+05
1.017360000000000000e+06
1.543710000000000000e+06
1.756212000000000000e+06
6.890460000000000000e+05
1.385419000000000000e+06
1.160059000000000000e+06
5.171420000000000000e+05
1.219357000000000000e+06
5.120910000000000000e+05
1.382719000000000000e+06
1.383985000000000000e+06
5.796080000000000000e+05
5.358500000000000000e+04
8.052900000000000000e+04
5.297500000000000000e+04
9.471320000000000000e+05
1.294750000000000000e+06
2.977940000000000000e+05
1.506936000000000000e+06
1.120270000000000000e+06
5.572310000000000000e+05
1.292319000000000000e+06
6.956040000000000000e+05
7.045650000000000000e+05
1.452299000000000000e+06
1.714333000000000000e+06
6.851670000000000000e+05
7.318140000000000000e+05
1.767540000000000000e+06
9.148180000000000000e+05
1.721339000000000000e+06
2.287800000000000000e+04
1.161666000000000000e+06
1.632653000000000000e+06
1.450423000000000000e+06
4.914930000000000000e+05
1.404792000000000000e+06
1.445525000000000000e+06
1.514519000000000000e+06
1.727294000000000000e+06
5.231420000000000000e+05
5.034250000000000000e+05
8.677810000000000000e+05
9.840000000000000000e+02
1.223661000000000000e+06
5.702060000000000000e+05
1.694588000000000000e+06
1.277958000000000000e+06
1.028958000000000000e+06
1.431692000000000000e+06
1.192043000000000000e+06
1.426500000000000000e+06
2.435200000000000000e+05
1.018562000000000000e+06
8.978470000000000000e+05
6.853280000000000000e+05
1.755626000000000000e+06
5.385070000000000000e+05
6.590290000000000000e+05
4.704330000000000000e+05
9.299420000000000000e+05
6.885630000000000000e+05
1.323778000000000000e+06
7.405450000000000000e+05
1.823692000000000000e+06
3.255080000000000000e+05
1.490306000000000000e+06
7.173840000000000000e+05
7.287880000000000000e+05
6.723130000000000000e+05
1.703364000000000000e+06
1.347376000000000000e+06
1.413247000000000000e+06
3.625780000000000000e+05
1.329996000000000000e+06
3.199910000000000000e+05
1.432561000000000000e+06
5.586170000000000000e+05
1.042139000000000000e+06
1.355670000000000000e+05
1.168180000000000000e+05
5.399960000000000000e+05
1.710952000000000000e+06
1.204318000000000000e+06
1.494758000000000000e+06
5.525000000000000000e+03
3.754850000000000000e+05
7.205420000000000000e+05
1.398498000000000000e+06
1.583590000000000000e+06
5.085100000000000000e+04
2.817200000000000000e+05
1.652894000000000000e+06
1.507159000000000000e+06
6.372080000000000000e+05
8.287500000000000000e+04
1.983040000000000000e+05
7.677550000000000000e+05
6.348880000000000000e+05
6.235300000000000000e+04
1.195780000000000000e+05
1.218109000000000000e+06
5.133700000000000000e+05
1.200223000000000000e+06
1.085050000000000000e+05
3.188300000000000000e+04
3.502200000000000000e+05
5.969210000000000000e+05
7.059570000000000000e+05
7.146770000000000000e+05
6.426570000000000000e+05
1.820700000000000000e+05
3.581080000000000000e+05
1.569934000000000000e+06
5.666390000000000000e+05
1.268538000000000000e+06
7.664370000000000000e+05
1.122973000000000000e+06
1.305833000000000000e+06
7.078500000000000000e+05
1.489974000000000000e+06
2.158100000000000000e+04
1.229149000000000000e+06
8.965900000000000000e+05
1.945190000000000000e+05
6.628060000000000000e+05
6.685870000000000000e+05
1.045123000000000000e+06
9.473710000000000000e+05
1.012420000000000000e+05
9.670360000000000000e+05
6.753500000000000000e+05
3.014560000000000000e+05
1.767631000000000000e+06
6.822100000000000000e+05
1.255802000000000000e+06
1.706328000000000000e+06
1.629000000000000000e+04
3.879080000000000000e+05
4.471520000000000000e+05
1.307935000000000000e+06
9.765640000000000000e+05
6.655220000000000000e+05
6.701910000000000000e+05
4.199230000000000000e+05
1.311780000000000000e+06
1.374091000000000000e+06
1.665120000000000000e+05
1.065447000000000000e+06
1.767354000000000000e+06
6.174580000000000000e+05
1.645536000000000000e+06
5.929080000000000000e+05
1.283823000000000000e+06
1.648907000000000000e+06
1.326957000000000000e+06
1.850804000000000000e+06
3.746770000000000000e+05
3.447890000000000000e+05
5.926690000000000000e+05
3.187230000000000000e+05
2.384900000000000000e+05
6.798280000000000000e+05
1.006295000000000000e+06
1.710034000000000000e+06
3.445290000000000000e+05
1.574886000000000000e+06
9.937730000000000000e+05
1.720274000000000000e+06
1.314673000000000000e+06
6.168200000000000000e+05
5.308180000000000000e+05
1.007858000000000000e+06
1.415505000000000000e+06
1.709830000000000000e+06
8.848090000000000000e+05
3.271070000000000000e+05
5.895540000000000000e+05
5.230100000000000000e+05
5.821970000000000000e+05
1.710776000000000000e+06
5.283630000000000000e+05
1.305390000000000000e+06
7.139450000000000000e+05
1.542268000000000000e+06
1.322400000000000000e+04
1.713532000000000000e+06
1.665639000000000000e+06
2.601800000000000000e+04
1.064757000000000000e+06
4.720960000000000000e+05
6.779370000000000000e+05
1.763596000000000000e+06
3.624070000000000000e+05
6.799750000000000000e+05
1.055556000000000000e+06
1.437255000000000000e+06
8.833900000000000000e+04
4.370360000000000000e+05
7.088520000000000000e+05
6.401400000000000000e+05
8.975140000000000000e+05
1.145164000000000000e+06
1.406570000000000000e+05
1.341617000000000000e+06
6.194050000000000000e+05
1.495019000000000000e+06
1.353865000000000000e+06
1.444941000000000000e+06
1.707200000000000000e+05
6.913200000000000000e+05
1.330827000000000000e+06
9.356820000000000000e+05
1.277670000000000000e+05
1.290010000000000000e+05
1.635949000000000000e+06
6.684290000000000000e+05
1.520452000000000000e+06
1.673442000000000000e+06
1.189761000000000000e+06
1.227812000000000000e+06
1.267568000000000000e+06
1.365253000000000000e+06
5.383430000000000000e+05
2.568330000000000000e+05
3.247440000000000000e+05
1.076601000000000000e+06
1.043914000000000000e+06
6.744430000000000000e+05
1.464701000000000000e+06
7.185850000000000000e+05
1.382104000000000000e+06
1.216367000000000000e+06
1.325024000000000000e+06
5.123840000000000000e+05
1.369683000000000000e+06
1.190790000000000000e+05
1.209970000000000000e+06
1.479175000000000000e+06
1.630050000000000000e+06
1.797941000000000000e+06
1.261846000000000000e+06
2.012780000000000000e+05
6.723430000000000000e+05
1.232027000000000000e+06
1.213995000000000000e+06
1.755710000000000000e+06
1.233956000000000000e+06
1.385932000000000000e+06
1.476200000000000000e+04
1.686240000000000000e+05
1.238795000000000000e+06
1.583090000000000000e+06
3.016150000000000000e+05
1.609755000000000000e+06
1.388047000000000000e+06
1.509931000000000000e+06
5.573790000000000000e+05
1.473833000000000000e+06
6.688570000000000000e+05
1.556152000000000000e+06
1.390294000000000000e+06
1.281685000000000000e+06
3.147440000000000000e+05
1.736225000000000000e+06
1.208120000000000000e+06
7.357600000000000000e+05
1.520028000000000000e+06
1.843845000000000000e+06
1.673400000000000000e+06
1.323876000000000000e+06
1.412357000000000000e+06
1.339318000000000000e+06
1.251819000000000000e+06
5.714760000000000000e+05
3.664150000000000000e+05
1.235625000000000000e+06
1.589400000000000000e+04
1.260652000000000000e+06
1.657969000000000000e+06
1.690128000000000000e+06
1.298921000000000000e+06
1.811826000000000000e+06
4.981770000000000000e+05
1.800253000000000000e+06
8.820830000000000000e+05
8.227850000000000000e+05
1.187293000000000000e+06
1.592850000000000000e+06
1.207152000000000000e+06
4.344730000000000000e+05
2.551330000000000000e+05
1.566687000000000000e+06
4.421180000000000000e+05
1.277700000000000000e+06
1.144075000000000000e+06
5.036550000000000000e+05
1.205526000000000000e+06
6.966330000000000000e+05
9.348400000000000000e+05
1.523263000000000000e+06
1.171107000000000000e+06
1.761953000000000000e+06
1.691691000000000000e+06
7.046020000000000000e+05
1.443841000000000000e+06
1.199542000000000000e+06
1.587001000000000000e+06
6.828960000000000000e+05
1.420025000000000000e+06
8.403820000000000000e+05
8.036700000000000000e+05
3.531940000000000000e+05
1.453412000000000000e+06
8.792400000000000000e+04
6.759890000000000000e+05
3.010750000000000000e+05
9.924550000000000000e+05
4.447410000000000000e+05
5.555050000000000000e+05
1.144098000000000000e+06
5.239650000000000000e+05
7.353810000000000000e+05
2.482220000000000000e+05
1.545747000000000000e+06
1.218328000000000000e+06
5.205420000000000000e+05
3.587810000000000000e+05
1.625547000000000000e+06
7.209560000000000000e+05
2.864870000000000000e+05
4.262120000000000000e+05
1.421303000000000000e+06
2.471970000000000000e+05
1.319145000000000000e+06
3.402930000000000000e+05
1.079620000000000000e+06
1.376252000000000000e+06
1.492667000000000000e+06
1.366278000000000000e+06
1.852023000000000000e+06
1.224130000000000000e+06
1.315850000000000000e+05
1.532205000000000000e+06
1.598474000000000000e+06
1.073777000000000000e+06
6.371910000000000000e+05
1.553663000000000000e+06
1.800203000000000000e+06
1.323831000000000000e+06
1.535000000000000000e+04
1.200730000000000000e+05
1.658030000000000000e+06
4.755610000000000000e+05
1.199304000000000000e+06
3.847530000000000000e+05
1.276754000000000000e+06
1.820356000000000000e+06
6.165220000000000000e+05
6.476580000000000000e+05
6.678690000000000000e+05
7.246670000000000000e+05
5.356070000000000000e+05
1.853162000000000000e+06
1.487635000000000000e+06
1.275864000000000000e+06
3.563110000000000000e+05
1.226056000000000000e+06
7.187780000000000000e+05
1.798010000000000000e+05
5.445780000000000000e+05
6.154720000000000000e+05
4.434000000000000000e+05
2.545110000000000000e+05
2.873410000000000000e+05
1.590286000000000000e+06
1.100284000000000000e+06
3.846460000000000000e+05
1.327500000000000000e+06
1.148747000000000000e+06
6.815540000000000000e+05
1.235255000000000000e+06
4.758710000000000000e+05
1.728200000000000000e+05
1.761050000000000000e+05
1.467063000000000000e+06
1.207430000000000000e+06
1.020520000000000000e+05
1.209342000000000000e+06
6.673670000000000000e+05
1.324949000000000000e+06
1.681938000000000000e+06
1.666982000000000000e+06
1.763111000000000000e+06
5.796330000000000000e+05
1.194631000000000000e+06
5.113920000000000000e+05
1.745542000000000000e+06
2.767100000000000000e+05
1.320949000000000000e+06
1.846421000000000000e+06
1.516671000000000000e+06
1.380330000000000000e+06
1.488077000000000000e+06
3.879590000000000000e+05
1.328506000000000000e+06
1.544818000000000000e+06
9.261280000000000000e+05
2.352700000000000000e+04
1.060067000000000000e+06
6.070530000000000000e+05
7.561800000000000000e+04
1.697367000000000000e+06
5.768680000000000000e+05
1.007728000000000000e+06
5.560890000000000000e+05
1.577314000000000000e+06
1.263676000000000000e+06
4.477000000000000000e+03
1.024000000000000000e+04
1.005230000000000000e+06
6.958060000000000000e+05
9.299110000000000000e+05
7.260370000000000000e+05
8.964830000000000000e+05
4.913910000000000000e+05
2.595740000000000000e+05
3.139530000000000000e+05
3.023830000000000000e+05
1.246666000000000000e+06
3.899320000000000000e+05
1.956130000000000000e+05
1.093670000000000000e+05
6.177190000000000000e+05
3.466790000000000000e+05
1.419505000000000000e+06
1.653656000000000000e+06
6.376670000000000000e+05
1.043481000000000000e+06
1.418299000000000000e+06
3.301700000000000000e+05
3.817570000000000000e+05
1.362923000000000000e+06
6.874900000000000000e+05
8.981290000000000000e+05
1.944840000000000000e+05
1.838194000000000000e+06
1.694246000000000000e+06
2.913560000000000000e+05
5.663590000000000000e+05
1.250317000000000000e+06
1.366035000000000000e+06
1.632294000000000000e+06
3.150750000000000000e+05
4.301260000000000000e+05
7.512000000000000000e+03
4.835560000000000000e+05
3.005000000000000000e+05
1.104190000000000000e+06
1.221702000000000000e+06
1.347571000000000000e+06
1.643644000000000000e+06
2.758320000000000000e+05
5.290710000000000000e+05
1.678617000000000000e+06
1.554286000000000000e+06
1.530549000000000000e+06
2.770900000000000000e+05
4.536930000000000000e+05
1.548210000000000000e+06
1.013312000000000000e+06
2.621010000000000000e+05
5.365220000000000000e+05
3.895620000000000000e+05
1.144772000000000000e+06
1.328264000000000000e+06
1.326528000000000000e+06
1.152897000000000000e+06
1.211011000000000000e+06
1.554291000000000000e+06
1.589054000000000000e+06
1.207621000000000000e+06
1.449831000000000000e+06
3.360300000000000000e+04
5.582760000000000000e+05
4.692800000000000000e+05
1.638490000000000000e+05
1.331975000000000000e+06
5.244870000000000000e+05
5.261690000000000000e+05
5.572620000000000000e+05
6.574900000000000000e+05
1.789680000000000000e+05
4.626100000000000000e+05
2.338000000000000000e+04
4.889070000000000000e+05
1.812465000000000000e+06
7.489010000000000000e+05
1.060095000000000000e+06
7.191580000000000000e+05
1.255561000000000000e+06
7.285280000000000000e+05
1.661777000000000000e+06
1.647611000000000000e+06
3.224120000000000000e+05
1.324763000000000000e+06
2.301080000000000000e+05
7.049890000000000000e+05
1.268413000000000000e+06
1.556916000000000000e+06
6.780040000000000000e+05
5.910100000000000000e+05
3.888880000000000000e+05
1.320305000000000000e+06
1.082577000000000000e+06
7.359430000000000000e+05
3.259050000000000000e+05
1.557551000000000000e+06
2.496150000000000000e+05
1.711403000000000000e+06
1.594663000000000000e+06
1.331800000000000000e+06
3.101480000000000000e+05
1.626313000000000000e+06
1.074380000000000000e+05
5.552230000000000000e+05
5.252610000000000000e+05
1.753212000000000000e+06
5.139520000000000000e+05
1.137708000000000000e+06
1.882850000000000000e+05
4.567610000000000000e+05
1.710653000000000000e+06
1.092857000000000000e+06
1.241250000000000000e+05
1.489160000000000000e+06
1.840580000000000000e+05
6.147990000000000000e+05
2.001840000000000000e+05
4.617010000000000000e+05
1.140937000000000000e+06
1.151547000000000000e+06
1.043416000000000000e+06
1.485214000000000000e+06
1.364257000000000000e+06
7.170380000000000000e+05
4.952390000000000000e+05
1.295045000000000000e+06
4.566310000000000000e+05
4.360510000000000000e+05
1.982900000000000000e+04
5.630260000000000000e+05
7.070460000000000000e+05
7.029730000000000000e+05
7.291850000000000000e+05
3.561710000000000000e+05
1.022632000000000000e+06
6.235270000000000000e+05
5.859250000000000000e+05
4.269700000000000000e+04
1.064996000000000000e+06
1.650763000000000000e+06
1.823126000000000000e+06
5.519960000000000000e+05
1.125490000000000000e+06
1.770187000000000000e+06
4.258340000000000000e+05
1.248331000000000000e+06
1.429747000000000000e+06
1.655920000000000000e+06
3.420060000000000000e+05
1.593344000000000000e+06
1.382527000000000000e+06
1.372844000000000000e+06
5.663940000000000000e+05
4.411700000000000000e+05
9.224740000000000000e+05
1.088151000000000000e+06
3.877380000000000000e+05
1.567775000000000000e+06
1.692631000000000000e+06
2.971640000000000000e+05
4.079760000000000000e+05
1.561637000000000000e+06
1.162242000000000000e+06
7.286150000000000000e+05
3.782580000000000000e+05
8.965040000000000000e+05
1.596899000000000000e+06
7.267620000000000000e+05
1.425408000000000000e+06
5.229200000000000000e+04
2.593660000000000000e+05
1.317371000000000000e+06
6.833520000000000000e+05
3.606320000000000000e+05
1.345341000000000000e+06
1.457097000000000000e+06
1.319821000000000000e+06
1.461108000000000000e+06
1.204368000000000000e+06
3.654910000000000000e+05
1.431820000000000000e+05
1.030590000000000000e+06
7.027550000000000000e+05
1.981840000000000000e+05
1.415412000000000000e+06
1.779482000000000000e+06
1.666282000000000000e+06
4.806960000000000000e+05
1.096410000000000000e+06
1.494816000000000000e+06
1.676068000000000000e+06
1.383014000000000000e+06
1.457900000000000000e+04
1.567963000000000000e+06
1.941680000000000000e+05
1.213200000000000000e+04
1.137327000000000000e+06
3.935450000000000000e+05
9.263590000000000000e+05
3.792840000000000000e+05
1.322763000000000000e+06
1.477828000000000000e+06
1.456052000000000000e+06
6.566050000000000000e+05
1.355659000000000000e+06
1.232319000000000000e+06
1.228558000000000000e+06
1.471659000000000000e+06
6.761470000000000000e+05
1.806144000000000000e+06
2.960250000000000000e+05
2.333400000000000000e+04
1.738247000000000000e+06
1.323523000000000000e+06
1.649430000000000000e+05
6.957940000000000000e+05
4.742460000000000000e+05
5.752390000000000000e+05
1.151730000000000000e+06
1.034292000000000000e+06
7.321110000000000000e+05
5.592960000000000000e+05
5.589730000000000000e+05
1.084835000000000000e+06
6.777720000000000000e+05
1.728359000000000000e+06
1.693790000000000000e+06
1.335162000000000000e+06
1.228413000000000000e+06
4.285000000000000000e+03
3.997040000000000000e+05
1.225497000000000000e+06
1.424608000000000000e+06
6.270220000000000000e+05
2.495920000000000000e+05
2.319760000000000000e+05
1.069540000000000000e+06
1.327823000000000000e+06
3.280570000000000000e+05
5.250900000000000000e+05
1.344880000000000000e+06
1.151786000000000000e+06
1.330506000000000000e+06
1.807580000000000000e+06
1.535481000000000000e+06
7.262350000000000000e+05
6.694560000000000000e+05
7.355830000000000000e+05
1.299932000000000000e+06
6.348960000000000000e+05
1.840144000000000000e+06
9.786340000000000000e+05
9.513440000000000000e+05
1.380107000000000000e+06
1.260332000000000000e+06
4.721990000000000000e+05
1.199829000000000000e+06
6.486240000000000000e+05
6.715550000000000000e+05
1.399166000000000000e+06
1.241376000000000000e+06
1.754957000000000000e+06
6.777880000000000000e+05
1.274983000000000000e+06
1.710305000000000000e+06
4.748330000000000000e+05
2.578000000000000000e+05
1.456884000000000000e+06
2.256180000000000000e+05
6.648120000000000000e+05
1.257831000000000000e+06
9.897500000000000000e+04
8.160500000000000000e+04
2.115800000000000000e+05
9.542450000000000000e+05
1.707626000000000000e+06
1.459941000000000000e+06
9.340610000000000000e+05
1.346399000000000000e+06
7.229690000000000000e+05
1.389297000000000000e+06
1.524229000000000000e+06
1.329912000000000000e+06
3.368510000000000000e+05
1.998290000000000000e+05
6.788200000000000000e+05
1.458278000000000000e+06
1.440327000000000000e+06
1.945020000000000000e+05
1.953960000000000000e+05
3.738410000000000000e+05
2.480300000000000000e+04
6.573670000000000000e+05
2.820800000000000000e+05
4.440900000000000000e+05
1.919500000000000000e+04
1.278846000000000000e+06
1.166468000000000000e+06
1.594661000000000000e+06
2.809190000000000000e+05
5.980990000000000000e+05
3.143960000000000000e+05
2.007590000000000000e+05
9.346350000000000000e+05
1.175950000000000000e+05
5.205120000000000000e+05
1.632589000000000000e+06
1.366032000000000000e+06
4.132200000000000000e+04
1.329000000000000000e+05
5.959970000000000000e+05
1.357425000000000000e+06
3.770670000000000000e+05
1.779030000000000000e+06
1.242390000000000000e+06
1.219274000000000000e+06
8.891210000000000000e+05
1.534068000000000000e+06
6.040100000000000000e+05
2.067040000000000000e+05
1.127103000000000000e+06
1.365808000000000000e+06
1.465364000000000000e+06
1.294662000000000000e+06
1.205086000000000000e+06
1.229450000000000000e+06
1.635150000000000000e+05
3.769920000000000000e+05
4.011470000000000000e+05
5.302630000000000000e+05
1.626054000000000000e+06
3.011980000000000000e+05
1.084270000000000000e+05
1.154003000000000000e+06
3.503430000000000000e+05
4.674450000000000000e+05
1.346950000000000000e+05
1.544810000000000000e+06
1.635168000000000000e+06
1.323525000000000000e+06
1.008149000000000000e+06
1.817447000000000000e+06
1.519804000000000000e+06
7.680830000000000000e+05
8.409490000000000000e+05
8.034800000000000000e+05
8.759290000000000000e+05
6.493060000000000000e+05
7.353800000000000000e+04
1.826374000000000000e+06
1.770723000000000000e+06
1.565107000000000000e+06
1.186270000000000000e+05
3.490720000000000000e+05
1.421274000000000000e+06
2.986090000000000000e+05
9.314260000000000000e+05
1.087051000000000000e+06
3.871460000000000000e+05
4.302420000000000000e+05
1.537609000000000000e+06
1.372296000000000000e+06
1.094593000000000000e+06
1.158004000000000000e+06
3.787010000000000000e+05
2.144320000000000000e+05
1.643400000000000000e+04
1.192030000000000000e+05
1.526367000000000000e+06
3.731590000000000000e+05
3.232050000000000000e+05
1.074281000000000000e+06
7.494470000000000000e+05
7.538900000000000000e+04
3.770270000000000000e+05
1.366250000000000000e+05
2.620560000000000000e+05
3.015430000000000000e+05
1.557284000000000000e+06
1.706678000000000000e+06
1.711906000000000000e+06
1.126673000000000000e+06
2.614600000000000000e+05
4.665100000000000000e+05
1.277796000000000000e+06
6.179300000000000000e+04
1.207670000000000000e+06
1.836049000000000000e+06
9.718710000000000000e+05
1.967770000000000000e+05
5.791780000000000000e+05
1.328605000000000000e+06
5.601320000000000000e+05
8.959170000000000000e+05
1.188952000000000000e+06
3.774190000000000000e+05
1.385830000000000000e+06
1.466605000000000000e+06
6.810900000000000000e+04
1.249226000000000000e+06
1.259786000000000000e+06
1.319645000000000000e+06
8.926580000000000000e+05
5.457500000000000000e+04
1.282513000000000000e+06
3.509250000000000000e+05
1.592746000000000000e+06
1.517121000000000000e+06
3.581520000000000000e+05
1.331775000000000000e+06
2.018110000000000000e+05
3.273370000000000000e+05
9.352490000000000000e+05
5.648740000000000000e+05
1.215340000000000000e+06
1.783663000000000000e+06
1.547856000000000000e+06
4.608050000000000000e+05
6.226330000000000000e+05
1.160291000000000000e+06
1.545489000000000000e+06
2.681320000000000000e+05
1.843160000000000000e+05
1.867280000000000000e+05
7.615200000000000000e+04
1.567384000000000000e+06
1.735382000000000000e+06
1.670840000000000000e+05
1.064652000000000000e+06
1.142489000000000000e+06
7.233960000000000000e+05
1.000787000000000000e+06
1.651538000000000000e+06
9.206930000000000000e+05
1.366503000000000000e+06
1.718484000000000000e+06
2.966420000000000000e+05
1.284040000000000000e+06
1.257133000000000000e+06
3.539900000000000000e+05
1.386001000000000000e+06
2.706000000000000000e+04
1.058993000000000000e+06
9.311130000000000000e+05
1.712176000000000000e+06
1.646550000000000000e+05
1.378827000000000000e+06
4.376730000000000000e+05
6.950800000000000000e+05
5.993280000000000000e+05
1.003304000000000000e+06
4.535000000000000000e+04
1.456169000000000000e+06
1.256946000000000000e+06
1.756719000000000000e+06
1.206164000000000000e+06
1.580281000000000000e+06
3.090070000000000000e+05
1.187957000000000000e+06
1.267950000000000000e+06
9.317940000000000000e+05
1.227900000000000000e+04
2.298700000000000000e+04
1.544450000000000000e+06
6.816900000000000000e+04
3.827920000000000000e+05
6.757950000000000000e+05
1.573671000000000000e+06
1.396870000000000000e+06
1.298915000000000000e+06
4.883600000000000000e+05
2.220810000000000000e+05
4.296640000000000000e+05
7.260440000000000000e+05
1.087530000000000000e+05
1.333076000000000000e+06
1.701467000000000000e+06
1.621139000000000000e+06
1.465810000000000000e+05
1.763350000000000000e+06
6.181500000000000000e+04
1.847876000000000000e+06
6.801420000000000000e+05
7.063460000000000000e+05
3.781920000000000000e+05
1.254022000000000000e+06
2.423800000000000000e+04
1.491380000000000000e+06
5.776080000000000000e+05
3.887900000000000000e+04
1.776647000000000000e+06
1.501270000000000000e+05
1.158737000000000000e+06
1.803388000000000000e+06
7.150000000000000000e+03
1.843222000000000000e+06
1.296477000000000000e+06
1.137015000000000000e+06
1.056657000000000000e+06
1.274321000000000000e+06
2.485400000000000000e+04
3.968300000000000000e+05
2.602780000000000000e+05
1.581133000000000000e+06
1.761980000000000000e+06
1.766134000000000000e+06
1.061965000000000000e+06
1.843927000000000000e+06
9.375990000000000000e+05
1.597394000000000000e+06
5.621860000000000000e+05
8.963830000000000000e+05
1.592753000000000000e+06
3.025210000000000000e+05
1.555880000000000000e+06
1.633116000000000000e+06
1.426018000000000000e+06
2.718980000000000000e+05
4.559220000000000000e+05
1.176430000000000000e+05
1.824211000000000000e+06
2.663630000000000000e+05
1.699964000000000000e+06
1.226383000000000000e+06
4.912240000000000000e+05
1.356110000000000000e+06
1.598171000000000000e+06
1.303023000000000000e+06
1.886610000000000000e+05
4.388430000000000000e+05
1.479014000000000000e+06
1.144610000000000000e+06
7.000800000000000000e+05
4.906760000000000000e+05
1.319954000000000000e+06
2.554140000000000000e+05
5.832710000000000000e+05
5.172150000000000000e+05
1.846384000000000000e+06
4.155300000000000000e+05
1.534053000000000000e+06
1.491059000000000000e+06
1.376931000000000000e+06
1.468924000000000000e+06
6.096680000000000000e+05
1.383122000000000000e+06
5.467980000000000000e+05
4.340590000000000000e+05
9.011750000000000000e+05
4.666240000000000000e+05
1.092636000000000000e+06
4.860470000000000000e+05
1.276538000000000000e+06
1.771309000000000000e+06
1.477312000000000000e+06
1.243190000000000000e+06
1.363882000000000000e+06
6.858310000000000000e+05
1.261872000000000000e+06
1.473928000000000000e+06
1.712221000000000000e+06
6.005500000000000000e+04
9.315710000000000000e+05
6.150290000000000000e+05
7.707840000000000000e+05
7.956940000000000000e+05
8.491810000000000000e+05
1.478565000000000000e+06
1.768451000000000000e+06
1.459126000000000000e+06
3.140580000000000000e+05
1.633257000000000000e+06
2.855540000000000000e+05
5.160900000000000000e+04
4.958680000000000000e+05
8.564920000000000000e+05
8.124530000000000000e+05
5.342080000000000000e+05
1.322076000000000000e+06
1.548098000000000000e+06
1.843796000000000000e+06
6.156260000000000000e+05
3.032160000000000000e+05
7.014370000000000000e+05
1.380322000000000000e+06
1.631228000000000000e+06
5.753600000000000000e+04
1.834166000000000000e+06
1.303989000000000000e+06
1.637763000000000000e+06
1.266359000000000000e+06
5.941000000000000000e+03
1.102732000000000000e+06
6.483160000000000000e+05
3.673660000000000000e+05
6.319540000000000000e+05
1.334830000000000000e+05
6.846280000000000000e+05
3.857400000000000000e+04
3.229550000000000000e+05
5.282100000000000000e+04
1.490194000000000000e+06
2.728830000000000000e+05
3.560650000000000000e+05
3.329060000000000000e+05
9.364720000000000000e+05
1.614792000000000000e+06
1.215535000000000000e+06
1.770210000000000000e+05
1.999090000000000000e+05
1.544138000000000000e+06
3.976330000000000000e+05
9.079330000000000000e+05
1.672113000000000000e+06
1.825826000000000000e+06
1.235748000000000000e+06
3.538840000000000000e+05
4.562990000000000000e+05
1.565839000000000000e+06
5.021170000000000000e+05
1.289382000000000000e+06
1.629796000000000000e+06
7.291910000000000000e+05
1.569627000000000000e+06
1.012723000000000000e+06
1.441712000000000000e+06
6.735850000000000000e+05
1.166306000000000000e+06
5.775780000000000000e+05
3.299140000000000000e+05
1.379987000000000000e+06
1.350987000000000000e+06
1.523145000000000000e+06
4.210400000000000000e+04
1.353178000000000000e+06
1.457859000000000000e+06
1.242670000000000000e+06
3.031160000000000000e+05
1.024568000000000000e+06
1.686041000000000000e+06
3.826840000000000000e+05
1.461031000000000000e+06
3.797960000000000000e+05
1.159491000000000000e+06
1.330727000000000000e+06
1.472873000000000000e+06
6.466450000000000000e+05
4.207560000000000000e+05
1.348792000000000000e+06
1.349711000000000000e+06
1.343039000000000000e+06
3.022170000000000000e+05
1.114300000000000000e+05
1.259270000000000000e+06
1.276515000000000000e+06
3.513730000000000000e+05
1.465900000000000000e+06
1.610890000000000000e+05
4.918820000000000000e+05
9.247510000000000000e+05
7.457900000000000000e+05
2.060200000000000000e+04
1.625662000000000000e+06
6.375910000000000000e+05
1.743900000000000000e+05
1.181335000000000000e+06
6.167410000000000000e+05
1.222446000000000000e+06
1.509793000000000000e+06
1.198841000000000000e+06
1.555566000000000000e+06
2.854480000000000000e+05
1.756588000000000000e+06
1.846190000000000000e+06
9.010000000000000000e+04
1.354709000000000000e+06
1.365872000000000000e+06
4.638910000000000000e+05
9.634130000000000000e+05
2.185580000000000000e+05
2.543410000000000000e+05
1.222732000000000000e+06
3.524900000000000000e+05
1.640520000000000000e+06
1.425139000000000000e+06
2.009420000000000000e+05
1.706616000000000000e+06
1.516117000000000000e+06
9.274200000000000000e+05
1.220096000000000000e+06
1.373432000000000000e+06
5.234740000000000000e+05
1.491471000000000000e+06
7.236410000000000000e+05
1.350030000000000000e+05
1.588188000000000000e+06
1.999860000000000000e+05
3.516190000000000000e+05
2.657180000000000000e+05
4.657790000000000000e+05
1.227471000000000000e+06
6.770480000000000000e+05
1.205390000000000000e+06
1.538148000000000000e+06
5.132850000000000000e+05
1.279620000000000000e+05
1.530235000000000000e+06
1.473981000000000000e+06
1.194305000000000000e+06
1.161306000000000000e+06
1.252145000000000000e+06
6.199190000000000000e+05
9.976740000000000000e+05
4.162310000000000000e+05
1.793700000000000000e+05
1.242410000000000000e+05
1.851525000000000000e+06
1.799942000000000000e+06
1.541074000000000000e+06
3.942600000000000000e+04
6.413020000000000000e+05
9.936940000000000000e+05
6.174450000000000000e+05
1.160957000000000000e+06
1.688680000000000000e+06
1.450653000000000000e+06
1.304134000000000000e+06
1.364875000000000000e+06
3.244800000000000000e+05
1.818500000000000000e+04
9.299640000000000000e+05
1.663611000000000000e+06
3.715520000000000000e+05
3.922050000000000000e+05
3.505470000000000000e+05
4.453230000000000000e+05
1.630648000000000000e+06
1.159084000000000000e+06
1.484203000000000000e+06
1.268747000000000000e+06
1.269145000000000000e+06
1.466066000000000000e+06
1.306228000000000000e+06
3.878220000000000000e+05
7.048280000000000000e+05
7.198590000000000000e+05
1.324611000000000000e+06
1.414406000000000000e+06
1.946170000000000000e+05
1.710076000000000000e+06
1.694240000000000000e+05
3.273790000000000000e+05
9.647900000000000000e+04
1.665837000000000000e+06
1.275250000000000000e+06
8.685780000000000000e+05
7.797740000000000000e+05
6.162350000000000000e+05
1.778722000000000000e+06
6.592130000000000000e+05
1.709673000000000000e+06
1.148821000000000000e+06
2.285400000000000000e+04
1.834200000000000000e+04
4.627570000000000000e+05
1.617258000000000000e+06
1.646122000000000000e+06
7.666560000000000000e+05
1.453814000000000000e+06
1.456396000000000000e+06
4.769750000000000000e+05
1.623000000000000000e+04
1.395980000000000000e+05
5.137160000000000000e+05
1.232356000000000000e+06
2.748240000000000000e+05
4.434570000000000000e+05
1.360551000000000000e+06
2.247560000000000000e+05
1.568680000000000000e+05
1.673329000000000000e+06
1.123450000000000000e+05
3.858690000000000000e+05
1.116146000000000000e+06
8.953080000000000000e+05
3.901390000000000000e+05
3.738190000000000000e+05
1.345380000000000000e+06
1.541673000000000000e+06
1.415686000000000000e+06
3.775650000000000000e+05
2.441520000000000000e+05
1.104100000000000000e+04
1.139698000000000000e+06
1.651356000000000000e+06
1.085304000000000000e+06
1.073510000000000000e+05
1.441673000000000000e+06
1.802207000000000000e+06
1.554672000000000000e+06
3.824640000000000000e+05
4.672000000000000000e+04
3.168980000000000000e+05
4.227140000000000000e+05
5.823420000000000000e+05
3.539250000000000000e+05
1.756934000000000000e+06
5.593810000000000000e+05
1.320077000000000000e+06
2.056050000000000000e+05
3.265050000000000000e+05
4.956510000000000000e+05
5.609850000000000000e+05
8.002200000000000000e+04
1.531720000000000000e+06
1.777291000000000000e+06
5.984340000000000000e+05
9.481080000000000000e+05
4.321530000000000000e+05
1.828310000000000000e+06
5.143390000000000000e+05
1.682322000000000000e+06
9.208400000000000000e+04
1.256215000000000000e+06
6.971680000000000000e+05
1.757988000000000000e+06
3.441300000000000000e+04
1.209824000000000000e+06
9.167740000000000000e+05
6.592150000000000000e+05
1.981940000000000000e+05
2.295300000000000000e+05
4.581240000000000000e+05
3.919020000000000000e+05
2.622220000000000000e+05
1.145042000000000000e+06
1.714048000000000000e+06
1.831030000000000000e+05
1.450695000000000000e+06
1.081129000000000000e+06
5.798140000000000000e+05
5.208340000000000000e+05
4.912550000000000000e+05
4.600450000000000000e+05
6.368180000000000000e+05
7.223760000000000000e+05
1.241340000000000000e+06
5.986650000000000000e+05
1.812178000000000000e+06
6.563970000000000000e+05
4.124210000000000000e+05
4.886430000000000000e+05
1.718818000000000000e+06
1.834691000000000000e+06
1.023347000000000000e+06
7.065180000000000000e+05
5.335810000000000000e+05
5.988960000000000000e+05
1.323585000000000000e+06
5.408870000000000000e+05
1.392498000000000000e+06
6.673030000000000000e+05
2.821390000000000000e+05
1.246573000000000000e+06
1.390510000000000000e+05
1.364936000000000000e+06
3.688200000000000000e+04
1.037088000000000000e+06
1.157092000000000000e+06
1.621171000000000000e+06
1.796632000000000000e+06
5.803780000000000000e+05
9.379320000000000000e+05
1.533342000000000000e+06
1.334636000000000000e+06
1.477949000000000000e+06
9.355800000000000000e+05
1.657169000000000000e+06
1.636542000000000000e+06
1.543449000000000000e+06
1.225349000000000000e+06
1.337371000000000000e+06
3.294100000000000000e+05
3.649850000000000000e+05
5.150530000000000000e+05
1.103571000000000000e+06
9.340660000000000000e+05
1.365307000000000000e+06
8.023900000000000000e+05
8.537730000000000000e+05
3.785730000000000000e+05
3.886990000000000000e+05
6.230000000000000000e+05
1.630615000000000000e+06
1.000145000000000000e+06
1.209290000000000000e+05
1.269991000000000000e+06
5.962430000000000000e+05
2.909440000000000000e+05
1.415360000000000000e+05
1.116350000000000000e+06
1.250858000000000000e+06
1.253171000000000000e+06
2.941290000000000000e+05
1.234663000000000000e+06
1.692140000000000000e+05
1.356228000000000000e+06
1.467656000000000000e+06
8.953500000000000000e+04
1.450890000000000000e+06
4.179920000000000000e+05
3.731990000000000000e+05
1.161258000000000000e+06
2.855360000000000000e+05
1.350472000000000000e+06
1.378588000000000000e+06
2.375830000000000000e+05
1.418929000000000000e+06
4.410140000000000000e+05
1.973990000000000000e+05
4.390330000000000000e+05
3.001310000000000000e+05
1.751138000000000000e+06
9.500090000000000000e+05
1.431290000000000000e+06
3.251310000000000000e+05
1.338090000000000000e+06
1.701511000000000000e+06
3.887680000000000000e+05
5.346320000000000000e+05
4.610200000000000000e+05
1.415600000000000000e+05
1.476645000000000000e+06
1.427033000000000000e+06
1.813391000000000000e+06
