7.309850000000000000e+05
7.277080000000000000e+05
7.359100000000000000e+05
7.357690000000000000e+05
7.399260000000000000e+05
7.294050000000000000e+05
7.285230000000000000e+05
8.879020000000000000e+05
8.944000000000000000e+05
7.417600000000000000e+04
1.320553000000000000e+06
7.699380000000000000e+05
8.659900000000000000e+05
7.310090000000000000e+05
8.380440000000000000e+05
7.810320000000000000e+05
8.880870000000000000e+05
8.294790000000000000e+05
7.997980000000000000e+05
1.036299000000000000e+06
8.316190000000000000e+05
7.780380000000000000e+05
7.406820000000000000e+05
1.677550000000000000e+05
7.077280000000000000e+05
1.757687000000000000e+06
7.698270000000000000e+05
8.965100000000000000e+05
7.270550000000000000e+05
5.256620000000000000e+05
1.694468000000000000e+06
1.020540000000000000e+06
7.417200000000000000e+04
1.640432000000000000e+06
8.991730000000000000e+05
8.464600000000000000e+05
8.170230000000000000e+05
8.958910000000000000e+05
1.509878000000000000e+06
1.398039000000000000e+06
1.796188000000000000e+06
1.908890000000000000e+05
7.360770000000000000e+05
1.684010000000000000e+06
2.214370000000000000e+05
8.804620000000000000e+05
1.141817000000000000e+06
5.751200000000000000e+05
5.054810000000000000e+05
1.632266000000000000e+06
1.485079000000000000e+06
1.261178000000000000e+06
7.010440000000000000e+05
1.566041000000000000e+06
9.623790000000000000e+05
5.315120000000000000e+05
7.273030000000000000e+05
1.161714000000000000e+06
1.949200000000000000e+04
5.602570000000000000e+05
1.549504000000000000e+06
7.221440000000000000e+05
7.207030000000000000e+05
2.743500000000000000e+05
1.333438000000000000e+06
1.186022000000000000e+06
1.087497000000000000e+06
8.791430000000000000e+05
1.491942000000000000e+06
1.100302000000000000e+06
9.248160000000000000e+05
8.900360000000000000e+05
1.316507000000000000e+06
1.699144000000000000e+06
1.439523000000000000e+06
4.847570000000000000e+05
6.909300000000000000e+04
2.404190000000000000e+05
1.644117000000000000e+06
7.320950000000000000e+05
8.739990000000000000e+05
1.100387000000000000e+06
7.112950000000000000e+05
1.338505000000000000e+06
1.096940000000000000e+06
6.224800000000000000e+04
7.514000000000000000e+03
7.257000000000000000e+05
8.881700000000000000e+04
8.963070000000000000e+05
5.825830000000000000e+05
7.212040000000000000e+05
2.840330000000000000e+05
1.374198000000000000e+06
1.741727000000000000e+06
4.531260000000000000e+05
1.383156000000000000e+06
6.829360000000000000e+05
9.907460000000000000e+05
4.397800000000000000e+05
1.102576000000000000e+06
7.096270000000000000e+05
1.548218000000000000e+06
1.710183000000000000e+06
7.168720000000000000e+05
1.440991000000000000e+06
1.846000000000000000e+04
1.004745000000000000e+06
7.247310000000000000e+05
9.316860000000000000e+05
5.715220000000000000e+05
1.673517000000000000e+06
9.047580000000000000e+05
2.682000000000000000e+04
7.207040000000000000e+05
1.229603000000000000e+06
2.886740000000000000e+05
8.763650000000000000e+05
1.668755000000000000e+06
1.526503000000000000e+06
6.763730000000000000e+05
1.473310000000000000e+06
1.760481000000000000e+06
2.001640000000000000e+05
1.569179000000000000e+06
5.265470000000000000e+05
5.735010000000000000e+05
8.155450000000000000e+05
5.147020000000000000e+05
3.296030000000000000e+05
1.345440000000000000e+05
5.345800000000000000e+04
3.265420000000000000e+05
1.373537000000000000e+06
1.497160000000000000e+05
2.662170000000000000e+05
5.305480000000000000e+05
1.626113000000000000e+06
8.736030000000000000e+05
1.587652000000000000e+06
1.758773000000000000e+06
3.759340000000000000e+05
1.834220000000000000e+06
5.252790000000000000e+05
9.699660000000000000e+05
1.251769000000000000e+06
5.827280000000000000e+05
7.395650000000000000e+05
1.419216000000000000e+06
8.507740000000000000e+05
7.802760000000000000e+05
5.518570000000000000e+05
6.759660000000000000e+05
1.718208000000000000e+06
2.228470000000000000e+05
1.837016000000000000e+06
1.564076000000000000e+06
1.338478000000000000e+06
9.689130000000000000e+05
8.093200000000000000e+04
3.471680000000000000e+05
1.592022000000000000e+06
7.543280000000000000e+05
1.651716000000000000e+06
6.961230000000000000e+05
1.583891000000000000e+06
1.434186000000000000e+06
4.812530000000000000e+05
1.365782000000000000e+06
3.731000000000000000e+05
6.768920000000000000e+05
1.560010000000000000e+05
3.724320000000000000e+05
1.656900000000000000e+05
4.961320000000000000e+05
9.088350000000000000e+05
1.335280000000000000e+06
7.050050000000000000e+05
1.643544000000000000e+06
1.771240000000000000e+05
1.165629000000000000e+06
5.304270000000000000e+05
3.401510000000000000e+05
