7.288970000000000000e+05
7.354670000000000000e+05
7.364910000000000000e+05
1.773926000000000000e+06
7.357690000000000000e+05
1.565054000000000000e+06
8.963060000000000000e+05
1.540698000000000000e+06
1.261016000000000000e+06
1.444537000000000000e+06
2.306400000000000000e+05
2.643580000000000000e+05
7.082590000000000000e+05
1.089446000000000000e+06
5.928290000000000000e+05
1.850623000000000000e+06
9.148100000000000000e+05
2.844370000000000000e+05
1.587895000000000000e+06
5.320310000000000000e+05
1.760144000000000000e+06
1.668948000000000000e+06
8.729710000000000000e+05
1.241237000000000000e+06
1.242304000000000000e+06
2.030970000000000000e+05
5.875600000000000000e+05
1.776255000000000000e+06
8.917730000000000000e+05
1.721939000000000000e+06
1.605552000000000000e+06
1.566017000000000000e+06
1.458059000000000000e+06
1.372138000000000000e+06
1.669042000000000000e+06
1.101000000000000000e+04
4.486780000000000000e+05
2.835810000000000000e+05
3.340290000000000000e+05
1.552265000000000000e+06
1.639766000000000000e+06
1.730270000000000000e+06
6.511330000000000000e+05
6.235290000000000000e+05
1.257090000000000000e+05
1.547886000000000000e+06
8.894580000000000000e+05
9.518590000000000000e+05
1.164149000000000000e+06
3.750400000000000000e+04
6.542050000000000000e+05
7.209530000000000000e+05
7.382080000000000000e+05
5.075840000000000000e+05
1.158500000000000000e+04
1.062700000000000000e+04
9.322470000000000000e+05
4.531260000000000000e+05
1.817860000000000000e+06
1.719540000000000000e+05
1.365954000000000000e+06
4.541010000000000000e+05
1.443150000000000000e+05
2.582420000000000000e+05
1.248630000000000000e+06
1.727433000000000000e+06
1.054660000000000000e+05
1.138600000000000000e+06
1.075974000000000000e+06
1.757985000000000000e+06
2.836900000000000000e+04
1.386560000000000000e+06
8.874000000000000000e+05
1.314703000000000000e+06
