3.847250000000000000e+05
7.303530000000000000e+05
8.704500000000000000e+05
5.433820000000000000e+05
1.315516000000000000e+06
7.562300000000000000e+05
7.733720000000000000e+05
7.283350000000000000e+05
8.951500000000000000e+05
3.465000000000000000e+03
8.332840000000000000e+05
8.026940000000000000e+05
7.314890000000000000e+05
3.285110000000000000e+05
8.750770000000000000e+05
1.228011000000000000e+06
3.244040000000000000e+05
8.646470000000000000e+05
7.267690000000000000e+05
1.299509000000000000e+06
8.935650000000000000e+05
3.859360000000000000e+05
3.857060000000000000e+05
3.830190000000000000e+05
1.491942000000000000e+06
1.230640000000000000e+06
3.865270000000000000e+05
7.624940000000000000e+05
8.953590000000000000e+05
8.102080000000000000e+05
7.354620000000000000e+05
7.283370000000000000e+05
7.529210000000000000e+05
8.874650000000000000e+05
3.719400000000000000e+05
7.343930000000000000e+05
1.322857000000000000e+06
7.268230000000000000e+05
7.279950000000000000e+05
7.796730000000000000e+05
8.666540000000000000e+05
3.835390000000000000e+05
8.974780000000000000e+05
5.453140000000000000e+05
1.230490000000000000e+06
5.501990000000000000e+05
7.288370000000000000e+05
7.318080000000000000e+05
3.850960000000000000e+05
8.999700000000000000e+05
3.865600000000000000e+05
7.460800000000000000e+05
1.313706000000000000e+06
6.534940000000000000e+05
7.349470000000000000e+05
8.941390000000000000e+05
7.733810000000000000e+05
1.564900000000000000e+04
7.645180000000000000e+05
7.355140000000000000e+05
1.761690000000000000e+06
7.637040000000000000e+05
8.969470000000000000e+05
1.314703000000000000e+06
7.331020000000000000e+05
7.275510000000000000e+05
1.229115000000000000e+06
8.959800000000000000e+05
8.294540000000000000e+05
7.880130000000000000e+05
8.601320000000000000e+05
7.265340000000000000e+05
8.811320000000000000e+05
1.762189000000000000e+06
7.267000000000000000e+05
8.298350000000000000e+05
7.374560000000000000e+05
1.571876000000000000e+06
8.667450000000000000e+05
3.890810000000000000e+05
1.939300000000000000e+04
1.322914000000000000e+06
1.227666000000000000e+06
3.794710000000000000e+05
3.285360000000000000e+05
1.228145000000000000e+06
7.273620000000000000e+05
1.229461000000000000e+06
8.925910000000000000e+05
1.315627000000000000e+06
7.704690000000000000e+05
5.525510000000000000e+05
3.875260000000000000e+05
8.142230000000000000e+05
8.551800000000000000e+05
6.784280000000000000e+05
8.375040000000000000e+05
8.072890000000000000e+05
5.447650000000000000e+05
7.273690000000000000e+05
9.077630000000000000e+05
7.393170000000000000e+05
1.024562000000000000e+06
1.302188000000000000e+06
8.964410000000000000e+05
7.957940000000000000e+05
8.618690000000000000e+05
8.264430000000000000e+05
7.643810000000000000e+05
1.430901000000000000e+06
6.664190000000000000e+05
6.526830000000000000e+05
8.990730000000000000e+05
7.680290000000000000e+05
7.277880000000000000e+05
3.840410000000000000e+05
7.290960000000000000e+05
1.445989000000000000e+06
7.388010000000000000e+05
7.336940000000000000e+05
9.003540000000000000e+05
7.309340000000000000e+05
3.840640000000000000e+05
5.377780000000000000e+05
8.949090000000000000e+05
5.474650000000000000e+05
6.572020000000000000e+05
5.514170000000000000e+05
3.832900000000000000e+05
7.357840000000000000e+05
9.133000000000000000e+05
1.322861000000000000e+06
7.252910000000000000e+05
8.980760000000000000e+05
1.761867000000000000e+06
6.526860000000000000e+05
8.212520000000000000e+05
8.621370000000000000e+05
7.783410000000000000e+05
1.298603000000000000e+06
3.821650000000000000e+05
1.300937000000000000e+06
8.822700000000000000e+05
1.518633000000000000e+06
3.801540000000000000e+05
3.482000000000000000e+03
7.181820000000000000e+05
2.108100000000000000e+04
1.517375000000000000e+06
1.519284000000000000e+06
3.841590000000000000e+05
3.807220000000000000e+05
1.315976000000000000e+06
1.036453000000000000e+06
2.483850000000000000e+05
6.553750000000000000e+05
7.238170000000000000e+05
7.345090000000000000e+05
5.186050000000000000e+05
9.054210000000000000e+05
1.516524000000000000e+06
8.999780000000000000e+05
8.959030000000000000e+05
1.229631000000000000e+06
7.680360000000000000e+05
7.458330000000000000e+05
1.320877000000000000e+06
2.275000000000000000e+03
7.265860000000000000e+05
1.450539000000000000e+06
7.297990000000000000e+05
8.962840000000000000e+05
5.740590000000000000e+05
3.707400000000000000e+05
1.321944000000000000e+06
3.797930000000000000e+05
5.674090000000000000e+05
1.761849000000000000e+06
7.256730000000000000e+05
9.003310000000000000e+05
6.519940000000000000e+05
1.757353000000000000e+06
1.315721000000000000e+06
5.519340000000000000e+05
5.434830000000000000e+05
3.719750000000000000e+05
6.732870000000000000e+05
6.819000000000000000e+03
6.383960000000000000e+05
7.290440000000000000e+05
7.083310000000000000e+05
5.464210000000000000e+05
5.314290000000000000e+05
1.314165000000000000e+06
5.499310000000000000e+05
1.035705000000000000e+06
7.287390000000000000e+05
5.808730000000000000e+05
4.327260000000000000e+05
5.416100000000000000e+05
5.306640000000000000e+05
6.403880000000000000e+05
7.514290000000000000e+05
7.275360000000000000e+05
3.243480000000000000e+05
1.541976000000000000e+06
8.052420000000000000e+05
8.658630000000000000e+05
8.353750000000000000e+05
1.226110000000000000e+06
8.982980000000000000e+05
3.247870000000000000e+05
8.042670000000000000e+05
8.353100000000000000e+05
1.318547000000000000e+06
5.392350000000000000e+05
7.364230000000000000e+05
1.021352000000000000e+06
5.400780000000000000e+05
3.808750000000000000e+05
6.667060000000000000e+05
1.491072000000000000e+06
5.522980000000000000e+05
3.761500000000000000e+05
3.283270000000000000e+05
1.206857000000000000e+06
1.227285000000000000e+06
7.185160000000000000e+05
3.840000000000000000e+03
3.776480000000000000e+05
3.418160000000000000e+05
1.315113000000000000e+06
8.981820000000000000e+05
7.315290000000000000e+05
6.699570000000000000e+05
3.065580000000000000e+05
8.999100000000000000e+05
1.694410000000000000e+06
3.883820000000000000e+05
3.294200000000000000e+05
3.883860000000000000e+05
8.797250000000000000e+05
7.406180000000000000e+05
7.960900000000000000e+05
8.289740000000000000e+05
8.601050000000000000e+05
6.180040000000000000e+05
7.567490000000000000e+05
9.165340000000000000e+05
1.110667000000000000e+06
1.228391000000000000e+06
3.241540000000000000e+05
5.258650000000000000e+05
7.290760000000000000e+05
7.405240000000000000e+05
3.267260000000000000e+05
1.317349000000000000e+06
1.380358000000000000e+06
9.657470000000000000e+05
5.357240000000000000e+05
1.457927000000000000e+06
1.322195000000000000e+06
3.278450000000000000e+05
1.572401000000000000e+06
1.467626000000000000e+06
1.517542000000000000e+06
1.324779000000000000e+06
1.299979000000000000e+06
1.314326000000000000e+06
8.862470000000000000e+05
7.228410000000000000e+05
6.452450000000000000e+05
6.839650000000000000e+05
6.795630000000000000e+05
6.557440000000000000e+05
3.723950000000000000e+05
8.885510000000000000e+05
6.912000000000000000e+03
6.521620000000000000e+05
5.411550000000000000e+05
1.298721000000000000e+06
6.988800000000000000e+05
8.715260000000000000e+05
7.832770000000000000e+05
3.507620000000000000e+05
9.004550000000000000e+05
1.103234000000000000e+06
2.111400000000000000e+04
5.299350000000000000e+05
1.460922000000000000e+06
1.324117000000000000e+06
3.878120000000000000e+05
9.055320000000000000e+05
5.391470000000000000e+05
9.267310000000000000e+05
1.322113000000000000e+06
3.724740000000000000e+05
3.820480000000000000e+05
6.375350000000000000e+05
3.694540000000000000e+05
1.491364000000000000e+06
8.906000000000000000e+03
1.428538000000000000e+06
6.895920000000000000e+05
1.540700000000000000e+04
1.203820000000000000e+05
4.398290000000000000e+05
1.231114000000000000e+06
1.066615000000000000e+06
2.589000000000000000e+03
6.536080000000000000e+05
1.467733000000000000e+06
1.761118000000000000e+06
1.212730000000000000e+06
5.552070000000000000e+05
3.874670000000000000e+05
5.331020000000000000e+05
6.397080000000000000e+05
8.943130000000000000e+05
1.315293000000000000e+06
1.230117000000000000e+06
1.448836000000000000e+06
1.245726000000000000e+06
6.902960000000000000e+05
3.429540000000000000e+05
3.826090000000000000e+05
7.608900000000000000e+05
9.009870000000000000e+05
7.269170000000000000e+05
1.420882000000000000e+06
6.953280000000000000e+05
1.229662000000000000e+06
7.596540000000000000e+05
7.288840000000000000e+05
3.715450000000000000e+05
7.449100000000000000e+05
1.433594000000000000e+06
7.729530000000000000e+05
3.790760000000000000e+05
6.022120000000000000e+05
7.285730000000000000e+05
7.238880000000000000e+05
6.670940000000000000e+05
8.053840000000000000e+05
8.441000000000000000e+05
7.756680000000000000e+05
7.599050000000000000e+05
9.669690000000000000e+05
1.569020000000000000e+06
1.084589000000000000e+06
5.411220000000000000e+05
9.560530000000000000e+05
1.315987000000000000e+06
1.516582000000000000e+06
6.481440000000000000e+05
9.282290000000000000e+05
5.151830000000000000e+05
1.230251000000000000e+06
6.725990000000000000e+05
1.591500000000000000e+04
7.359780000000000000e+05
1.317698000000000000e+06
7.663480000000000000e+05
5.420350000000000000e+05
1.080581000000000000e+06
5.799880000000000000e+05
3.866510000000000000e+05
7.270790000000000000e+05
1.302305000000000000e+06
2.961180000000000000e+05
5.330720000000000000e+05
1.491956000000000000e+06
5.149050000000000000e+05
9.391260000000000000e+05
5.698450000000000000e+05
3.711900000000000000e+05
1.150393000000000000e+06
1.341724000000000000e+06
1.323571000000000000e+06
1.260209000000000000e+06
3.868090000000000000e+05
7.356680000000000000e+05
3.978850000000000000e+05
6.769510000000000000e+05
1.519233000000000000e+06
9.616240000000000000e+05
3.200100000000000000e+05
3.284400000000000000e+05
8.957320000000000000e+05
1.758663000000000000e+06
9.858540000000000000e+05
4.102000000000000000e+03
3.149670000000000000e+05
5.371890000000000000e+05
8.945990000000000000e+05
6.176480000000000000e+05
3.884910000000000000e+05
7.012140000000000000e+05
1.469169000000000000e+06
9.534580000000000000e+05
3.119820000000000000e+05
1.015922000000000000e+06
6.239740000000000000e+05
1.143986000000000000e+06
9.170220000000000000e+05
3.729760000000000000e+05
3.249290000000000000e+05
2.222000000000000000e+03
5.527970000000000000e+05
1.067825000000000000e+06
7.408940000000000000e+05
3.869140000000000000e+05
7.268540000000000000e+05
5.200390000000000000e+05
8.978400000000000000e+05
6.176530000000000000e+05
1.270194000000000000e+06
1.241105000000000000e+06
8.942750000000000000e+05
1.231317000000000000e+06
1.117643000000000000e+06
1.326975000000000000e+06
5.256810000000000000e+05
7.602230000000000000e+05
1.005097000000000000e+06
8.024690000000000000e+05
8.605500000000000000e+05
1.752228000000000000e+06
3.863240000000000000e+05
1.673952000000000000e+06
1.204930000000000000e+06
6.773780000000000000e+05
8.903330000000000000e+05
7.325540000000000000e+05
6.751090000000000000e+05
2.501720000000000000e+05
1.681512000000000000e+06
1.571894000000000000e+06
3.858770000000000000e+05
3.845650000000000000e+05
1.323027000000000000e+06
5.340630000000000000e+05
9.108150000000000000e+05
5.323230000000000000e+05
1.199517000000000000e+06
1.237816000000000000e+06
3.287200000000000000e+05
6.922550000000000000e+05
9.505580000000000000e+05
1.095928000000000000e+06
3.882220000000000000e+05
1.424482000000000000e+06
1.279227000000000000e+06
3.760890000000000000e+05
3.953750000000000000e+05
5.762690000000000000e+05
1.268236000000000000e+06
4.141270000000000000e+05
1.707366000000000000e+06
1.436983000000000000e+06
1.234438000000000000e+06
7.245480000000000000e+05
9.547730000000000000e+05
9.328730000000000000e+05
1.316466000000000000e+06
9.237670000000000000e+05
1.827900000000000000e+04
7.000850000000000000e+05
1.302306000000000000e+06
7.408520000000000000e+05
8.804620000000000000e+05
1.301949000000000000e+06
6.983390000000000000e+05
3.793800000000000000e+05
1.768000000000000000e+06
1.321743000000000000e+06
1.520290000000000000e+06
4.956000000000000000e+05
1.364536000000000000e+06
9.879400000000000000e+05
1.813722000000000000e+06
5.571200000000000000e+05
9.360000000000000000e+03
1.662314000000000000e+06
1.318316000000000000e+06
1.514872000000000000e+06
1.453825000000000000e+06
7.335430000000000000e+05
3.285680000000000000e+05
8.379340000000000000e+05
4.215640000000000000e+05
1.249100000000000000e+06
1.251073000000000000e+06
1.745832000000000000e+06
3.847810000000000000e+05
1.763500000000000000e+04
1.024957000000000000e+06
1.318174000000000000e+06
1.424740000000000000e+06
4.133000000000000000e+03
6.533940000000000000e+05
3.891010000000000000e+05
5.541460000000000000e+05
8.866960000000000000e+05
1.034100000000000000e+04
3.418100000000000000e+05
1.319085000000000000e+06
6.684990000000000000e+05
1.226232000000000000e+06
1.419245000000000000e+06
6.716820000000000000e+05
1.321128000000000000e+06
1.516835000000000000e+06
1.418972000000000000e+06
6.327550000000000000e+05
6.325780000000000000e+05
4.054940000000000000e+05
1.518391000000000000e+06
1.212757000000000000e+06
9.315740000000000000e+05
1.338062000000000000e+06
6.604240000000000000e+05
1.112176000000000000e+06
1.488607000000000000e+06
5.298790000000000000e+05
6.418660000000000000e+05
7.267320000000000000e+05
1.808523000000000000e+06
4.959200000000000000e+05
1.331429000000000000e+06
7.211070000000000000e+05
1.140823000000000000e+06
3.306960000000000000e+05
3.024760000000000000e+05
1.113169000000000000e+06
1.960200000000000000e+04
1.228713000000000000e+06
1.793760000000000000e+05
1.242274000000000000e+06
7.201010000000000000e+05
8.867530000000000000e+05
1.316149000000000000e+06
5.206960000000000000e+05
8.936520000000000000e+05
6.905310000000000000e+05
1.379259000000000000e+06
1.356615000000000000e+06
5.171270000000000000e+05
9.855840000000000000e+05
5.532260000000000000e+05
5.394620000000000000e+05
4.131000000000000000e+05
7.391360000000000000e+05
6.771860000000000000e+05
1.314294000000000000e+06
7.362750000000000000e+05
1.757171000000000000e+06
5.168150000000000000e+05
3.875570000000000000e+05
3.692670000000000000e+05
3.758060000000000000e+05
5.366630000000000000e+05
9.139800000000000000e+05
7.016130000000000000e+05
1.593303000000000000e+06
7.371050000000000000e+05
1.231018000000000000e+06
1.311153000000000000e+06
1.284149000000000000e+06
1.523073000000000000e+06
6.918530000000000000e+05
3.019130000000000000e+05
3.040860000000000000e+05
3.840000000000000000e+05
1.058647000000000000e+06
1.323706000000000000e+06
1.606490000000000000e+06
1.327782000000000000e+06
3.855100000000000000e+05
7.248120000000000000e+05
1.254330000000000000e+06
3.785800000000000000e+05
9.543380000000000000e+05
1.522724000000000000e+06
1.233693000000000000e+06
1.007074000000000000e+06
1.247356000000000000e+06
1.095330000000000000e+06
7.667110000000000000e+05
1.234210000000000000e+06
7.203880000000000000e+05
1.848364000000000000e+06
1.037052000000000000e+06
1.454986000000000000e+06
1.317788000000000000e+06
5.524540000000000000e+05
1.229690000000000000e+06
9.359850000000000000e+05
1.229866000000000000e+06
5.199860000000000000e+05
1.514504000000000000e+06
5.750070000000000000e+05
1.194330000000000000e+05
4.413440000000000000e+05
4.465670000000000000e+05
3.877230000000000000e+05
3.864990000000000000e+05
1.000378000000000000e+06
3.707600000000000000e+05
1.432588000000000000e+06
5.351710000000000000e+05
1.471508000000000000e+06
1.210740000000000000e+05
4.927180000000000000e+05
5.561260000000000000e+05
1.585770000000000000e+06
3.289730000000000000e+05
3.761610000000000000e+05
5.127140000000000000e+05
1.056770000000000000e+06
1.320906000000000000e+06
9.208140000000000000e+05
1.248684000000000000e+06
7.275450000000000000e+05
4.971090000000000000e+05
7.331430000000000000e+05
7.283180000000000000e+05
6.632400000000000000e+05
1.271780000000000000e+06
1.320178000000000000e+06
3.154000000000000000e+05
4.324170000000000000e+05
1.317248000000000000e+06
1.041854000000000000e+06
1.455002000000000000e+06
1.262171000000000000e+06
5.459760000000000000e+05
6.479600000000000000e+05
6.720080000000000000e+05
1.846000000000000000e+04
2.068300000000000000e+04
3.794100000000000000e+05
6.632370000000000000e+05
1.211892000000000000e+06
6.783810000000000000e+05
1.295152000000000000e+06
1.254301000000000000e+06
1.231374000000000000e+06
7.627450000000000000e+05
1.544609000000000000e+06
3.862970000000000000e+05
5.303040000000000000e+05
4.226420000000000000e+05
7.151230000000000000e+05
2.239500000000000000e+04
7.174550000000000000e+05
1.241821000000000000e+06
5.517920000000000000e+05
9.329940000000000000e+05
1.793710000000000000e+05
1.242377000000000000e+06
6.590410000000000000e+05
8.807570000000000000e+05
3.396200000000000000e+05
1.281147000000000000e+06
6.646680000000000000e+05
3.255910000000000000e+05
1.424793000000000000e+06
7.192880000000000000e+05
3.129490000000000000e+05
4.391220000000000000e+05
1.238946000000000000e+06
1.762080000000000000e+06
9.372960000000000000e+05
5.356950000000000000e+05
1.488575000000000000e+06
3.297270000000000000e+05
4.276610000000000000e+05
1.471451000000000000e+06
4.033180000000000000e+05
1.363897000000000000e+06
1.426382000000000000e+06
3.257360000000000000e+05
6.603380000000000000e+05
8.348910000000000000e+05
9.631510000000000000e+05
1.613900000000000000e+04
4.402380000000000000e+05
3.658310000000000000e+05
1.293564000000000000e+06
1.520297000000000000e+06
8.989030000000000000e+05
3.853690000000000000e+05
1.456948000000000000e+06
2.596800000000000000e+05
1.744808000000000000e+06
1.234535000000000000e+06
1.064353000000000000e+06
5.325790000000000000e+05
9.943320000000000000e+05
8.948250000000000000e+05
9.167940000000000000e+05
1.416549000000000000e+06
9.174690000000000000e+05
7.318870000000000000e+05
3.205660000000000000e+05
4.886200000000000000e+05
1.708591000000000000e+06
4.876390000000000000e+05
5.959000000000000000e+03
6.778200000000000000e+04
7.325740000000000000e+05
1.428766000000000000e+06
6.646850000000000000e+05
3.230470000000000000e+05
1.291615000000000000e+06
6.420970000000000000e+05
5.365410000000000000e+05
5.560960000000000000e+05
3.291000000000000000e+03
1.282325000000000000e+06
1.492040000000000000e+06
5.382540000000000000e+05
4.292770000000000000e+05
5.759910000000000000e+05
1.077346000000000000e+06
1.204610000000000000e+05
5.362560000000000000e+05
9.540000000000000000e+05
7.263390000000000000e+05
9.556090000000000000e+05
1.247448000000000000e+06
1.237091000000000000e+06
4.972930000000000000e+05
3.620980000000000000e+05
1.149755000000000000e+06
2.117420000000000000e+05
1.229488000000000000e+06
3.263580000000000000e+05
1.102537000000000000e+06
3.816010000000000000e+05
7.478190000000000000e+05
3.704290000000000000e+05
5.202390000000000000e+05
1.721400000000000000e+04
5.754470000000000000e+05
1.758133000000000000e+06
2.083600000000000000e+05
2.638780000000000000e+05
1.284842000000000000e+06
8.357900000000000000e+05
7.989450000000000000e+05
1.320668000000000000e+06
5.573820000000000000e+05
5.426230000000000000e+05
7.455760000000000000e+05
4.301330000000000000e+05
3.244300000000000000e+05
3.955760000000000000e+05
5.701980000000000000e+05
1.224933000000000000e+06
1.617400000000000000e+04
6.285120000000000000e+05
1.198336000000000000e+06
7.129830000000000000e+05
1.683893000000000000e+06
1.492506000000000000e+06
5.993330000000000000e+05
5.554680000000000000e+05
3.348480000000000000e+05
3.883800000000000000e+05
9.366510000000000000e+05
1.451152000000000000e+06
1.082062000000000000e+06
3.274390000000000000e+05
6.970350000000000000e+05
1.458825000000000000e+06
5.327170000000000000e+05
1.306646000000000000e+06
2.786920000000000000e+05
7.490460000000000000e+05
3.560600000000000000e+04
1.847059000000000000e+06
1.556511000000000000e+06
5.301910000000000000e+05
1.061126000000000000e+06
5.054380000000000000e+05
4.780640000000000000e+05
3.820040000000000000e+05
7.237830000000000000e+05
1.841600000000000000e+05
1.349696000000000000e+06
5.303140000000000000e+05
1.060668000000000000e+06
4.888800000000000000e+04
1.210139000000000000e+06
9.076840000000000000e+05
1.525690000000000000e+06
1.260335000000000000e+06
7.175500000000000000e+05
1.100186000000000000e+06
1.631327000000000000e+06
1.762277000000000000e+06
4.948660000000000000e+05
7.417600000000000000e+04
1.450041000000000000e+06
5.397760000000000000e+05
1.432882000000000000e+06
1.461010000000000000e+06
1.058572000000000000e+06
1.662243000000000000e+06
1.756768000000000000e+06
6.571010000000000000e+05
6.695690000000000000e+05
1.257596000000000000e+06
1.212683000000000000e+06
3.902670000000000000e+05
6.189210000000000000e+05
1.579315000000000000e+06
1.346248000000000000e+06
5.347590000000000000e+05
1.150991000000000000e+06
5.797350000000000000e+05
5.535230000000000000e+05
1.311873000000000000e+06
5.488800000000000000e+05
1.356226000000000000e+06
1.153330000000000000e+06
3.315060000000000000e+05
1.593354000000000000e+06
1.661800000000000000e+06
8.964320000000000000e+05
4.260200000000000000e+05
9.147880000000000000e+05
3.886550000000000000e+05
3.007930000000000000e+05
5.699870000000000000e+05
3.781020000000000000e+05
6.396940000000000000e+05
8.985050000000000000e+05
3.146010000000000000e+05
3.730340000000000000e+05
7.572340000000000000e+05
1.465437000000000000e+06
4.878920000000000000e+05
1.194906000000000000e+06
1.520639000000000000e+06
5.815440000000000000e+05
1.496948000000000000e+06
1.329223000000000000e+06
1.246173000000000000e+06
1.478322000000000000e+06
7.021940000000000000e+05
7.071800000000000000e+05
8.982930000000000000e+05
5.175250000000000000e+05
3.281660000000000000e+05
1.000719000000000000e+06
1.315924000000000000e+06
1.569454000000000000e+06
1.086191000000000000e+06
5.522090000000000000e+05
9.002780000000000000e+05
9.127490000000000000e+05
1.338241000000000000e+06
1.586197000000000000e+06
1.451979000000000000e+06
8.677220000000000000e+05
3.831470000000000000e+05
7.171610000000000000e+05
4.363100000000000000e+05
2.162900000000000000e+04
1.843517000000000000e+06
3.018240000000000000e+05
7.682970000000000000e+05
1.342269000000000000e+06
1.224992000000000000e+06
1.345995000000000000e+06
7.363890000000000000e+05
1.199402000000000000e+06
7.354210000000000000e+05
3.706340000000000000e+05
5.219340000000000000e+05
1.099651000000000000e+06
1.457166000000000000e+06
1.451298000000000000e+06
1.055496000000000000e+06
1.465596000000000000e+06
7.196690000000000000e+05
9.342880000000000000e+05
1.144812000000000000e+06
5.037410000000000000e+05
3.875940000000000000e+05
5.307420000000000000e+05
1.820558000000000000e+06
9.122820000000000000e+05
3.147440000000000000e+05
3.145470000000000000e+05
1.850762000000000000e+06
1.299144000000000000e+06
1.043246000000000000e+06
1.536279000000000000e+06
1.616402000000000000e+06
9.526550000000000000e+05
7.237100000000000000e+05
1.386190000000000000e+05
1.210794000000000000e+06
2.307990000000000000e+05
6.727310000000000000e+05
3.788700000000000000e+05
4.952340000000000000e+05
9.326330000000000000e+05
1.630042000000000000e+06
6.822100000000000000e+05
5.771900000000000000e+05
9.566100000000000000e+05
1.332911000000000000e+06
1.706300000000000000e+06
1.824579000000000000e+06
3.887830000000000000e+05
3.806540000000000000e+05
1.434589000000000000e+06
1.007526000000000000e+06
1.247696000000000000e+06
1.714869000000000000e+06
6.329620000000000000e+05
3.001810000000000000e+05
1.491324000000000000e+06
6.699840000000000000e+05
5.067320000000000000e+05
1.434295000000000000e+06
5.974720000000000000e+05
1.145957000000000000e+06
8.994990000000000000e+05
2.482680000000000000e+05
1.067317000000000000e+06
1.150632000000000000e+06
5.303330000000000000e+05
7.265840000000000000e+05
1.826794000000000000e+06
1.306641000000000000e+06
1.432107000000000000e+06
1.380871000000000000e+06
4.397490000000000000e+05
1.456200000000000000e+04
4.971450000000000000e+05
6.704500000000000000e+04
1.023665000000000000e+06
1.274453000000000000e+06
3.236890000000000000e+05
5.734450000000000000e+05
5.746420000000000000e+05
1.442719000000000000e+06
5.176100000000000000e+05
1.073608000000000000e+06
1.225404000000000000e+06
9.001450000000000000e+05
1.571852000000000000e+06
1.420530000000000000e+06
3.141050000000000000e+05
1.509988000000000000e+06
1.685579000000000000e+06
1.085955000000000000e+06
1.517985000000000000e+06
1.342654000000000000e+06
1.616521000000000000e+06
2.460650000000000000e+05
1.084320000000000000e+06
1.309849000000000000e+06
1.588813000000000000e+06
6.588440000000000000e+05
5.316970000000000000e+05
1.313209000000000000e+06
1.762335000000000000e+06
2.010420000000000000e+05
1.916090000000000000e+05
1.457756000000000000e+06
1.242208000000000000e+06
1.218432000000000000e+06
6.799750000000000000e+05
9.724530000000000000e+05
1.322111000000000000e+06
6.885960000000000000e+05
1.608937000000000000e+06
3.066930000000000000e+05
8.694830000000000000e+05
1.661896000000000000e+06
3.517410000000000000e+05
2.009310000000000000e+05
1.320992000000000000e+06
6.149640000000000000e+05
4.471520000000000000e+05
1.402981000000000000e+06
4.947920000000000000e+05
1.702922000000000000e+06
6.653220000000000000e+05
9.143130000000000000e+05
1.452790000000000000e+06
3.716240000000000000e+05
1.114387000000000000e+06
1.762375000000000000e+06
1.112102000000000000e+06
3.763230000000000000e+05
1.439991000000000000e+06
1.587610000000000000e+06
4.960700000000000000e+05
1.457592000000000000e+06
1.027553000000000000e+06
1.238996000000000000e+06
2.124340000000000000e+05
4.221290000000000000e+05
1.511443000000000000e+06
1.571867000000000000e+06
1.336348000000000000e+06
1.352317000000000000e+06
8.732000000000000000e+03
1.233312000000000000e+06
6.755960000000000000e+05
1.208515000000000000e+06
1.400087000000000000e+06
6.889000000000000000e+03
3.835420000000000000e+05
7.459550000000000000e+05
2.968170000000000000e+05
6.657610000000000000e+05
1.856070000000000000e+05
1.226146000000000000e+06
3.877750000000000000e+05
1.261116000000000000e+06
3.717720000000000000e+05
1.472813000000000000e+06
4.190880000000000000e+05
6.943270000000000000e+05
4.031930000000000000e+05
1.206323000000000000e+06
1.011559000000000000e+06
1.324700000000000000e+04
1.450419000000000000e+06
4.752850000000000000e+05
3.181230000000000000e+05
4.002970000000000000e+05
1.419231000000000000e+06
1.324353000000000000e+06
3.705190000000000000e+05
1.043050000000000000e+06
1.694750000000000000e+06
9.409020000000000000e+05
1.331805000000000000e+06
2.511750000000000000e+05
1.109243000000000000e+06
4.553440000000000000e+05
2.174910000000000000e+05
1.671952000000000000e+06
6.378860000000000000e+05
1.944100000000000000e+05
1.022500000000000000e+04
5.957720000000000000e+05
7.242900000000000000e+05
1.121077000000000000e+06
1.838760000000000000e+05
6.839700000000000000e+04
1.466605000000000000e+06
5.528210000000000000e+05
5.561070000000000000e+05
1.314993000000000000e+06
2.754410000000000000e+05
5.043270000000000000e+05
5.663590000000000000e+05
1.451225000000000000e+06
1.748590000000000000e+06
1.247540000000000000e+06
3.295730000000000000e+05
4.869200000000000000e+05
9.058200000000000000e+05
1.154208000000000000e+06
1.353171000000000000e+06
5.594180000000000000e+05
1.250719000000000000e+06
2.988640000000000000e+05
1.296800000000000000e+06
1.628074000000000000e+06
5.065210000000000000e+05
1.308696000000000000e+06
1.342156000000000000e+06
1.024299000000000000e+06
1.221701000000000000e+06
1.148313000000000000e+06
3.703330000000000000e+05
6.589640000000000000e+05
6.750870000000000000e+05
6.398020000000000000e+05
9.535280000000000000e+05
1.366543000000000000e+06
1.081907000000000000e+06
1.490973000000000000e+06
1.294274000000000000e+06
4.685240000000000000e+05
1.760634000000000000e+06
3.014250000000000000e+05
4.002840000000000000e+05
6.622590000000000000e+05
2.009880000000000000e+05
1.325169000000000000e+06
9.356820000000000000e+05
3.462640000000000000e+05
4.211560000000000000e+05
3.669080000000000000e+05
3.863970000000000000e+05
1.268870000000000000e+06
1.203420000000000000e+06
1.028025000000000000e+06
5.969580000000000000e+05
1.327110000000000000e+06
1.206906000000000000e+06
2.999870000000000000e+05
9.160660000000000000e+05
3.191500000000000000e+05
6.345530000000000000e+05
3.770160000000000000e+05
1.120270000000000000e+06
1.758347000000000000e+06
1.591002000000000000e+06
4.285000000000000000e+03
3.077110000000000000e+05
1.464701000000000000e+06
7.000180000000000000e+05
6.372680000000000000e+05
6.768350000000000000e+05
9.941180000000000000e+05
1.250354000000000000e+06
1.820934000000000000e+06
1.556500000000000000e+04
1.230243000000000000e+06
3.295010000000000000e+05
1.076450000000000000e+06
1.222127000000000000e+06
1.115980000000000000e+06
5.255680000000000000e+05
2.603770000000000000e+05
4.300600000000000000e+05
1.085341000000000000e+06
5.383430000000000000e+05
3.399710000000000000e+05
1.357870000000000000e+06
1.583090000000000000e+06
7.065500000000000000e+05
1.262662000000000000e+06
3.888460000000000000e+05
9.054000000000000000e+03
1.369238000000000000e+06
5.324830000000000000e+05
3.808860000000000000e+05
4.700360000000000000e+05
1.242349000000000000e+06
1.354937000000000000e+06
6.370260000000000000e+05
3.736270000000000000e+05
1.593747000000000000e+06
3.237030000000000000e+05
6.736800000000000000e+05
3.809240000000000000e+05
1.445839000000000000e+06
9.765600000000000000e+05
1.024568000000000000e+06
1.231013000000000000e+06
1.565397000000000000e+06
1.761045000000000000e+06
1.930590000000000000e+05
1.826168000000000000e+06
7.291850000000000000e+05
9.765600000000000000e+04
1.213479000000000000e+06
5.659750000000000000e+05
1.081649000000000000e+06
1.370509000000000000e+06
3.678360000000000000e+05
3.404040000000000000e+05
1.416271000000000000e+06
1.154604000000000000e+06
4.949480000000000000e+05
3.287290000000000000e+05
1.365641000000000000e+06
1.238912000000000000e+06
3.238500000000000000e+05
4.394080000000000000e+05
1.294639000000000000e+06
1.793700000000000000e+04
5.443820000000000000e+05
3.746770000000000000e+05
2.044620000000000000e+05
1.570757000000000000e+06
1.120638000000000000e+06
1.755398000000000000e+06
3.680850000000000000e+05
9.158460000000000000e+05
1.576192000000000000e+06
7.194320000000000000e+05
1.626400000000000000e+04
1.202669000000000000e+06
2.675190000000000000e+05
4.756140000000000000e+05
2.026500000000000000e+05
2.233900000000000000e+05
1.050200000000000000e+05
6.391010000000000000e+05
9.981000000000000000e+03
5.184740000000000000e+05
1.512041000000000000e+06
5.846710000000000000e+05
1.670100000000000000e+04
7.208150000000000000e+05
2.225600000000000000e+04
1.260780000000000000e+05
1.248288000000000000e+06
1.297255000000000000e+06
1.761587000000000000e+06
1.335593000000000000e+06
1.143649000000000000e+06
1.346002000000000000e+06
5.318090000000000000e+05
1.865700000000000000e+04
9.168150000000000000e+05
1.316557000000000000e+06
1.584462000000000000e+06
3.786560000000000000e+05
6.785120000000000000e+05
4.639500000000000000e+05
2.065770000000000000e+05
7.269630000000000000e+05
1.321739000000000000e+06
1.567085000000000000e+06
5.302440000000000000e+05
3.705550000000000000e+05
1.380295000000000000e+06
4.356570000000000000e+05
1.438549000000000000e+06
1.357099000000000000e+06
1.353734000000000000e+06
1.367428000000000000e+06
1.141900000000000000e+04
2.306100000000000000e+04
3.781920000000000000e+05
3.222630000000000000e+05
1.762784000000000000e+06
1.427794000000000000e+06
1.082577000000000000e+06
8.964270000000000000e+05
1.241573000000000000e+06
3.053790000000000000e+05
5.917690000000000000e+05
5.350100000000000000e+05
5.120910000000000000e+05
6.162410000000000000e+05
1.256587000000000000e+06
1.456795000000000000e+06
1.706235000000000000e+06
2.851350000000000000e+05
5.566130000000000000e+05
1.576948000000000000e+06
1.430484000000000000e+06
9.373410000000000000e+05
5.868730000000000000e+05
1.255107000000000000e+06
6.915500000000000000e+05
4.341600000000000000e+05
1.449831000000000000e+06
8.961230000000000000e+05
7.051140000000000000e+05
1.233899000000000000e+06
1.080212000000000000e+06
3.018620000000000000e+05
1.319777000000000000e+06
1.282144000000000000e+06
7.366010000000000000e+05
7.209530000000000000e+05
3.447890000000000000e+05
6.853280000000000000e+05
1.821726000000000000e+06
4.388850000000000000e+05
2.082600000000000000e+04
7.042130000000000000e+05
6.498010000000000000e+05
1.543710000000000000e+06
1.337066000000000000e+06
1.059500000000000000e+04
1.225564000000000000e+06
2.166500000000000000e+04
9.670290000000000000e+05
1.320658000000000000e+06
1.227164000000000000e+06
1.236410000000000000e+06
1.029975000000000000e+06
1.509447000000000000e+06
1.541557000000000000e+06
1.752690000000000000e+06
1.714780000000000000e+05
1.301583000000000000e+06
1.055390000000000000e+06
9.277500000000000000e+05
1.451016000000000000e+06
3.903940000000000000e+05
3.518030000000000000e+05
1.711343000000000000e+06
9.356970000000000000e+05
1.756765000000000000e+06
1.661777000000000000e+06
1.744128000000000000e+06
7.380000000000000000e+03
1.261734000000000000e+06
9.932270000000000000e+05
1.094133000000000000e+06
1.494607000000000000e+06
1.017582000000000000e+06
5.207850000000000000e+05
3.663900000000000000e+05
5.123840000000000000e+05
1.204150000000000000e+05
1.330654000000000000e+06
9.543650000000000000e+05
6.685780000000000000e+05
1.087051000000000000e+06
2.767100000000000000e+05
5.199610000000000000e+05
2.435200000000000000e+05
6.250990000000000000e+05
1.363583000000000000e+06
9.508400000000000000e+04
5.378240000000000000e+05
3.168130000000000000e+05
1.592000000000000000e+03
3.695750000000000000e+05
3.730850000000000000e+05
4.937030000000000000e+05
1.837113000000000000e+06
3.680050000000000000e+05
1.059314000000000000e+06
1.378446000000000000e+06
5.528000000000000000e+05
1.370709000000000000e+06
1.444217000000000000e+06
3.338910000000000000e+05
1.364268000000000000e+06
1.662900000000000000e+04
2.981170000000000000e+05
7.655560000000000000e+05
2.758320000000000000e+05
1.119689000000000000e+06
9.315450000000000000e+05
5.365220000000000000e+05
6.724900000000000000e+05
1.055897000000000000e+06
2.622990000000000000e+05
1.319579000000000000e+06
1.426018000000000000e+06
6.583390000000000000e+05
1.045123000000000000e+06
1.319232000000000000e+06
1.440253000000000000e+06
4.381440000000000000e+05
1.320776000000000000e+06
3.142210000000000000e+05
5.331700000000000000e+05
1.102936000000000000e+06
3.562660000000000000e+05
1.442410000000000000e+06
3.706260000000000000e+05
1.697475000000000000e+06
6.959820000000000000e+05
1.012100000000000000e+04
1.485397000000000000e+06
1.151719000000000000e+06
4.554490000000000000e+05
1.074173000000000000e+06
3.016320000000000000e+05
7.668550000000000000e+05
1.765391000000000000e+06
9.670360000000000000e+05
1.322448000000000000e+06
2.488500000000000000e+05
1.140948000000000000e+06
5.010590000000000000e+05
7.360330000000000000e+05
9.545860000000000000e+05
1.598378000000000000e+06
2.416200000000000000e+05
2.623160000000000000e+05
1.547745000000000000e+06
1.298921000000000000e+06
2.012780000000000000e+05
1.224343000000000000e+06
5.202240000000000000e+05
6.132150000000000000e+05
5.569030000000000000e+05
1.300911000000000000e+06
1.059344000000000000e+06
1.444941000000000000e+06
1.350472000000000000e+06
1.294843000000000000e+06
1.625547000000000000e+06
1.323037000000000000e+06
1.323845000000000000e+06
1.759171000000000000e+06
6.600780000000000000e+05
1.445525000000000000e+06
3.263400000000000000e+05
1.571092000000000000e+06
1.512424000000000000e+06
1.421303000000000000e+06
1.568458000000000000e+06
1.451342000000000000e+06
1.365391000000000000e+06
1.253257000000000000e+06
6.553960000000000000e+05
1.081866000000000000e+06
7.708360000000000000e+05
7.180410000000000000e+05
9.309360000000000000e+05
1.771693000000000000e+06
1.706313000000000000e+06
4.781330000000000000e+05
1.587255000000000000e+06
6.334590000000000000e+05
1.028024000000000000e+06
3.879080000000000000e+05
3.441300000000000000e+04
1.826374000000000000e+06
6.978150000000000000e+05
3.813050000000000000e+05
1.239146000000000000e+06
1.299268000000000000e+06
1.758030000000000000e+06
1.653030000000000000e+05
1.122973000000000000e+06
1.260221000000000000e+06
3.755190000000000000e+05
1.491232000000000000e+06
1.158136000000000000e+06
1.320939000000000000e+06
1.157238000000000000e+06
5.766880000000000000e+05
4.568380000000000000e+05
7.145580000000000000e+05
7.182970000000000000e+05
6.723430000000000000e+05
1.789680000000000000e+05
5.399960000000000000e+05
1.711069000000000000e+06
1.225041000000000000e+06
1.295755000000000000e+06
9.807460000000000000e+05
1.035540000000000000e+05
9.164240000000000000e+05
9.346350000000000000e+05
1.557284000000000000e+06
3.541030000000000000e+05
1.323083000000000000e+06
4.274360000000000000e+05
1.413247000000000000e+06
3.458270000000000000e+05
3.424450000000000000e+05
1.236302000000000000e+06
1.698124000000000000e+06
1.758570000000000000e+06
1.632296000000000000e+06
1.527268000000000000e+06
1.593900000000000000e+04
6.988900000000000000e+05
1.491059000000000000e+06
5.451040000000000000e+05
5.943850000000000000e+05
1.510803000000000000e+06
1.798005000000000000e+06
1.378062000000000000e+06
1.632641000000000000e+06
1.664057000000000000e+06
3.822020000000000000e+05
6.820600000000000000e+05
9.263590000000000000e+05
8.125470000000000000e+05
8.476110000000000000e+05
6.271510000000000000e+05
1.417574000000000000e+06
1.161720000000000000e+06
1.147229000000000000e+06
3.268120000000000000e+05
3.047030000000000000e+05
1.452299000000000000e+06
5.356070000000000000e+05
1.762331000000000000e+06
7.640200000000000000e+05
1.899600000000000000e+04
1.338331000000000000e+06
1.736484000000000000e+06
1.282606000000000000e+06
1.761632000000000000e+06
1.577314000000000000e+06
1.241250000000000000e+05
1.812210000000000000e+06
1.744990000000000000e+06
1.715230000000000000e+06
7.411720000000000000e+05
1.822444000000000000e+06
1.662485000000000000e+06
1.335162000000000000e+06
7.606720000000000000e+05
9.957610000000000000e+05
5.666390000000000000e+05
1.380630000000000000e+06
1.428345000000000000e+06
1.473833000000000000e+06
1.447387000000000000e+06
1.320400000000000000e+04
3.215890000000000000e+05
1.273883000000000000e+06
2.476580000000000000e+05
1.280735000000000000e+06
1.366705000000000000e+06
1.755221000000000000e+06
5.771200000000000000e+05
1.320231000000000000e+06
9.373820000000000000e+05
3.649650000000000000e+05
1.224130000000000000e+06
1.061216000000000000e+06
3.827790000000000000e+05
5.171420000000000000e+05
1.204716000000000000e+06
1.885560000000000000e+05
1.710653000000000000e+06
6.178860000000000000e+05
1.456269000000000000e+06
1.677550000000000000e+05
1.254725000000000000e+06
1.334636000000000000e+06
3.157260000000000000e+05
1.656833000000000000e+06
1.754957000000000000e+06
6.641650000000000000e+05
2.875430000000000000e+05
1.011029000000000000e+06
1.440460000000000000e+06
9.519450000000000000e+05
1.347271000000000000e+06
1.503400000000000000e+04
1.566067000000000000e+06
4.597240000000000000e+05
4.080560000000000000e+05
8.765550000000000000e+05
1.213638000000000000e+06
1.230784000000000000e+06
1.555880000000000000e+06
5.137160000000000000e+05
1.629106000000000000e+06
1.606395000000000000e+06
1.026326000000000000e+06
1.825100000000000000e+06
3.818290000000000000e+05
1.223357000000000000e+06
1.123054000000000000e+06
1.560919000000000000e+06
1.140985000000000000e+06
9.563700000000000000e+05
1.956200000000000000e+05
1.570236000000000000e+06
1.293164000000000000e+06
1.492747000000000000e+06
7.986000000000000000e+03
5.205120000000000000e+05
6.753500000000000000e+05
7.657510000000000000e+05
5.572860000000000000e+05
1.030256000000000000e+06
6.127140000000000000e+05
5.788780000000000000e+05
2.295700000000000000e+04
3.301700000000000000e+05
2.146900000000000000e+04
1.530549000000000000e+06
1.140973000000000000e+06
1.490933000000000000e+06
1.428998000000000000e+06
1.222446000000000000e+06
3.262680000000000000e+05
5.602570000000000000e+05
3.387100000000000000e+05
4.190300000000000000e+04
8.063800000000000000e+04
1.212440000000000000e+06
2.974970000000000000e+05
5.925830000000000000e+05
4.255400000000000000e+05
5.369220000000000000e+05
5.452700000000000000e+05
1.127800000000000000e+04
1.242387000000000000e+06
9.132010000000000000e+05
1.324816000000000000e+06
6.830730000000000000e+05
6.843840000000000000e+05
1.213966000000000000e+06
2.314900000000000000e+04
2.134220000000000000e+05
1.432304000000000000e+06
4.014590000000000000e+05
5.651910000000000000e+05
1.135542000000000000e+06
1.014601000000000000e+06
6.997000000000000000e+04
1.424608000000000000e+06
1.516204000000000000e+06
1.167460000000000000e+05
1.206603000000000000e+06
1.149455000000000000e+06
4.574830000000000000e+05
1.324758000000000000e+06
4.420820000000000000e+05
2.056980000000000000e+05
1.045915000000000000e+06
3.469180000000000000e+05
1.295861000000000000e+06
5.791780000000000000e+05
1.574542000000000000e+06
2.817990000000000000e+05
1.629472000000000000e+06
1.268538000000000000e+06
3.245350000000000000e+05
1.807430000000000000e+05
2.085990000000000000e+05
8.077800000000000000e+04
1.840926000000000000e+06
1.738788000000000000e+06
4.359540000000000000e+05
5.582760000000000000e+05
3.404150000000000000e+05
1.034292000000000000e+06
1.333445000000000000e+06
1.296907000000000000e+06
4.483450000000000000e+05
7.674970000000000000e+05
3.888880000000000000e+05
1.144669000000000000e+06
2.133120000000000000e+05
1.045458000000000000e+06
1.509775000000000000e+06
6.194050000000000000e+05
1.235424000000000000e+06
1.492431000000000000e+06
9.139570000000000000e+05
1.403992000000000000e+06
2.288650000000000000e+05
5.678530000000000000e+05
1.311780000000000000e+06
5.796330000000000000e+05
8.434000000000000000e+03
7.059570000000000000e+05
1.506743000000000000e+06
1.711674000000000000e+06
6.372390000000000000e+05
7.570270000000000000e+05
1.848776000000000000e+06
1.785865000000000000e+06
1.283823000000000000e+06
6.165740000000000000e+05
3.711540000000000000e+05
1.657100000000000000e+04
1.379839000000000000e+06
3.787440000000000000e+05
5.574800000000000000e+05
1.312111000000000000e+06
1.436316000000000000e+06
1.268045000000000000e+06
1.017312000000000000e+06
2.006590000000000000e+05
7.027080000000000000e+05
5.592960000000000000e+05
1.694234000000000000e+06
3.142810000000000000e+05
6.343870000000000000e+05
1.548247000000000000e+06
1.376176000000000000e+06
1.024000000000000000e+04
9.411150000000000000e+05
4.426650000000000000e+05
1.062827000000000000e+06
1.474298000000000000e+06
7.146770000000000000e+05
8.820830000000000000e+05
1.151120000000000000e+06
9.299420000000000000e+05
7.004300000000000000e+04
6.535130000000000000e+05
1.533296000000000000e+06
1.665916000000000000e+06
1.616105000000000000e+06
1.561948000000000000e+06
1.134093000000000000e+06
6.954480000000000000e+05
1.023428000000000000e+06
1.800250000000000000e+06
1.319145000000000000e+06
7.246880000000000000e+05
1.523154000000000000e+06
5.572310000000000000e+05
9.150070000000000000e+05
1.146110000000000000e+05
1.611018000000000000e+06
1.333761000000000000e+06
1.049739000000000000e+06
1.525325000000000000e+06
1.509640000000000000e+06
1.257831000000000000e+06
7.318140000000000000e+05
1.595330000000000000e+05
1.194800000000000000e+05
2.196900000000000000e+04
7.184620000000000000e+05
2.030220000000000000e+05
1.729647000000000000e+06
1.441841000000000000e+06
3.886200000000000000e+05
3.772620000000000000e+05
1.337933000000000000e+06
1.096526000000000000e+06
1.679686000000000000e+06
2.001840000000000000e+05
1.234129000000000000e+06
1.624691000000000000e+06
2.287800000000000000e+04
1.028771000000000000e+06
1.568976000000000000e+06
1.450423000000000000e+06
1.094425000000000000e+06
1.358681000000000000e+06
1.347393000000000000e+06
1.281685000000000000e+06
1.219357000000000000e+06
1.644540000000000000e+06
6.721850000000000000e+05
1.644641000000000000e+06
2.657180000000000000e+05
5.358500000000000000e+04
8.780070000000000000e+05
2.257070000000000000e+05
6.544780000000000000e+05
3.021190000000000000e+05
1.523263000000000000e+06
4.350170000000000000e+05
1.207430000000000000e+06
7.245040000000000000e+05
9.668540000000000000e+05
1.360551000000000000e+06
5.525000000000000000e+03
3.667520000000000000e+05
6.616840000000000000e+05
5.734410000000000000e+05
4.873000000000000000e+03
7.185850000000000000e+05
1.509931000000000000e+06
1.120940000000000000e+06
1.494758000000000000e+06
1.554449000000000000e+06
8.941000000000000000e+04
6.239340000000000000e+05
7.187780000000000000e+05
1.756212000000000000e+06
8.977480000000000000e+05
1.225096000000000000e+06
1.485361000000000000e+06
1.209970000000000000e+06
1.479014000000000000e+06
1.809000000000000000e+03
1.233470000000000000e+05
1.230330000000000000e+06
1.003304000000000000e+06
1.379547000000000000e+06
9.294500000000000000e+05
1.772040000000000000e+06
2.544600000000000000e+05
1.031000000000000000e+06
8.379480000000000000e+05
1.320106000000000000e+06
9.280520000000000000e+05
1.744309000000000000e+06
1.154003000000000000e+06
9.937730000000000000e+05
1.045700000000000000e+05
1.351850000000000000e+06
6.147310000000000000e+05
1.673658000000000000e+06
3.763000000000000000e+05
1.583590000000000000e+06
6.851670000000000000e+05
1.292956000000000000e+06
1.843845000000000000e+06
1.232236000000000000e+06
1.278846000000000000e+06
1.615045000000000000e+06
1.462714000000000000e+06
1.827785000000000000e+06
8.307420000000000000e+05
3.174260000000000000e+05
6.066650000000000000e+05
5.175090000000000000e+05
3.997040000000000000e+05
2.174350000000000000e+05
1.320244000000000000e+06
1.383014000000000000e+06
1.207450000000000000e+05
8.790900000000000000e+05
1.369170000000000000e+06
1.816833000000000000e+06
6.718560000000000000e+05
3.011980000000000000e+05
4.832130000000000000e+05
4.600450000000000000e+05
1.761914000000000000e+06
1.074380000000000000e+05
9.202490000000000000e+05
7.045650000000000000e+05
1.153353000000000000e+06
1.778753000000000000e+06
1.478860000000000000e+05
5.763960000000000000e+05
1.649653000000000000e+06
7.352260000000000000e+05
3.025210000000000000e+05
1.218109000000000000e+06
7.205420000000000000e+05
9.266000000000000000e+05
7.397910000000000000e+05
3.653020000000000000e+05
3.299140000000000000e+05
1.276538000000000000e+06
1.694588000000000000e+06
5.189690000000000000e+05
1.657851000000000000e+06
9.644010000000000000e+05
1.068709000000000000e+06
1.398872000000000000e+06
2.476700000000000000e+04
1.788385000000000000e+06
4.835560000000000000e+05
4.243450000000000000e+05
1.488682000000000000e+06
2.551330000000000000e+05
1.056997000000000000e+06
1.353192000000000000e+06
4.421470000000000000e+05
1.217699000000000000e+06
5.959970000000000000e+05
4.956510000000000000e+05
5.207630000000000000e+05
9.600000000000000000e+03
5.239650000000000000e+05
1.762340000000000000e+06
3.197180000000000000e+05
3.028660000000000000e+05
1.585544000000000000e+06
8.052700000000000000e+04
6.298400000000000000e+04
4.914930000000000000e+05
4.257170000000000000e+05
2.494780000000000000e+05
8.688180000000000000e+05
7.712230000000000000e+05
1.189761000000000000e+06
1.357470000000000000e+06
1.581582000000000000e+06
1.317400000000000000e+04
6.259100000000000000e+05
1.681436000000000000e+06
1.320665000000000000e+06
1.712896000000000000e+06
3.895620000000000000e+05
7.321110000000000000e+05
2.038660000000000000e+05
1.431692000000000000e+06
1.629525000000000000e+06
1.824670000000000000e+05
1.247749000000000000e+06
6.551450000000000000e+05
1.699923000000000000e+06
2.873410000000000000e+05
1.461825000000000000e+06
2.568330000000000000e+05
1.520028000000000000e+06
3.264910000000000000e+05
7.336360000000000000e+05
5.381950000000000000e+05
1.300774000000000000e+06
1.190675000000000000e+06
1.460677000000000000e+06
1.593344000000000000e+06
1.224616000000000000e+06
3.053190000000000000e+05
1.716400000000000000e+04
2.966420000000000000e+05
6.174580000000000000e+05
1.232352000000000000e+06
1.066448000000000000e+06
1.320374000000000000e+06
4.748330000000000000e+05
3.101480000000000000e+05
4.933200000000000000e+05
6.846280000000000000e+05
5.160460000000000000e+05
6.573670000000000000e+05
5.517250000000000000e+05
1.451115000000000000e+06
1.082735000000000000e+06
9.120380000000000000e+05
1.471659000000000000e+06
1.227812000000000000e+06
3.196870000000000000e+05
1.598488000000000000e+06
5.770110000000000000e+05
7.073430000000000000e+05
1.246205000000000000e+06
2.864870000000000000e+05
3.731590000000000000e+05
1.567775000000000000e+06
8.981290000000000000e+05
1.195786000000000000e+06
1.228558000000000000e+06
1.201396000000000000e+06
1.479885000000000000e+06
8.691870000000000000e+05
3.877380000000000000e+05
6.383290000000000000e+05
5.617130000000000000e+05
3.257690000000000000e+05
1.534068000000000000e+06
1.247228000000000000e+06
1.449603000000000000e+06
1.692155000000000000e+06
1.316379000000000000e+06
1.767418000000000000e+06
1.569449000000000000e+06
1.574886000000000000e+06
1.374091000000000000e+06
5.297500000000000000e+04
1.268880000000000000e+06
4.504330000000000000e+05
9.299640000000000000e+05
5.392290000000000000e+05
3.273990000000000000e+05
1.514519000000000000e+06
1.261872000000000000e+06
1.746559000000000000e+06
3.886620000000000000e+05
1.255561000000000000e+06
6.842590000000000000e+05
1.745542000000000000e+06
6.885630000000000000e+05
7.208240000000000000e+05
6.673670000000000000e+05
7.197960000000000000e+05
1.045105000000000000e+06
4.262120000000000000e+05
5.426050000000000000e+05
1.225787000000000000e+06
2.817200000000000000e+05
1.420003000000000000e+06
5.272160000000000000e+05
1.322107000000000000e+06
1.450653000000000000e+06
8.255300000000000000e+04
1.443841000000000000e+06
1.319171000000000000e+06
8.714490000000000000e+05
1.510205000000000000e+06
1.012723000000000000e+06
1.064996000000000000e+06
6.958970000000000000e+05
1.919500000000000000e+04
4.819100000000000000e+04
9.346750000000000000e+05
7.938300000000000000e+05
1.513345000000000000e+06
8.983950000000000000e+05
1.676004000000000000e+06
1.803670000000000000e+06
2.969410000000000000e+05
5.516670000000000000e+05
1.653408000000000000e+06
1.755499000000000000e+06
1.450743000000000000e+06
1.478630000000000000e+06
1.956130000000000000e+05
2.985160000000000000e+05
7.158360000000000000e+05
5.602710000000000000e+05
3.317020000000000000e+05
1.267568000000000000e+06
1.544449000000000000e+06
1.441326000000000000e+06
1.059026000000000000e+06
1.204318000000000000e+06
5.567690000000000000e+05
6.690060000000000000e+05
6.297940000000000000e+05
5.445780000000000000e+05
1.126673000000000000e+06
6.168230000000000000e+05
6.723660000000000000e+05
6.635000000000000000e+03
1.366035000000000000e+06
2.254830000000000000e+05
1.518748000000000000e+06
1.356789000000000000e+06
1.100284000000000000e+06
5.208660000000000000e+05
1.844983000000000000e+06
2.602780000000000000e+05
6.980080000000000000e+05
1.063363000000000000e+06
1.834200000000000000e+04
4.613990000000000000e+05
9.718000000000000000e+03
1.496603000000000000e+06
1.061475000000000000e+06
1.415505000000000000e+06
1.472348000000000000e+06
1.316760000000000000e+06
3.294100000000000000e+05
3.273370000000000000e+05
5.558620000000000000e+05
1.023791000000000000e+06
1.811870000000000000e+05
1.036366000000000000e+06
1.160059000000000000e+06
1.537609000000000000e+06
5.535740000000000000e+05
1.520447000000000000e+06
3.879590000000000000e+05
6.709240000000000000e+05
6.200840000000000000e+05
1.626516000000000000e+06
2.496570000000000000e+05
1.745241000000000000e+06
1.981840000000000000e+05
1.203205000000000000e+06
4.009090000000000000e+05
1.381403000000000000e+06
1.571335000000000000e+06
1.909770000000000000e+05
1.264257000000000000e+06
8.572940000000000000e+05
7.804390000000000000e+05
8.155500000000000000e+05
1.228502000000000000e+06
9.162140000000000000e+05
1.999560000000000000e+05
2.977620000000000000e+05
9.682200000000000000e+05
1.369505000000000000e+06
3.005000000000000000e+05
1.347571000000000000e+06
6.691430000000000000e+05
1.270922000000000000e+06
1.427033000000000000e+06
1.316178000000000000e+06
1.003377000000000000e+06
1.812096000000000000e+06
7.057400000000000000e+05
1.520903000000000000e+06
1.218029000000000000e+06
1.158164000000000000e+06
1.254731000000000000e+06
3.594000000000000000e+03
1.380427000000000000e+06
1.425471000000000000e+06
1.366503000000000000e+06
8.650000000000000000e+04
7.287880000000000000e+05
1.297139000000000000e+06
5.659140000000000000e+05
1.257974000000000000e+06
6.203080000000000000e+05
4.269700000000000000e+04
1.328170000000000000e+06
5.345220000000000000e+05
9.314260000000000000e+05
2.566670000000000000e+05
3.259050000000000000e+05
1.314078000000000000e+06
1.447944000000000000e+06
3.322010000000000000e+05
1.490194000000000000e+06
1.817955000000000000e+06
5.809730000000000000e+05
2.384900000000000000e+05
3.234480000000000000e+05
2.977940000000000000e+05
1.633110000000000000e+06
8.959170000000000000e+05
1.671035000000000000e+06
8.752480000000000000e+05
2.301080000000000000e+05
5.143390000000000000e+05
1.469794000000000000e+06
1.079620000000000000e+06
1.709750000000000000e+06
6.829360000000000000e+05
9.236010000000000000e+05
1.608841000000000000e+06
1.458687000000000000e+06
1.548210000000000000e+06
1.364257000000000000e+06
6.443430000000000000e+05
1.652894000000000000e+06
1.095387000000000000e+06
6.684910000000000000e+05
1.188952000000000000e+06
1.279279000000000000e+06
3.214590000000000000e+05
4.430500000000000000e+04
1.335652000000000000e+06
1.703148000000000000e+06
1.538517000000000000e+06
1.159491000000000000e+06
1.151547000000000000e+06
6.581470000000000000e+05
4.034310000000000000e+05
1.526179000000000000e+06
5.021170000000000000e+05
1.319229000000000000e+06
5.276230000000000000e+05
6.950800000000000000e+05
6.230000000000000000e+05
1.489932000000000000e+06
1.586090000000000000e+05
5.457500000000000000e+04
9.505190000000000000e+05
1.431236000000000000e+06
3.866460000000000000e+05
1.131347000000000000e+06
1.155028000000000000e+06
6.842640000000000000e+05
1.242855000000000000e+06
1.666282000000000000e+06
6.957940000000000000e+05
2.495060000000000000e+05
1.251102000000000000e+06
5.940210000000000000e+05
1.523145000000000000e+06
1.376252000000000000e+06
1.566775000000000000e+06
1.369683000000000000e+06
2.323690000000000000e+05
1.582699000000000000e+06
1.339795000000000000e+06
1.171107000000000000e+06
5.896670000000000000e+05
1.276040000000000000e+05
1.440327000000000000e+06
7.285280000000000000e+05
4.617010000000000000e+05
2.865650000000000000e+05
6.667380000000000000e+05
2.072050000000000000e+05
1.214526000000000000e+06
1.085050000000000000e+05
8.105000000000000000e+03
1.843927000000000000e+06
3.737290000000000000e+05
1.222130000000000000e+06
1.681938000000000000e+06
1.599936000000000000e+06
1.918560000000000000e+05
1.450695000000000000e+06
1.797960000000000000e+06
2.727120000000000000e+05
1.953980000000000000e+05
1.587001000000000000e+06
1.712379000000000000e+06
1.711403000000000000e+06
1.730530000000000000e+05
1.800203000000000000e+06
7.417790000000000000e+05
9.741940000000000000e+05
6.472860000000000000e+05
6.701910000000000000e+05
1.945190000000000000e+05
1.268878000000000000e+06
1.116146000000000000e+06
1.363882000000000000e+06
1.683293000000000000e+06
1.328605000000000000e+06
1.809800000000000000e+06
1.569934000000000000e+06
1.823126000000000000e+06
5.560890000000000000e+05
1.727294000000000000e+06
3.406280000000000000e+05
1.531720000000000000e+06
7.561800000000000000e+04
1.767631000000000000e+06
1.554672000000000000e+06
1.205526000000000000e+06
3.880890000000000000e+05
1.241340000000000000e+06
2.681320000000000000e+05
1.523748000000000000e+06
1.385419000000000000e+06
8.350000000000000000e+03
5.154280000000000000e+05
1.524316000000000000e+06
7.372720000000000000e+05
2.158100000000000000e+04
8.242360000000000000e+05
1.074418000000000000e+06
1.395274000000000000e+06
5.352190000000000000e+05
2.748240000000000000e+05
1.517121000000000000e+06
4.376730000000000000e+05
5.991990000000000000e+05
1.059637000000000000e+06
2.234000000000000000e+03
1.689342000000000000e+06
3.896550000000000000e+05
3.654910000000000000e+05
1.802577000000000000e+06
1.148747000000000000e+06
6.664750000000000000e+05
1.152897000000000000e+06
3.748200000000000000e+05
1.488213000000000000e+06
1.477312000000000000e+06
3.281160000000000000e+05
2.601500000000000000e+04
1.431085000000000000e+06
2.614600000000000000e+05
4.982370000000000000e+05
6.956010000000000000e+05
4.486690000000000000e+05
8.965040000000000000e+05
1.556152000000000000e+06
2.486880000000000000e+05
1.492532000000000000e+06
5.139520000000000000e+05
1.542887000000000000e+06
4.918820000000000000e+05
1.103330000000000000e+06
6.678690000000000000e+05
1.609755000000000000e+06
1.561637000000000000e+06
1.380637000000000000e+06
2.060200000000000000e+04
1.353865000000000000e+06
1.514229000000000000e+06
1.686041000000000000e+06
1.450623000000000000e+06
7.205770000000000000e+05
1.659770000000000000e+06
2.485400000000000000e+04
3.701730000000000000e+05
2.661130000000000000e+05
3.776380000000000000e+05
5.386790000000000000e+05
1.366533000000000000e+06
5.207420000000000000e+05
1.047130000000000000e+06
8.944970000000000000e+05
5.200440000000000000e+05
1.362464000000000000e+06
6.667340000000000000e+05
1.510067000000000000e+06
1.541673000000000000e+06
7.188350000000000000e+05
1.030590000000000000e+06
6.779370000000000000e+05
2.056050000000000000e+05
1.356317000000000000e+06
1.591481000000000000e+06
1.524229000000000000e+06
1.478288000000000000e+06
1.144049000000000000e+06
2.009420000000000000e+05
1.383122000000000000e+06
1.217500000000000000e+04
1.853162000000000000e+06
5.992750000000000000e+05
1.447953000000000000e+06
1.151604000000000000e+06
3.503430000000000000e+05
3.665200000000000000e+05
1.487984000000000000e+06
1.490306000000000000e+06
1.843796000000000000e+06
9.276020000000000000e+05
3.074370000000000000e+05
1.520452000000000000e+06
1.429638000000000000e+06
2.946470000000000000e+05
1.163663000000000000e+06
1.721339000000000000e+06
1.548290000000000000e+05
7.067620000000000000e+05
1.532205000000000000e+06
2.784530000000000000e+05
1.852023000000000000e+06
1.612960000000000000e+05
4.608050000000000000e+05
1.253034000000000000e+06
1.522595000000000000e+06
1.820343000000000000e+06
1.069540000000000000e+06
1.055556000000000000e+06
1.180200000000000000e+04
1.750962000000000000e+06
8.978470000000000000e+05
3.171140000000000000e+05
5.302850000000000000e+05
1.116350000000000000e+06
2.447210000000000000e+05
7.267620000000000000e+05
9.317940000000000000e+05
3.965410000000000000e+05
4.178680000000000000e+05
5.648740000000000000e+05
9.174570000000000000e+05
3.869500000000000000e+04
1.005230000000000000e+06
5.840340000000000000e+05
1.769548000000000000e+06
1.541050000000000000e+06
1.206103000000000000e+06
1.043481000000000000e+06
1.272585000000000000e+06
1.378588000000000000e+06
1.385738000000000000e+06
1.239591000000000000e+06
1.453412000000000000e+06
8.186220000000000000e+05
1.458319000000000000e+06
1.230882000000000000e+06
1.735382000000000000e+06
1.274321000000000000e+06
1.580291000000000000e+06
1.226383000000000000e+06
8.052900000000000000e+04
1.412357000000000000e+06
1.637763000000000000e+06
1.418449000000000000e+06
1.305833000000000000e+06
1.018562000000000000e+06
5.302630000000000000e+05
1.206164000000000000e+06
1.200223000000000000e+06
1.982900000000000000e+04
1.329996000000000000e+06
2.245540000000000000e+05
1.757988000000000000e+06
1.160115000000000000e+06
7.236410000000000000e+05
1.366085000000000000e+06
9.261280000000000000e+05
1.624187000000000000e+06
5.145530000000000000e+05
1.693601000000000000e+06
7.353800000000000000e+04
7.357600000000000000e+05
1.205403000000000000e+06
1.206497000000000000e+06
1.379097000000000000e+06
1.485214000000000000e+06
1.494733000000000000e+06
1.767354000000000000e+06
1.473981000000000000e+06
1.555566000000000000e+06
1.332263000000000000e+06
1.582052000000000000e+06
9.422350000000000000e+05
4.924510000000000000e+05
7.677550000000000000e+05
8.242000000000000000e+03
5.796300000000000000e+05
3.188300000000000000e+04
1.425139000000000000e+06
9.500090000000000000e+05
5.417290000000000000e+05
9.167740000000000000e+05
1.277958000000000000e+06
1.437647000000000000e+06
9.281810000000000000e+05
1.141728000000000000e+06
5.133700000000000000e+05
9.276790000000000000e+05
3.151110000000000000e+05
1.165405000000000000e+06
1.364872000000000000e+06
3.502200000000000000e+05
1.763596000000000000e+06
3.375580000000000000e+05
6.976650000000000000e+05
1.095857000000000000e+06
1.709405000000000000e+06
1.763111000000000000e+06
1.323585000000000000e+06
1.621161000000000000e+06
1.519043000000000000e+06
4.913910000000000000e+05
1.719652000000000000e+06
1.219105000000000000e+06
3.879380000000000000e+05
3.600510000000000000e+05
3.239920000000000000e+05
1.697785000000000000e+06
4.210500000000000000e+05
1.520302000000000000e+06
1.087696000000000000e+06
1.710034000000000000e+06
9.148180000000000000e+05
2.768760000000000000e+05
1.823692000000000000e+06
1.216624000000000000e+06
1.000145000000000000e+06
6.653600000000000000e+05
1.030206000000000000e+06
4.179770000000000000e+05
6.833520000000000000e+05
8.574000000000000000e+03
2.681490000000000000e+05
1.219274000000000000e+06
1.886600000000000000e+04
1.013312000000000000e+06
1.114522000000000000e+06
8.965900000000000000e+05
9.276100000000000000e+04
8.963830000000000000e+05
7.497700000000000000e+04
1.630615000000000000e+06
1.222167000000000000e+06
7.262350000000000000e+05
1.338154000000000000e+06
1.338350000000000000e+06
5.796080000000000000e+05
1.793700000000000000e+05
1.554286000000000000e+06
1.472045000000000000e+06
1.065830000000000000e+05
1.124259000000000000e+06
3.770270000000000000e+05
3.857400000000000000e+04
4.952390000000000000e+05
1.337004000000000000e+06
1.382126000000000000e+06
1.435671000000000000e+06
1.328439000000000000e+06
4.473220000000000000e+05
1.694900000000000000e+04
4.538490000000000000e+05
3.531020000000000000e+05
2.159000000000000000e+04
1.713331000000000000e+06
1.760032000000000000e+06
1.181135000000000000e+06
9.311130000000000000e+05
6.630940000000000000e+05
3.014560000000000000e+05
1.459961000000000000e+06
1.883300000000000000e+05
1.119838000000000000e+06
1.260598000000000000e+06
1.548098000000000000e+06
1.888600000000000000e+05
6.493060000000000000e+05
7.055790000000000000e+05
3.294280000000000000e+05
9.957690000000000000e+05
3.199110000000000000e+05
1.768451000000000000e+06
1.378827000000000000e+06
9.840000000000000000e+02
1.838194000000000000e+06
2.718980000000000000e+05
1.316663000000000000e+06
1.468290000000000000e+06
1.709319000000000000e+06
2.352700000000000000e+04
3.187230000000000000e+05
1.591594000000000000e+06
1.418201000000000000e+06
1.945020000000000000e+05
4.566310000000000000e+05
3.289300000000000000e+05
5.205420000000000000e+05
5.908680000000000000e+05
1.704070000000000000e+05
2.067040000000000000e+05
1.616300000000000000e+04
6.757950000000000000e+05
1.714645000000000000e+06
2.702670000000000000e+05
1.247501000000000000e+06
3.533390000000000000e+05
1.666940000000000000e+06
9.310940000000000000e+05
1.629796000000000000e+06
5.261690000000000000e+05
1.507010000000000000e+05
1.683737000000000000e+06
1.456052000000000000e+06
3.704350000000000000e+05
9.677830000000000000e+05
1.829621000000000000e+06
1.544138000000000000e+06
1.282513000000000000e+06
4.280300000000000000e+05
6.772910000000000000e+05
3.761590000000000000e+05
1.234000000000000000e+04
3.020340000000000000e+05
1.476239000000000000e+06
1.450492000000000000e+06
1.326957000000000000e+06
1.215780000000000000e+06
1.456760000000000000e+06
1.386089000000000000e+06
1.489700000000000000e+06
3.361630000000000000e+05
6.790440000000000000e+05
7.015450000000000000e+05
2.854940000000000000e+05
4.302420000000000000e+05
1.329491000000000000e+06
1.276754000000000000e+06
6.769670000000000000e+05
6.201900000000000000e+05
2.550880000000000000e+05
2.595740000000000000e+05
3.224110000000000000e+05
4.806960000000000000e+05
6.566050000000000000e+05
1.712837000000000000e+06
1.144610000000000000e+06
1.227900000000000000e+04
3.201670000000000000e+05
1.287310000000000000e+05
5.519960000000000000e+05
3.622460000000000000e+05
4.938500000000000000e+04
1.678992000000000000e+06
1.492667000000000000e+06
1.088599000000000000e+06
1.530469000000000000e+06
1.143350000000000000e+06
1.673442000000000000e+06
3.522360000000000000e+05
8.775740000000000000e+05
4.536930000000000000e+05
1.357922000000000000e+06
1.763384000000000000e+06
1.085130000000000000e+06
7.258810000000000000e+05
3.883600000000000000e+05
6.177210000000000000e+05
1.709455000000000000e+06
1.033544000000000000e+06
1.515955000000000000e+06
1.137327000000000000e+06
1.511660000000000000e+06
1.657969000000000000e+06
1.760645000000000000e+06
1.058638000000000000e+06
4.431870000000000000e+05
5.229200000000000000e+04
5.231420000000000000e+05
3.009750000000000000e+05
1.170902000000000000e+06
7.551640000000000000e+05
1.085562000000000000e+06
1.478565000000000000e+06
1.194631000000000000e+06
1.696851000000000000e+06
1.620183000000000000e+06
1.263676000000000000e+06
1.432561000000000000e+06
1.209028000000000000e+06
3.806980000000000000e+05
5.230100000000000000e+05
6.890460000000000000e+05
6.384030000000000000e+05
1.253262000000000000e+06
1.087741000000000000e+06
1.769166000000000000e+06
1.526367000000000000e+06
6.156260000000000000e+05
7.136520000000000000e+05
6.235270000000000000e+05
1.557551000000000000e+06
6.891040000000000000e+05
1.473959000000000000e+06
1.317649000000000000e+06
5.293760000000000000e+05
1.275156000000000000e+06
1.140937000000000000e+06
6.761470000000000000e+05
2.552160000000000000e+05
3.509250000000000000e+05
1.111383000000000000e+06
1.976900000000000000e+05
2.374710000000000000e+05
3.154840000000000000e+05
1.452465000000000000e+06
1.573671000000000000e+06
1.053190000000000000e+06
1.275701000000000000e+06
2.854480000000000000e+05
6.797920000000000000e+05
3.091640000000000000e+05
1.595925000000000000e+06
3.824640000000000000e+05
1.766134000000000000e+06
1.558830000000000000e+06
5.848190000000000000e+05
1.558428000000000000e+06
1.207772000000000000e+06
1.544480000000000000e+06
1.592746000000000000e+06
4.410140000000000000e+05
1.192749000000000000e+06
1.153767000000000000e+06
3.271070000000000000e+05
1.260332000000000000e+06
7.634340000000000000e+05
1.266396000000000000e+06
1.388047000000000000e+06
4.883600000000000000e+05
4.419840000000000000e+05
2.971640000000000000e+05
6.852410000000000000e+05
8.968000000000000000e+03
4.958680000000000000e+05
1.756271000000000000e+06
1.333143000000000000e+06
3.624070000000000000e+05
3.637880000000000000e+05
1.448215000000000000e+06
1.489160000000000000e+06
7.457900000000000000e+05
9.379090000000000000e+05
3.150750000000000000e+05
1.248556000000000000e+06
1.494477000000000000e+06
1.733763000000000000e+06
1.545823000000000000e+06
2.048300000000000000e+05
4.640070000000000000e+05
1.847698000000000000e+06
1.682322000000000000e+06
1.325024000000000000e+06
1.057512000000000000e+06
1.277670000000000000e+05
3.010750000000000000e+05
1.108230000000000000e+05
4.107950000000000000e+05
7.184660000000000000e+05
5.962430000000000000e+05
4.606000000000000000e+05
1.499250000000000000e+06
1.199829000000000000e+06
1.066407000000000000e+06
1.418749000000000000e+06
1.717763000000000000e+06
5.085100000000000000e+04
1.255802000000000000e+06
7.084920000000000000e+05
4.889070000000000000e+05
3.830270000000000000e+05
2.118660000000000000e+05
1.447155000000000000e+06
3.773780000000000000e+05
3.887680000000000000e+05
1.429747000000000000e+06
1.560197000000000000e+06
5.572620000000000000e+05
5.283630000000000000e+05
1.437255000000000000e+06
1.135061000000000000e+06
1.337371000000000000e+06
1.683116000000000000e+06
1.354709000000000000e+06
4.757770000000000000e+05
6.471440000000000000e+05
4.769750000000000000e+05
1.867280000000000000e+05
1.306738000000000000e+06
1.096410000000000000e+06
1.294750000000000000e+06
1.345378000000000000e+06
1.247921000000000000e+06
1.392022000000000000e+06
1.376931000000000000e+06
5.428820000000000000e+05
1.514473000000000000e+06
6.735850000000000000e+05
1.268599000000000000e+06
1.191970000000000000e+05
1.347906000000000000e+06
6.663550000000000000e+05
1.767540000000000000e+06
1.636991000000000000e+06
3.153000000000000000e+03
2.333400000000000000e+04
3.888090000000000000e+05
1.629982000000000000e+06
1.476200000000000000e+04
1.085352000000000000e+06
6.147990000000000000e+05
4.447410000000000000e+05
1.031110000000000000e+05
6.574900000000000000e+05
1.776647000000000000e+06
1.554569000000000000e+06
1.761953000000000000e+06
5.805140000000000000e+05
1.278288000000000000e+06
2.593660000000000000e+05
1.336564000000000000e+06
1.588188000000000000e+06
7.353810000000000000e+05
5.552230000000000000e+05
3.787010000000000000e+05
3.987350000000000000e+05
1.461175000000000000e+06
6.574430000000000000e+05
1.302281000000000000e+06
1.736225000000000000e+06
1.783663000000000000e+06
1.083950000000000000e+05
3.265050000000000000e+05
1.327500000000000000e+06
5.143000000000000000e+05
3.722750000000000000e+05
1.567384000000000000e+06
1.144098000000000000e+06
1.357551000000000000e+06
2.018170000000000000e+05
6.088000000000000000e+04
5.872620000000000000e+05
7.063460000000000000e+05
5.506000000000000000e+03
4.014150000000000000e+05
1.465810000000000000e+05
1.339318000000000000e+06
3.530740000000000000e+05
3.581080000000000000e+05
1.533940000000000000e+06
1.331167000000000000e+06
4.430000000000000000e+02
1.345123000000000000e+06
1.782059000000000000e+06
1.826532000000000000e+06
1.385319000000000000e+06
1.145164000000000000e+06
1.347315000000000000e+06
3.273790000000000000e+05
1.266729000000000000e+06
4.509030000000000000e+05
1.993050000000000000e+05
9.266800000000000000e+05
5.240100000000000000e+05
1.227471000000000000e+06
5.231070000000000000e+05
1.292377000000000000e+06
1.439012000000000000e+06
6.143040000000000000e+05
2.926300000000000000e+05
1.127103000000000000e+06
3.023830000000000000e+05
1.209290000000000000e+05
1.698060000000000000e+06
1.237267000000000000e+06
5.984340000000000000e+05
1.416068000000000000e+06
3.066310000000000000e+05
2.960250000000000000e+05
1.199304000000000000e+06
7.046020000000000000e+05
1.330827000000000000e+06
1.305716000000000000e+06
1.762388000000000000e+06
4.226800000000000000e+05
1.761861000000000000e+06
4.559220000000000000e+05
4.978450000000000000e+05
1.254022000000000000e+06
3.192150000000000000e+05
1.779482000000000000e+06
1.074700000000000000e+04
1.390294000000000000e+06
1.465515000000000000e+06
1.491380000000000000e+06
1.381932000000000000e+06
4.470330000000000000e+05
1.643400000000000000e+04
1.583176000000000000e+06
1.784940000000000000e+05
1.372296000000000000e+06
1.757008000000000000e+06
6.184780000000000000e+05
7.252480000000000000e+05
1.487382000000000000e+06
5.250860000000000000e+05
1.463249000000000000e+06
5.918200000000000000e+05
1.456670000000000000e+06
6.646140000000000000e+05
1.073777000000000000e+06
1.547858000000000000e+06
9.002730000000000000e+05
2.453000000000000000e+05
5.395130000000000000e+05
1.656949000000000000e+06
8.685780000000000000e+05
7.797740000000000000e+05
9.348400000000000000e+05
2.190810000000000000e+05
1.147235000000000000e+06
1.598171000000000000e+06
3.593960000000000000e+05
1.205390000000000000e+06
1.638790000000000000e+06
1.066732000000000000e+06
3.817930000000000000e+05
1.682870000000000000e+05
4.601130000000000000e+05
1.462913000000000000e+06
1.745044000000000000e+06
2.545560000000000000e+05
1.665639000000000000e+06
2.332330000000000000e+05
5.856250000000000000e+05
5.675230000000000000e+05
5.702060000000000000e+05
1.414406000000000000e+06
1.343373000000000000e+06
1.967770000000000000e+05
6.662640000000000000e+05
3.754850000000000000e+05
1.673386000000000000e+06
9.494510000000000000e+05
1.531713000000000000e+06
3.772330000000000000e+05
7.289690000000000000e+05
1.022819000000000000e+06
7.780000000000000000e+02
1.567963000000000000e+06
1.657322000000000000e+06
9.930000000000000000e+03
1.714533000000000000e+06
1.420025000000000000e+06
2.913560000000000000e+05
1.713581000000000000e+06
5.589730000000000000e+05
1.365307000000000000e+06
1.564859000000000000e+06
1.630050000000000000e+06
3.697560000000000000e+05
1.640020000000000000e+05
3.934740000000000000e+05
9.011750000000000000e+05
1.211011000000000000e+06
4.581960000000000000e+05
1.165710000000000000e+06
3.121740000000000000e+05
1.530314000000000000e+06
1.335129000000000000e+06
1.602990000000000000e+05
7.049890000000000000e+05
2.424900000000000000e+04
2.295300000000000000e+05
1.763146000000000000e+06
3.234200000000000000e+05
4.257050000000000000e+05
1.267726000000000000e+06
3.538250000000000000e+05
7.064620000000000000e+05
1.478262000000000000e+06
1.275250000000000000e+06
3.606320000000000000e+05
4.156730000000000000e+05
1.111196000000000000e+06
1.761534000000000000e+06
2.338000000000000000e+04
1.268300000000000000e+06
1.643170000000000000e+05
3.782580000000000000e+05
1.481083000000000000e+06
1.578610000000000000e+05
1.712842000000000000e+06
2.478630000000000000e+05
8.210300000000000000e+04
1.355953000000000000e+06
8.829650000000000000e+05
1.078030000000000000e+05
9.938210000000000000e+05
2.256180000000000000e+05
4.132200000000000000e+04
6.770480000000000000e+05
1.592850000000000000e+06
2.482220000000000000e+05
8.287500000000000000e+04
9.481410000000000000e+05
1.354347000000000000e+06
1.626313000000000000e+06
1.840144000000000000e+06
1.181651000000000000e+06
1.302820000000000000e+05
1.238795000000000000e+06
9.941440000000000000e+05
4.440900000000000000e+05
1.519973000000000000e+06
1.656725000000000000e+06
1.416666000000000000e+06
4.845800000000000000e+04
3.169200000000000000e+05
3.417450000000000000e+05
1.006295000000000000e+06
4.421480000000000000e+05
1.380322000000000000e+06
7.173840000000000000e+05
1.664016000000000000e+06
1.427904000000000000e+06
1.324022000000000000e+06
1.584891000000000000e+06
4.721990000000000000e+05
1.828501000000000000e+06
1.279245000000000000e+06
1.590180000000000000e+05
1.749034000000000000e+06
5.637600000000000000e+05
1.656453000000000000e+06
1.706678000000000000e+06
1.398498000000000000e+06
6.661550000000000000e+05
1.235748000000000000e+06
1.188252000000000000e+06
1.416234000000000000e+06
1.069451000000000000e+06
1.738591000000000000e+06
1.544748000000000000e+06
1.226056000000000000e+06
1.338368000000000000e+06
2.663630000000000000e+05
1.552050000000000000e+05
1.240760000000000000e+06
1.385780000000000000e+06
1.177915000000000000e+06
2.510040000000000000e+05
1.571198000000000000e+06
3.329060000000000000e+05
7.281410000000000000e+05
1.800253000000000000e+06
1.491776000000000000e+06
1.465364000000000000e+06
1.082769000000000000e+06
1.221699000000000000e+06
1.509793000000000000e+06
1.470876000000000000e+06
5.685670000000000000e+05
1.536936000000000000e+06
1.606708000000000000e+06
9.355800000000000000e+05
2.971670000000000000e+05
1.657444000000000000e+06
1.279288000000000000e+06
3.030380000000000000e+05
1.209801000000000000e+06
1.633116000000000000e+06
5.658380000000000000e+05
2.150200000000000000e+04
1.929640000000000000e+05
1.616896000000000000e+06
6.630400000000000000e+04
1.383973000000000000e+06
6.554360000000000000e+05
1.274983000000000000e+06
8.967910000000000000e+05
4.692800000000000000e+05
1.655971000000000000e+06
8.975140000000000000e+05
1.792970000000000000e+05
1.846283000000000000e+06
5.603870000000000000e+05
1.103571000000000000e+06
1.649430000000000000e+05
1.058993000000000000e+06
5.155340000000000000e+05
9.340610000000000000e+05
1.155937000000000000e+06
1.043911000000000000e+06
3.688200000000000000e+04
1.828600000000000000e+04
2.688500000000000000e+04
1.213381000000000000e+06
4.998970000000000000e+05
1.175950000000000000e+05
1.836049000000000000e+06
6.874900000000000000e+05
3.022810000000000000e+05
2.809190000000000000e+05
1.710776000000000000e+06
1.145321000000000000e+06
9.513440000000000000e+05
1.638402000000000000e+06
1.331779000000000000e+06
1.672886000000000000e+06
1.489887000000000000e+06
1.043416000000000000e+06
5.283700000000000000e+05
1.851005000000000000e+06
1.232027000000000000e+06
1.480052000000000000e+06
1.873270000000000000e+05
5.847550000000000000e+05
1.493838000000000000e+06
4.863700000000000000e+04
1.845510000000000000e+06
1.506671000000000000e+06
1.770723000000000000e+06
1.035420000000000000e+05
1.657169000000000000e+06
3.253390000000000000e+05
8.484000000000000000e+03
1.459126000000000000e+06
1.758096000000000000e+06
6.294840000000000000e+05
1.323876000000000000e+06
1.256396000000000000e+06
2.459300000000000000e+05
1.824412000000000000e+06
2.234500000000000000e+04
1.202660000000000000e+06
1.626054000000000000e+06
2.982210000000000000e+05
4.981770000000000000e+05
6.802810000000000000e+05
2.603500000000000000e+04
1.521227000000000000e+06
3.005340000000000000e+05
1.164021000000000000e+06
1.834166000000000000e+06
1.710952000000000000e+06
5.112750000000000000e+05
6.093780000000000000e+05
3.541210000000000000e+05
1.326528000000000000e+06
2.909440000000000000e+05
7.291910000000000000e+05
7.078500000000000000e+05
1.463270000000000000e+06
1.834447000000000000e+06
2.142000000000000000e+04
7.489010000000000000e+05
5.774200000000000000e+04
1.456396000000000000e+06
1.207714000000000000e+06
4.581240000000000000e+05
5.340990000000000000e+05
1.246666000000000000e+06
4.340590000000000000e+05
4.581000000000000000e+03
5.342080000000000000e+05
1.261846000000000000e+06
2.848760000000000000e+05
3.492250000000000000e+05
1.841200000000000000e+04
1.472474000000000000e+06
1.106817000000000000e+06
3.016150000000000000e+05
3.445290000000000000e+05
1.719482000000000000e+06
1.303989000000000000e+06
1.457900000000000000e+04
1.540844000000000000e+06
1.323792000000000000e+06
1.380367000000000000e+06
6.789400000000000000e+05
1.466827000000000000e+06
1.244841000000000000e+06
1.149590000000000000e+06
1.353178000000000000e+06
1.276515000000000000e+06
7.032180000000000000e+05
1.553663000000000000e+06
5.741580000000000000e+05
1.324949000000000000e+06
1.359700000000000000e+04
1.441712000000000000e+06
7.210660000000000000e+05
1.007410000000000000e+05
1.250348000000000000e+06
1.332828000000000000e+06
8.952770000000000000e+05
1.533342000000000000e+06
2.427650000000000000e+05
1.156383000000000000e+06
8.278410000000000000e+05
7.956940000000000000e+05
8.606790000000000000e+05
3.775650000000000000e+05
1.468924000000000000e+06
2.007900000000000000e+05
1.492767000000000000e+06
6.319540000000000000e+05
3.708510000000000000e+05
1.400662000000000000e+06
6.154670000000000000e+05
1.363751000000000000e+06
4.360510000000000000e+05
1.569627000000000000e+06
1.187254000000000000e+06
5.250900000000000000e+05
3.794510000000000000e+05
1.327823000000000000e+06
1.631228000000000000e+06
2.285400000000000000e+04
5.842190000000000000e+05
4.653400000000000000e+05
1.253221000000000000e+06
1.307308000000000000e+06
3.752980000000000000e+05
1.625511000000000000e+06
1.497647000000000000e+06
3.601860000000000000e+05
1.479175000000000000e+06
1.350030000000000000e+05
1.218328000000000000e+06
5.152720000000000000e+05
5.657670000000000000e+05
3.139530000000000000e+05
1.628285000000000000e+06
8.964830000000000000e+05
5.862830000000000000e+05
1.761050000000000000e+05
7.475400000000000000e+04
1.594302000000000000e+06
1.456884000000000000e+06
3.847010000000000000e+05
7.000800000000000000e+05
2.004500000000000000e+04
1.615490000000000000e+05
1.241597000000000000e+06
5.257670000000000000e+05
9.718710000000000000e+05
1.395706000000000000e+06
1.259270000000000000e+06
1.433352000000000000e+06
1.211575000000000000e+06
1.356575000000000000e+06
2.619910000000000000e+05
1.530284000000000000e+06
1.293941000000000000e+06
1.355659000000000000e+06
1.671034000000000000e+06
1.024110000000000000e+06
1.322763000000000000e+06
1.755710000000000000e+06
4.692240000000000000e+05
1.848346000000000000e+06
5.575470000000000000e+05
1.268413000000000000e+06
6.715500000000000000e+05
1.382719000000000000e+06
3.710110000000000000e+05
9.247510000000000000e+05
1.266359000000000000e+06
5.282100000000000000e+04
2.754950000000000000e+05
1.433661000000000000e+06
1.277851000000000000e+06
1.166306000000000000e+06
1.283950000000000000e+06
9.473710000000000000e+05
1.203700000000000000e+04
1.208120000000000000e+06
3.788640000000000000e+05
8.109750000000000000e+05
8.483220000000000000e+05
7.015510000000000000e+05
5.515250000000000000e+05
5.570460000000000000e+05
4.676420000000000000e+05
9.364180000000000000e+05
6.964460000000000000e+05
1.537210000000000000e+06
6.780040000000000000e+05
1.259786000000000000e+06
1.323127000000000000e+06
1.349984000000000000e+06
1.643200000000000000e+04
1.635168000000000000e+06
1.651356000000000000e+06
1.776899000000000000e+06
5.506520000000000000e+05
1.229329000000000000e+06
1.164748000000000000e+06
6.609750000000000000e+05
3.911140000000000000e+05
5.290710000000000000e+05
8.891210000000000000e+05
5.040160000000000000e+05
1.064494000000000000e+06
1.382527000000000000e+06
1.187308000000000000e+06
1.608044000000000000e+06
1.594661000000000000e+06
1.257620000000000000e+05
3.681350000000000000e+05
1.373542000000000000e+06
6.029450000000000000e+05
1.496977000000000000e+06
5.411060000000000000e+05
1.277700000000000000e+06
1.077793000000000000e+06
1.694240000000000000e+05
1.426070000000000000e+05
1.761218000000000000e+06
1.685559000000000000e+06
1.100650000000000000e+05
1.192030000000000000e+05
2.986090000000000000e+05
1.085165000000000000e+06
2.128260000000000000e+05
1.127900000000000000e+04
4.411700000000000000e+05
6.685870000000000000e+05
3.603700000000000000e+05
5.760520000000000000e+05
6.666920000000000000e+05
2.033000000000000000e+04
1.023430000000000000e+06
1.694141000000000000e+06
3.441120000000000000e+05
7.061880000000000000e+05
1.277467000000000000e+06
1.449137000000000000e+06
1.319118000000000000e+06
1.249154000000000000e+06
4.753100000000000000e+05
2.251210000000000000e+05
1.087425000000000000e+06
1.338478000000000000e+06
1.592753000000000000e+06
1.842582000000000000e+06
9.936940000000000000e+05
4.968380000000000000e+05
6.688430000000000000e+05
5.776080000000000000e+05
1.767894000000000000e+06
1.148821000000000000e+06
6.665020000000000000e+05
8.252400000000000000e+04
1.232319000000000000e+06
1.718505000000000000e+06
1.226687000000000000e+06
1.693790000000000000e+06
1.372844000000000000e+06
5.687620000000000000e+05
2.264070000000000000e+05
2.927530000000000000e+05
5.986650000000000000e+05
1.710736000000000000e+06
1.383512000000000000e+06
1.463007000000000000e+06
7.183860000000000000e+05
7.196520000000000000e+05
1.232163000000000000e+06
1.323523000000000000e+06
1.694246000000000000e+06
1.157304000000000000e+06
1.346950000000000000e+05
1.714914000000000000e+06
1.165801000000000000e+06
1.580959000000000000e+06
1.304134000000000000e+06
1.005614000000000000e+06
1.366717000000000000e+06
1.681861000000000000e+06
1.846498000000000000e+06
5.173220000000000000e+05
5.733200000000000000e+05
1.535481000000000000e+06
3.255040000000000000e+05
1.347455000000000000e+06
1.520461000000000000e+06
1.712221000000000000e+06
2.042240000000000000e+05
7.236990000000000000e+05
3.565480000000000000e+05
5.573790000000000000e+05
1.161471000000000000e+06
1.518985000000000000e+06
1.277796000000000000e+06
2.204200000000000000e+04
1.484203000000000000e+06
1.592482000000000000e+06
1.981940000000000000e+05
5.507800000000000000e+04
8.140750000000000000e+05
9.274200000000000000e+05
1.074364000000000000e+06
1.396170000000000000e+05
2.045000000000000000e+03
1.640520000000000000e+06
9.244470000000000000e+05
2.545110000000000000e+05
1.509887000000000000e+06
1.329768000000000000e+06
9.679630000000000000e+05
1.271470000000000000e+05
1.268085000000000000e+06
9.313040000000000000e+05
1.399923000000000000e+06
1.036100000000000000e+04
1.248331000000000000e+06
1.834118000000000000e+06
1.685899000000000000e+06
1.092062000000000000e+06
4.755960000000000000e+05
6.759890000000000000e+05
1.160291000000000000e+06
1.103400000000000000e+06
2.620560000000000000e+05
1.269145000000000000e+06
1.298096000000000000e+06
7.019300000000000000e+05
1.763572000000000000e+06
1.060095000000000000e+06
1.813563000000000000e+06
5.775780000000000000e+05
6.599400000000000000e+04
1.953960000000000000e+05
3.981120000000000000e+05
5.929080000000000000e+05
1.185688000000000000e+06
1.297893000000000000e+06
1.471801000000000000e+06
4.215850000000000000e+05
1.267734000000000000e+06
1.490764000000000000e+06
3.041230000000000000e+05
1.059325000000000000e+06
3.043820000000000000e+05
1.850804000000000000e+06
8.160500000000000000e+04
1.303023000000000000e+06
1.474186000000000000e+06
1.463564000000000000e+06
3.986420000000000000e+05
1.854165000000000000e+06
2.496150000000000000e+05
6.673030000000000000e+05
1.349262000000000000e+06
4.503740000000000000e+05
1.341843000000000000e+06
5.980990000000000000e+05
1.635552000000000000e+06
2.601800000000000000e+04
1.770187000000000000e+06
1.632599000000000000e+06
3.774190000000000000e+05
1.759978000000000000e+06
1.192322000000000000e+06
1.366046000000000000e+06
1.849700000000000000e+04
1.225497000000000000e+06
1.269991000000000000e+06
1.419941000000000000e+06
3.136830000000000000e+05
6.691940000000000000e+05
1.726169000000000000e+06
3.247440000000000000e+05
1.156953000000000000e+06
1.099062000000000000e+06
3.922050000000000000e+05
1.345341000000000000e+06
1.378907000000000000e+06
3.058220000000000000e+05
1.691691000000000000e+06
1.064757000000000000e+06
1.579971000000000000e+06
9.421000000000000000e+03
1.030932000000000000e+06
8.213870000000000000e+05
8.798310000000000000e+05
7.728400000000000000e+05
9.355440000000000000e+05
1.433847000000000000e+06
1.300401000000000000e+06
1.744485000000000000e+06
3.237410000000000000e+05
1.516712000000000000e+06
4.911200000000000000e+05
4.393220000000000000e+05
1.642087000000000000e+06
5.927230000000000000e+05
5.796530000000000000e+05
1.635949000000000000e+06
6.780020000000000000e+05
1.912000000000000000e+03
1.052450000000000000e+06
1.646122000000000000e+06
1.277742000000000000e+06
3.560650000000000000e+05
1.663611000000000000e+06
1.773380000000000000e+05
1.385790000000000000e+06
1.946170000000000000e+05
2.301900000000000000e+04
7.286150000000000000e+05
1.315850000000000000e+05
5.275180000000000000e+05
1.585209000000000000e+06
1.320305000000000000e+06
9.281600000000000000e+04
1.808378000000000000e+06
1.367633000000000000e+06
1.267562000000000000e+06
2.636340000000000000e+05
1.205086000000000000e+06
3.709360000000000000e+05
1.440821000000000000e+06
1.199542000000000000e+06
2.407660000000000000e+05
7.312000000000000000e+03
5.488820000000000000e+05
1.630648000000000000e+06
1.710076000000000000e+06
1.476344000000000000e+06
2.821390000000000000e+05
9.231260000000000000e+05
8.913100000000000000e+04
1.758357000000000000e+06
1.364977000000000000e+06
3.381630000000000000e+05
1.765281000000000000e+06
2.010800000000000000e+05
1.085100000000000000e+04
4.755610000000000000e+05
1.252112000000000000e+06
1.074915000000000000e+06
1.812465000000000000e+06
1.556088000000000000e+06
1.436978000000000000e+06
6.411430000000000000e+05
5.859550000000000000e+05
1.232356000000000000e+06
4.162310000000000000e+05
1.674003000000000000e+06
1.603066000000000000e+06
2.121900000000000000e+05
1.706711000000000000e+06
1.069441000000000000e+06
3.785730000000000000e+05
1.761819000000000000e+06
2.540370000000000000e+05
1.166064000000000000e+06
1.530235000000000000e+06
5.616100000000000000e+05
1.242756000000000000e+06
5.062800000000000000e+05
5.350430000000000000e+05
1.104100000000000000e+04
1.758401000000000000e+06
1.614129000000000000e+06
1.633417000000000000e+06
3.001310000000000000e+05
7.355830000000000000e+05
1.094593000000000000e+06
4.672000000000000000e+04
1.129069000000000000e+06
3.079080000000000000e+05
1.687010000000000000e+05
4.385850000000000000e+05
1.957200000000000000e+05
5.590190000000000000e+05
1.109572000000000000e+06
1.685352000000000000e+06
3.770670000000000000e+05
7.036740000000000000e+05
7.767200000000000000e+04
1.037305000000000000e+06
1.653656000000000000e+06
1.085304000000000000e+06
6.226000000000000000e+04
1.365808000000000000e+06
1.781994000000000000e+06
3.543180000000000000e+05
1.250662000000000000e+06
3.724080000000000000e+05
2.721030000000000000e+05
1.556916000000000000e+06
4.753290000000000000e+05
1.280610000000000000e+05
1.467656000000000000e+06
1.667810000000000000e+05
7.016200000000000000e+04
1.541870000000000000e+05
1.144912000000000000e+06
1.356156000000000000e+06
1.734305000000000000e+06
3.792180000000000000e+05
2.507000000000000000e+05
9.276980000000000000e+05
3.299330000000000000e+05
1.324611000000000000e+06
1.067922000000000000e+06
1.491014000000000000e+06
1.492017000000000000e+06
1.253414000000000000e+06
2.770900000000000000e+05
1.218578000000000000e+06
5.232090000000000000e+05
1.706616000000000000e+06
1.765460000000000000e+06
1.339031000000000000e+06
1.757900000000000000e+06
1.234663000000000000e+06
1.256956000000000000e+06
1.259804000000000000e+06
2.052990000000000000e+05
6.167410000000000000e+05
1.054295000000000000e+06
1.592234000000000000e+06
7.106340000000000000e+05
1.692631000000000000e+06
1.808779000000000000e+06
1.295045000000000000e+06
1.371976000000000000e+06
5.702220000000000000e+05
5.502470000000000000e+05
1.380107000000000000e+06
4.325420000000000000e+05
1.528546000000000000e+06
1.133174000000000000e+06
5.031330000000000000e+05
1.425408000000000000e+06
2.177120000000000000e+05
6.841130000000000000e+05
1.207350000000000000e+05
1.535000000000000000e+04
2.007720000000000000e+05
1.287685000000000000e+06
1.056500000000000000e+04
1.766727000000000000e+06
1.797025000000000000e+06
2.032350000000000000e+05
1.681891000000000000e+06
1.554330000000000000e+06
2.237490000000000000e+05
1.727105000000000000e+06
1.166468000000000000e+06
1.482443000000000000e+06
1.456230000000000000e+06
6.839440000000000000e+05
7.732000000000000000e+03
2.115800000000000000e+05
1.139230000000000000e+06
5.160900000000000000e+04
1.140215000000000000e+06
4.369800000000000000e+04
8.791050000000000000e+05
1.706970000000000000e+05
5.244870000000000000e+05
4.135470000000000000e+05
1.869480000000000000e+05
1.113360000000000000e+05
1.331478000000000000e+06
5.537520000000000000e+05
1.230696000000000000e+06
1.321933000000000000e+06
5.344830000000000000e+05
1.158603000000000000e+06
2.861510000000000000e+05
1.195008000000000000e+06
3.516190000000000000e+05
2.501390000000000000e+05
1.330095000000000000e+06
1.213200000000000000e+04
2.498160000000000000e+05
9.207040000000000000e+05
3.756680000000000000e+05
1.300938000000000000e+06
1.160957000000000000e+06
1.260366000000000000e+06
7.580000000000000000e+04
1.300815000000000000e+06
1.415668000000000000e+06
1.263000000000000000e+06
5.941000000000000000e+03
6.974470000000000000e+05
5.169930000000000000e+05
1.114000000000000000e+04
5.577590000000000000e+05
6.559540000000000000e+05
1.043606000000000000e+06
1.242498000000000000e+06
5.732890000000000000e+05
2.245030000000000000e+05
1.750460000000000000e+06
6.308470000000000000e+05
1.483352000000000000e+06
5.582650000000000000e+05
1.380222000000000000e+06
1.279430000000000000e+06
1.221470000000000000e+05
1.146190000000000000e+05
1.260641000000000000e+06
4.658680000000000000e+05
5.248360000000000000e+05
1.177710000000000000e+05
6.963610000000000000e+05
2.803470000000000000e+05
7.044930000000000000e+05
6.167060000000000000e+05
9.164780000000000000e+05
1.038449000000000000e+06
5.519300000000000000e+04
1.294662000000000000e+06
6.263970000000000000e+05
6.772030000000000000e+05
2.976480000000000000e+05
2.022850000000000000e+05
1.247497000000000000e+06
1.644511000000000000e+06
1.236645000000000000e+06
5.974070000000000000e+05
2.727450000000000000e+05
6.730100000000000000e+05
7.029730000000000000e+05
1.673457000000000000e+06
6.828960000000000000e+05
1.336424000000000000e+06
2.174190000000000000e+05
1.390470000000000000e+05
3.942600000000000000e+04
1.213995000000000000e+06
2.111960000000000000e+05
4.884940000000000000e+05
2.750370000000000000e+05
1.396870000000000000e+06
1.712471000000000000e+06
6.880180000000000000e+05
1.087860000000000000e+06
3.561710000000000000e+05
2.226290000000000000e+05
6.376670000000000000e+05
1.418299000000000000e+06
5.196340000000000000e+05
5.233860000000000000e+05
1.180523000000000000e+06
4.636610000000000000e+05
1.766820000000000000e+06
1.697367000000000000e+06
1.377917000000000000e+06
2.298700000000000000e+04
2.071620000000000000e+05
4.016990000000000000e+05
1.274520000000000000e+05
1.638914000000000000e+06
1.684171000000000000e+06
1.268063000000000000e+06
7.065180000000000000e+05
4.167340000000000000e+05
1.539213000000000000e+06
1.366330000000000000e+06
1.999090000000000000e+05
1.344922000000000000e+06
1.593751000000000000e+06
6.376260000000000000e+05
9.471320000000000000e+05
1.293628000000000000e+06
2.001810000000000000e+05
4.844890000000000000e+05
1.366998000000000000e+06
1.301310000000000000e+05
1.440340000000000000e+06
5.428780000000000000e+05
5.220950000000000000e+05
1.665120000000000000e+05
4.649040000000000000e+05
1.203330000000000000e+05
1.568787000000000000e+06
4.674450000000000000e+05
1.108398000000000000e+06
2.422750000000000000e+05
5.036550000000000000e+05
1.055296000000000000e+06
1.110112000000000000e+06
1.254174000000000000e+06
4.480840000000000000e+05
1.018660000000000000e+05
4.207560000000000000e+05
5.798140000000000000e+05
1.719110000000000000e+05
1.151786000000000000e+06
2.664280000000000000e+05
2.495920000000000000e+05
1.421274000000000000e+06
1.165306000000000000e+06
1.517000000000000000e+04
1.467066000000000000e+06
3.878220000000000000e+05
7.223760000000000000e+05
4.422080000000000000e+05
3.664150000000000000e+05
1.426500000000000000e+06
1.380729000000000000e+06
4.731460000000000000e+05
1.322777000000000000e+06
1.832683000000000000e+06
4.569420000000000000e+05
4.390330000000000000e+05
1.662713000000000000e+06
3.872890000000000000e+05
1.665189000000000000e+06
6.529200000000000000e+05
7.494240000000000000e+05
7.305030000000000000e+05
9.315710000000000000e+05
4.952900000000000000e+04
6.345330000000000000e+05
1.813576000000000000e+06
4.776490000000000000e+05
1.597394000000000000e+06
3.993030000000000000e+05
1.253971000000000000e+06
3.120140000000000000e+05
1.478474000000000000e+06
1.125490000000000000e+06
1.279418000000000000e+06
4.567610000000000000e+05
1.208710000000000000e+05
4.888900000000000000e+04
3.539250000000000000e+05
1.187293000000000000e+06
1.370444000000000000e+06
1.143630000000000000e+06
1.846597000000000000e+06
1.073510000000000000e+05
1.242670000000000000e+06
1.545442000000000000e+06
1.762294000000000000e+06
8.879900000000000000e+05
1.640972000000000000e+06
1.130880000000000000e+06
3.669430000000000000e+05
3.862650000000000000e+05
1.594571000000000000e+06
1.568368000000000000e+06
1.803831000000000000e+06
1.351017000000000000e+06
4.906760000000000000e+05
2.648180000000000000e+05
1.641652000000000000e+06
1.413140000000000000e+05
1.360702000000000000e+06
1.215901000000000000e+06
1.598514000000000000e+06
6.996860000000000000e+05
1.441687000000000000e+06
2.423800000000000000e+04
2.686030000000000000e+05
5.251020000000000000e+05
1.369342000000000000e+06
2.543410000000000000e+05
9.295300000000000000e+05
1.413143000000000000e+06
1.825406000000000000e+06
1.415686000000000000e+06
3.847530000000000000e+05
9.685770000000000000e+05
5.832710000000000000e+05
1.626898000000000000e+06
1.596030000000000000e+06
4.606960000000000000e+05
1.595824000000000000e+06
1.663055000000000000e+06
5.825030000000000000e+05
5.306680000000000000e+05
6.744430000000000000e+05
2.034660000000000000e+05
1.462483000000000000e+06
1.744237000000000000e+06
4.812930000000000000e+05
1.707200000000000000e+05
1.709290000000000000e+05
1.694768000000000000e+06
1.458973000000000000e+06
1.547017000000000000e+06
2.920770000000000000e+05
1.843222000000000000e+06
1.714800000000000000e+04
1.513061000000000000e+06
1.077112000000000000e+06
6.177190000000000000e+05
1.414793000000000000e+06
1.143837000000000000e+06
1.295380000000000000e+06
7.229690000000000000e+05
1.251819000000000000e+06
8.931700000000000000e+04
2.824950000000000000e+05
1.098021000000000000e+06
3.528160000000000000e+05
1.163647000000000000e+06
3.727040000000000000e+05
4.868990000000000000e+05
1.248093000000000000e+06
1.427804000000000000e+06
1.562656000000000000e+06
4.344730000000000000e+05
1.691573000000000000e+06
1.659200000000000000e+06
3.469080000000000000e+05
1.595301000000000000e+06
1.270653000000000000e+06
3.817400000000000000e+05
1.489348000000000000e+06
2.356110000000000000e+05
1.186310000000000000e+05
5.217410000000000000e+05
1.491489000000000000e+06
1.298090000000000000e+06
1.621057000000000000e+06
1.956310000000000000e+05
4.757460000000000000e+05
7.465000000000000000e+03
4.704120000000000000e+05
4.938710000000000000e+05
6.816900000000000000e+04
5.099070000000000000e+05
1.346399000000000000e+06
2.041050000000000000e+05
3.900670000000000000e+05
5.875700000000000000e+04
1.209342000000000000e+06
3.539400000000000000e+04
1.711313000000000000e+06
1.141505000000000000e+06
1.141410000000000000e+06
6.623050000000000000e+05
4.824750000000000000e+05
3.588010000000000000e+05
1.508349000000000000e+06
5.800070000000000000e+05
1.058271000000000000e+06
1.301301000000000000e+06
2.329410000000000000e+05
5.185390000000000000e+05
1.268425000000000000e+06
1.766171000000000000e+06
1.451011000000000000e+06
1.829929000000000000e+06
5.869790000000000000e+05
1.771589000000000000e+06
1.157837000000000000e+06
1.401096000000000000e+06
1.182730000000000000e+05
5.593810000000000000e+05
2.157270000000000000e+05
1.751794000000000000e+06
1.628112000000000000e+06
1.260542000000000000e+06
1.843019000000000000e+06
1.840451000000000000e+06
2.030720000000000000e+05
6.286750000000000000e+05
1.610826000000000000e+06
2.112800000000000000e+05
4.152590000000000000e+05
4.402130000000000000e+05
5.335810000000000000e+05
1.228413000000000000e+06
9.170690000000000000e+05
3.857810000000000000e+05
1.424451000000000000e+06
1.711539000000000000e+06
9.208400000000000000e+04
1.624605000000000000e+06
1.256946000000000000e+06
3.804000000000000000e+03
3.708210000000000000e+05
7.054890000000000000e+05
2.089100000000000000e+04
4.616020000000000000e+05
5.177420000000000000e+05
1.385421000000000000e+06
1.706328000000000000e+06
1.526552000000000000e+06
5.156520000000000000e+05
4.607110000000000000e+05
1.074281000000000000e+06
6.563970000000000000e+05
2.043160000000000000e+05
1.242726000000000000e+06
1.683749000000000000e+06
4.320680000000000000e+05
1.450890000000000000e+06
1.155835000000000000e+06
7.014830000000000000e+05
2.116830000000000000e+05
5.567000000000000000e+05
7.119930000000000000e+05
3.576080000000000000e+05
4.344030000000000000e+05
5.307680000000000000e+05
1.110680000000000000e+05
1.684488000000000000e+06
1.588427000000000000e+06
1.226371000000000000e+06
3.205580000000000000e+05
1.225209000000000000e+06
1.722162000000000000e+06
1.158680000000000000e+06
1.385711000000000000e+06
2.986570000000000000e+05
1.818500000000000000e+04
1.200730000000000000e+05
4.453230000000000000e+05
7.196790000000000000e+05
2.296930000000000000e+05
3.313760000000000000e+05
1.477949000000000000e+06
1.846384000000000000e+06
1.546807000000000000e+06
2.800270000000000000e+05
1.777291000000000000e+06
1.699964000000000000e+06
1.159484000000000000e+06
5.073660000000000000e+05
1.025066000000000000e+06
1.418998000000000000e+06
1.856810000000000000e+06
5.867670000000000000e+05
1.489692000000000000e+06
5.025240000000000000e+05
8.988930000000000000e+05
4.434570000000000000e+05
5.576820000000000000e+05
1.632115000000000000e+06
6.799050000000000000e+05
1.782255000000000000e+06
5.399700000000000000e+05
3.607390000000000000e+05
5.230610000000000000e+05
1.744847000000000000e+06
8.633530000000000000e+05
8.217180000000000000e+05
1.648090000000000000e+05
1.541074000000000000e+06
1.542822000000000000e+06
7.242700000000000000e+05
1.371366000000000000e+06
4.373970000000000000e+05
1.337642000000000000e+06
1.593400000000000000e+04
1.341617000000000000e+06
6.704510000000000000e+05
1.673027000000000000e+06
3.897630000000000000e+05
1.826814000000000000e+06
1.635516000000000000e+06
1.268747000000000000e+06
1.258765000000000000e+06
1.707279000000000000e+06
