7.309850000000000000e+05
7.277350000000000000e+05
7.359100000000000000e+05
7.357690000000000000e+05
7.399260000000000000e+05
7.308070000000000000e+05
7.285230000000000000e+05
1.036230000000000000e+06
7.417600000000000000e+04
8.950750000000000000e+05
7.699380000000000000e+05
8.181920000000000000e+05
8.625270000000000000e+05
7.810320000000000000e+05
8.407240000000000000e+05
7.311150000000000000e+05
8.001390000000000000e+05
1.320553000000000000e+06
7.698270000000000000e+05
8.879020000000000000e+05
7.406820000000000000e+05
1.694468000000000000e+06
7.417200000000000000e+04
7.270550000000000000e+05
1.757687000000000000e+06
8.965100000000000000e+05
8.804620000000000000e+05
1.678050000000000000e+05
8.880870000000000000e+05
8.095490000000000000e+05
1.492001000000000000e+06
1.398039000000000000e+06
1.949200000000000000e+04
8.958660000000000000e+05
1.846000000000000000e+04
7.686740000000000000e+05
5.256710000000000000e+05
7.288100000000000000e+05
8.909610000000000000e+05
7.212040000000000000e+05
8.522010000000000000e+05
8.211600000000000000e+05
1.101966000000000000e+06
2.136280000000000000e+05
1.509878000000000000e+06
6.407880000000000000e+05
7.077280000000000000e+05
4.531260000000000000e+05
1.100387000000000000e+06
1.102653000000000000e+06
7.360770000000000000e+05
8.981460000000000000e+05
3.265420000000000000e+05
4.918860000000000000e+05
1.684010000000000000e+06
8.953510000000000000e+05
7.273030000000000000e+05
8.868150000000000000e+05
7.221440000000000000e+05
9.248160000000000000e+05
5.315120000000000000e+05
1.124131000000000000e+06
1.020078000000000000e+06
9.500970000000000000e+05
6.035730000000000000e+05
2.404190000000000000e+05
8.763650000000000000e+05
1.758773000000000000e+06
8.656720000000000000e+05
8.939730000000000000e+05
1.316626000000000000e+06
1.796188000000000000e+06
1.534023000000000000e+06
2.846520000000000000e+05
1.161714000000000000e+06
1.773409000000000000e+06
1.353763000000000000e+06
1.141485000000000000e+06
6.763730000000000000e+05
7.244560000000000000e+05
6.406150000000000000e+05
7.257000000000000000e+05
7.246330000000000000e+05
7.543280000000000000e+05
7.680290000000000000e+05
1.640432000000000000e+06
8.748770000000000000e+05
8.991730000000000000e+05
5.751200000000000000e+05
7.009420000000000000e+05
7.220350000000000000e+05
1.569179000000000000e+06
6.759660000000000000e+05
1.126990000000000000e+06
4.770620000000000000e+05
1.641409000000000000e+06
1.232587000000000000e+06
1.186864000000000000e+06
6.829360000000000000e+05
1.699144000000000000e+06
8.370370000000000000e+05
8.053420000000000000e+05
1.338505000000000000e+06
4.848430000000000000e+05
1.874940000000000000e+05
3.362770000000000000e+05
1.564356000000000000e+06
9.283600000000000000e+04
4.533230000000000000e+05
1.333559000000000000e+06
1.364588000000000000e+06
1.560010000000000000e+05
1.142689000000000000e+06
1.037716000000000000e+06
5.796890000000000000e+05
3.465000000000000000e+03
7.573840000000000000e+05
1.908890000000000000e+05
1.799328000000000000e+06
3.486300000000000000e+04
1.375886000000000000e+06
6.768920000000000000e+05
3.401300000000000000e+04
2.743500000000000000e+05
7.395650000000000000e+05
9.154510000000000000e+05
9.104880000000000000e+05
6.484390000000000000e+05
1.479070000000000000e+06
5.305480000000000000e+05
9.190080000000000000e+05
1.419216000000000000e+06
9.316860000000000000e+05
4.536950000000000000e+05
5.054810000000000000e+05
1.348669000000000000e+06
3.023780000000000000e+05
1.834220000000000000e+06
7.265140000000000000e+05
1.096940000000000000e+06
1.527120000000000000e+06
1.551028000000000000e+06
1.707720000000000000e+05
1.227170000000000000e+05
5.833990000000000000e+05
1.657821000000000000e+06
2.170640000000000000e+05
8.872150000000000000e+05
1.028916000000000000e+06
3.566340000000000000e+05
7.345170000000000000e+05
8.654180000000000000e+05
4.623170000000000000e+05
1.662838000000000000e+06
1.660105000000000000e+06
1.706898000000000000e+06
1.580603000000000000e+06
1.436551000000000000e+06
7.201060000000000000e+05
8.966380000000000000e+05
1.383156000000000000e+06
3.900670000000000000e+05
9.380520000000000000e+05
5.815160000000000000e+05
2.115540000000000000e+05
1.764796000000000000e+06
7.472510000000000000e+05
1.640656000000000000e+06
1.799630000000000000e+05
1.781771000000000000e+06
1.229244000000000000e+06
1.142553000000000000e+06
1.775037000000000000e+06
1.122497000000000000e+06
2.653620000000000000e+05
6.710980000000000000e+05
8.278780000000000000e+05
5.817220000000000000e+05
7.732010000000000000e+05
1.073445000000000000e+06
1.321839000000000000e+06
1.644117000000000000e+06
9.181160000000000000e+05
2.912270000000000000e+05
7.611380000000000000e+05
9.357930000000000000e+05
2.111000000000000000e+03
2.672410000000000000e+05
1.473310000000000000e+06
9.267260000000000000e+05
3.289660000000000000e+05
7.477330000000000000e+05
6.757780000000000000e+05
5.094220000000000000e+05
5.023070000000000000e+05
9.072910000000000000e+05
1.613634000000000000e+06
6.765900000000000000e+05
3.401510000000000000e+05
8.674870000000000000e+05
5.826550000000000000e+05
5.602570000000000000e+05
6.032670000000000000e+05
3.094410000000000000e+05
1.480511000000000000e+06
8.463920000000000000e+05
8.037840000000000000e+05
9.551250000000000000e+05
3.296030000000000000e+05
9.346400000000000000e+05
5.140100000000000000e+05
1.481276000000000000e+06
2.815750000000000000e+05
1.162369000000000000e+06
1.578380000000000000e+05
1.187189000000000000e+06
1.102675000000000000e+06
9.787360000000000000e+05
3.711500000000000000e+05
1.259058000000000000e+06
9.623790000000000000e+05
1.659292000000000000e+06
3.518900000000000000e+05
6.719570000000000000e+05
5.252790000000000000e+05
7.379860000000000000e+05
1.711752000000000000e+06
1.784366000000000000e+06
