7.309850000000000000e+05
7.273460000000000000e+05
7.359100000000000000e+05
7.399260000000000000e+05
7.294050000000000000e+05
7.357690000000000000e+05
7.285230000000000000e+05
7.755390000000000000e+05
8.407240000000000000e+05
8.950530000000000000e+05
8.516380000000000000e+05
7.810320000000000000e+05
8.181920000000000000e+05
1.036279000000000000e+06
8.101880000000000000e+05
7.270550000000000000e+05
7.417600000000000000e+04
1.757687000000000000e+06
8.957760000000000000e+05
8.815410000000000000e+05
7.221440000000000000e+05
7.406290000000000000e+05
8.802240000000000000e+05
1.320553000000000000e+06
7.742350000000000000e+05
5.258670000000000000e+05
7.360770000000000000e+05
7.311150000000000000e+05
7.288100000000000000e+05
8.677770000000000000e+05
1.949200000000000000e+04
8.736990000000000000e+05
7.212040000000000000e+05
1.677550000000000000e+05
8.823850000000000000e+05
1.694468000000000000e+06
8.908300000000000000e+05
7.686740000000000000e+05
7.757730000000000000e+05
8.053420000000000000e+05
8.402730000000000000e+05
9.116580000000000000e+05
8.939730000000000000e+05
7.379860000000000000e+05
7.573840000000000000e+05
5.315120000000000000e+05
8.996650000000000000e+05
7.273030000000000000e+05
1.491942000000000000e+06
8.983170000000000000e+05
8.965100000000000000e+05
1.398039000000000000e+06
4.525660000000000000e+05
3.056000000000000000e+03
1.534023000000000000e+06
7.244560000000000000e+05
1.102704000000000000e+06
8.654180000000000000e+05
1.846000000000000000e+04
1.124131000000000000e+06
3.900670000000000000e+05
7.395650000000000000e+05
9.500970000000000000e+05
1.101966000000000000e+06
8.211600000000000000e+05
8.522010000000000000e+05
1.727300000000000000e+04
5.305480000000000000e+05
7.203540000000000000e+05
1.037716000000000000e+06
1.316626000000000000e+06
6.407880000000000000e+05
7.245240000000000000e+05
1.480511000000000000e+06
1.353763000000000000e+06
7.425400000000000000e+04
1.551028000000000000e+06
5.796890000000000000e+05
1.147941000000000000e+06
1.509878000000000000e+06
1.428258000000000000e+06
1.161715000000000000e+06
7.220350000000000000e+05
1.086087000000000000e+06
5.341760000000000000e+05
3.023780000000000000e+05
7.257000000000000000e+05
8.869940000000000000e+05
9.316860000000000000e+05
7.300850000000000000e+05
1.259058000000000000e+06
7.512420000000000000e+05
9.190080000000000000e+05
8.834560000000000000e+05
4.533230000000000000e+05
1.578380000000000000e+05
4.007500000000000000e+05
2.170640000000000000e+05
1.703331000000000000e+06
3.362770000000000000e+05
1.741829000000000000e+06
7.010440000000000000e+05
2.840330000000000000e+05
9.066640000000000000e+05
1.684010000000000000e+06
1.473310000000000000e+06
1.626179000000000000e+06
8.993210000000000000e+05
1.569179000000000000e+06
1.216981000000000000e+06
1.101342000000000000e+06
1.789388000000000000e+06
1.662445000000000000e+06
1.017244000000000000e+06
7.477330000000000000e+05
8.872150000000000000e+05
1.436551000000000000e+06
1.086170000000000000e+06
1.796188000000000000e+06
3.881260000000000000e+05
1.075598000000000000e+06
1.834182000000000000e+06
7.277160000000000000e+05
1.560010000000000000e+05
1.711752000000000000e+06
3.401510000000000000e+05
7.508890000000000000e+05
4.951550000000000000e+05
1.224237000000000000e+06
5.061960000000000000e+05
9.181160000000000000e+05
1.657866000000000000e+06
1.227170000000000000e+05
6.035730000000000000e+05
5.833990000000000000e+05
1.439457000000000000e+06
4.770620000000000000e+05
1.133762000000000000e+06
7.246330000000000000e+05
6.865780000000000000e+05
4.530940000000000000e+05
7.265140000000000000e+05
7.330930000000000000e+05
3.952530000000000000e+05
7.498000000000000000e+05
1.304181000000000000e+06
9.346400000000000000e+05
1.018339000000000000e+06
1.640432000000000000e+06
1.419207000000000000e+06
1.874940000000000000e+05
1.764796000000000000e+06
2.215750000000000000e+05
7.611380000000000000e+05
2.270180000000000000e+05
6.763730000000000000e+05
8.278780000000000000e+05
1.232587000000000000e+06
1.229244000000000000e+06
5.677660000000000000e+05
6.779700000000000000e+05
5.999690000000000000e+05
1.702999000000000000e+06
1.375886000000000000e+06
1.662277000000000000e+06
1.856300000000000000e+04
3.094410000000000000e+05
7.801530000000000000e+05
8.190100000000000000e+05
8.947660000000000000e+05
3.127000000000000000e+04
1.526518000000000000e+06
1.321873000000000000e+06
1.251769000000000000e+06
1.537929000000000000e+06
9.161630000000000000e+05
9.072910000000000000e+05
4.080000000000000000e+03
8.966380000000000000e+05
5.430930000000000000e+05
2.115540000000000000e+05
1.479070000000000000e+06
5.107950000000000000e+05
1.662838000000000000e+06
1.644117000000000000e+06
5.414620000000000000e+05
7.144550000000000000e+05
1.699144000000000000e+06
1.633334000000000000e+06
3.057040000000000000e+05
1.107434000000000000e+06
7.508840000000000000e+05
6.399730000000000000e+05
3.424680000000000000e+05
7.960830000000000000e+05
1.650959000000000000e+06
1.319688000000000000e+06
1.333559000000000000e+06
1.462702000000000000e+06
1.440227000000000000e+06
7.826470000000000000e+05
1.625844000000000000e+06
3.265420000000000000e+05
1.186864000000000000e+06
7.985700000000000000e+05
8.556480000000000000e+05
3.566340000000000000e+05
3.282760000000000000e+05
3.607050000000000000e+05
1.019376000000000000e+06
4.918860000000000000e+05
8.329790000000000000e+05
8.645160000000000000e+05
1.095354000000000000e+06
5.966020000000000000e+05
6.849150000000000000e+05
9.795930000000000000e+05
1.066710000000000000e+06
1.229603000000000000e+06
1.156758000000000000e+06
3.401300000000000000e+04
1.970060000000000000e+05
1.527120000000000000e+06
1.099267000000000000e+06
2.815750000000000000e+05
9.488200000000000000e+05
1.102675000000000000e+06
9.267260000000000000e+05
1.349104000000000000e+06
1.574671000000000000e+06
4.641560000000000000e+05
2.308550000000000000e+05
3.601400000000000000e+05
3.819810000000000000e+05
1.338505000000000000e+06
9.525730000000000000e+05
1.083929000000000000e+06
6.989220000000000000e+05
1.707720000000000000e+05
4.397800000000000000e+05
1.641409000000000000e+06
6.768920000000000000e+05
9.951340000000000000e+05
5.602570000000000000e+05
1.383156000000000000e+06
1.522494000000000000e+06
3.642200000000000000e+05
1.663804000000000000e+06
2.023300000000000000e+04
1.817681000000000000e+06
6.698650000000000000e+05
7.693330000000000000e+05
1.743172000000000000e+06
6.856540000000000000e+05
1.484035000000000000e+06
3.024210000000000000e+05
1.547035000000000000e+06
2.513570000000000000e+05
1.230336000000000000e+06
