7.309850000000000000e+05
7.277080000000000000e+05
7.359100000000000000e+05
7.357690000000000000e+05
1.757687000000000000e+06
7.399260000000000000e+05
8.950530000000000000e+05
1.320553000000000000e+06
8.879020000000000000e+05
7.306830000000000000e+05
1.640432000000000000e+06
7.729240000000000000e+05
1.100302000000000000e+06
7.285090000000000000e+05
8.659900000000000000e+05
1.022911000000000000e+06
1.796188000000000000e+06
7.360770000000000000e+05
5.057020000000000000e+05
8.702890000000000000e+05
8.101880000000000000e+05
2.404190000000000000e+05
1.398039000000000000e+06
7.257000000000000000e+05
1.364362000000000000e+06
1.547950000000000000e+06
5.827280000000000000e+05
1.565076000000000000e+06
8.753300000000000000e+05
1.706488000000000000e+06
1.651716000000000000e+06
2.237140000000000000e+05
4.015230000000000000e+05
8.181920000000000000e+05
8.492160000000000000e+05
7.810320000000000000e+05
1.626113000000000000e+06
5.715220000000000000e+05
5.751200000000000000e+05
6.740850000000000000e+05
1.669177000000000000e+06
7.417600000000000000e+04
7.311150000000000000e+05
1.036328000000000000e+06
1.594838000000000000e+06
1.333438000000000000e+06
1.788400000000000000e+06
1.677830000000000000e+05
8.957960000000000000e+05
1.647810000000000000e+05
1.823126000000000000e+06
9.907460000000000000e+05
7.273030000000000000e+05
8.211600000000000000e+05
7.914200000000000000e+05
8.522010000000000000e+05
1.683345000000000000e+06
1.544710000000000000e+06
7.472510000000000000e+05
1.261178000000000000e+06
7.077280000000000000e+05
1.694468000000000000e+06
1.004604000000000000e+06
5.518570000000000000e+05
1.570390000000000000e+06
1.260963000000000000e+06
1.829854000000000000e+06
1.345440000000000000e+05
7.207030000000000000e+05
9.088350000000000000e+05
3.705690000000000000e+05
4.529740000000000000e+05
7.643170000000000000e+05
1.112081000000000000e+06
1.548218000000000000e+06
1.632266000000000000e+06
5.059070000000000000e+05
4.847570000000000000e+05
1.477184000000000000e+06
1.392753000000000000e+06
1.229244000000000000e+06
9.623790000000000000e+05
8.181000000000000000e+05
7.771000000000000000e+05
1.834220000000000000e+06
1.703415000000000000e+06
2.682000000000000000e+04
4.014060000000000000e+05
3.836460000000000000e+05
1.762447000000000000e+06
7.096270000000000000e+05
1.644238000000000000e+06
1.096824000000000000e+06
1.762305000000000000e+06
1.810642000000000000e+06
5.887090000000000000e+05
1.076870000000000000e+05
7.288100000000000000e+05
1.625885000000000000e+06
3.212300000000000000e+04
1.758168000000000000e+06
1.521910000000000000e+05
1.712008000000000000e+06
9.260800000000000000e+04
1.097921000000000000e+06
1.287035000000000000e+06
7.400500000000000000e+04
1.760374000000000000e+06
1.473950000000000000e+05
9.582670000000000000e+05
4.537270000000000000e+05
1.732817000000000000e+06
7.549200000000000000e+04
1.440991000000000000e+06
1.779759000000000000e+06
1.162369000000000000e+06
1.349550000000000000e+05
1.240133000000000000e+06
3.067580000000000000e+05
1.161714000000000000e+06
9.226400000000000000e+04
1.126990000000000000e+06
7.222580000000000000e+05
5.562230000000000000e+05
3.900910000000000000e+05
1.908890000000000000e+05
1.839550000000000000e+06
2.209140000000000000e+05
7.801610000000000000e+05
1.378273000000000000e+06
1.540723000000000000e+06
9.518590000000000000e+05
5.305480000000000000e+05
5.836460000000000000e+05
1.520257000000000000e+06
3.753090000000000000e+05
1.171431000000000000e+06
8.949400000000000000e+04
1.300389000000000000e+06
3.178740000000000000e+05
4.532200000000000000e+05
8.975880000000000000e+05
