7.309850000000000000e+05
7.357140000000000000e+05
7.269380000000000000e+05
7.399260000000000000e+05
7.294050000000000000e+05
7.357690000000000000e+05
7.285230000000000000e+05
8.407240000000000000e+05
7.755390000000000000e+05
8.095490000000000000e+05
8.961810000000000000e+05
8.815410000000000000e+05
8.105570000000000000e+05
8.802240000000000000e+05
7.742350000000000000e+05
8.823850000000000000e+05
1.757687000000000000e+06
7.288100000000000000e+05
8.516380000000000000e+05
8.181920000000000000e+05
7.810320000000000000e+05
1.036182000000000000e+06
7.270550000000000000e+05
1.320561000000000000e+06
7.360770000000000000e+05
7.537310000000000000e+05
7.212040000000000000e+05
7.686740000000000000e+05
7.417600000000000000e+04
7.221440000000000000e+05
5.258670000000000000e+05
1.491772000000000000e+06
7.379720000000000000e+05
7.277160000000000000e+05
8.991240000000000000e+05
8.676740000000000000e+05
1.949200000000000000e+04
7.402650000000000000e+05
7.690700000000000000e+05
8.824690000000000000e+05
8.303570000000000000e+05
8.608610000000000000e+05
9.058060000000000000e+05
1.100049000000000000e+06
1.428549000000000000e+06
1.678050000000000000e+05
8.953510000000000000e+05
5.311640000000000000e+05
1.436408000000000000e+06
8.656720000000000000e+05
7.311150000000000000e+05
8.924070000000000000e+05
1.534023000000000000e+06
3.056000000000000000e+03
8.749860000000000000e+05
8.959990000000000000e+05
7.257000000000000000e+05
3.900670000000000000e+05
7.273030000000000000e+05
7.345170000000000000e+05
8.942880000000000000e+05
1.741829000000000000e+06
7.573840000000000000e+05
1.318911000000000000e+06
7.245240000000000000e+05
7.643170000000000000e+05
8.966380000000000000e+05
8.654180000000000000e+05
9.248160000000000000e+05
7.887210000000000000e+05
8.349020000000000000e+05
4.959880000000000000e+05
1.662421000000000000e+06
1.439457000000000000e+06
1.257826000000000000e+06
9.795930000000000000e+05
9.029480000000000000e+05
7.395650000000000000e+05
7.242460000000000000e+05
1.216981000000000000e+06
1.353763000000000000e+06
8.996940000000000000e+05
7.401810000000000000e+05
3.284390000000000000e+05
5.740590000000000000e+05
7.717650000000000000e+05
8.966250000000000000e+05
2.928150000000000000e+05
7.693330000000000000e+05
9.758350000000000000e+05
1.364002000000000000e+06
8.944310000000000000e+05
1.820497000000000000e+06
8.268940000000000000e+05
1.035641000000000000e+06
7.411600000000000000e+05
1.531944000000000000e+06
5.057020000000000000e+05
8.917510000000000000e+05
5.682180000000000000e+05
7.512420000000000000e+05
7.425400000000000000e+04
9.154510000000000000e+05
8.801710000000000000e+05
1.105120000000000000e+06
9.177940000000000000e+05
1.075540000000000000e+06
5.608010000000000000e+05
6.165100000000000000e+04
5.304270000000000000e+05
1.752962000000000000e+06
8.202070000000000000e+05
8.508430000000000000e+05
7.330930000000000000e+05
1.694468000000000000e+06
1.851300000000000000e+04
7.497550000000000000e+05
4.890260000000000000e+05
9.216620000000000000e+05
3.001310000000000000e+05
2.662170000000000000e+05
3.180280000000000000e+05
1.100971000000000000e+06
1.229603000000000000e+06
1.321873000000000000e+06
7.323110000000000000e+05
1.758824000000000000e+06
8.004080000000000000e+05
1.418972000000000000e+06
3.456510000000000000e+05
7.244560000000000000e+05
1.641409000000000000e+06
1.744990000000000000e+06
7.222580000000000000e+05
1.147404000000000000e+06
1.644238000000000000e+06
1.853176000000000000e+06
1.569179000000000000e+06
1.640432000000000000e+06
1.760687000000000000e+06
7.220350000000000000e+05
1.544683000000000000e+06
3.900910000000000000e+05
6.886250000000000000e+05
1.419207000000000000e+06
1.834220000000000000e+06
1.434345000000000000e+06
6.936500000000000000e+05
1.703415000000000000e+06
1.846000000000000000e+04
1.760196000000000000e+06
9.932780000000000000e+05
9.302980000000000000e+05
1.368097000000000000e+06
5.723940000000000000e+05
7.050050000000000000e+05
9.364420000000000000e+05
4.951550000000000000e+05
1.756671000000000000e+06
1.103571000000000000e+06
3.265420000000000000e+05
4.697120000000000000e+05
7.235550000000000000e+05
1.156758000000000000e+06
2.600880000000000000e+05
1.420287000000000000e+06
6.779700000000000000e+05
1.727300000000000000e+04
1.103137000000000000e+06
6.407880000000000000e+05
9.327050000000000000e+05
1.229244000000000000e+06
1.509878000000000000e+06
5.592690000000000000e+05
1.232587000000000000e+06
1.332610000000000000e+06
3.881400000000000000e+05
1.703980000000000000e+05
2.115540000000000000e+05
5.260640000000000000e+05
5.302380000000000000e+05
1.029470000000000000e+06
1.337950000000000000e+05
1.301186000000000000e+06
7.826470000000000000e+05
7.285080000000000000e+05
1.115767000000000000e+06
5.744250000000000000e+05
7.362700000000000000e+05
1.758177000000000000e+06
9.088350000000000000e+05
7.319580000000000000e+05
1.221060000000000000e+06
1.544698000000000000e+06
1.365555000000000000e+06
4.533230000000000000e+05
7.144550000000000000e+05
7.597150000000000000e+05
1.364588000000000000e+06
1.245009000000000000e+06
1.398039000000000000e+06
1.330827000000000000e+06
4.641560000000000000e+05
1.017244000000000000e+06
2.720240000000000000e+05
3.362770000000000000e+05
1.743075000000000000e+06
9.122040000000000000e+05
1.527120000000000000e+06
7.271580000000000000e+05
8.889250000000000000e+05
1.067909000000000000e+06
1.606420000000000000e+05
4.717790000000000000e+05
1.102704000000000000e+06
8.320520000000000000e+05
8.662790000000000000e+05
5.639900000000000000e+04
1.640656000000000000e+06
9.254740000000000000e+05
7.447110000000000000e+05
1.653615000000000000e+06
5.740580000000000000e+05
1.773787000000000000e+06
8.017640000000000000e+05
8.419930000000000000e+05
1.141821000000000000e+06
1.578380000000000000e+05
2.234180000000000000e+05
1.364700000000000000e+06
4.007000000000000000e+05
3.819810000000000000e+05
1.667549000000000000e+06
1.756473000000000000e+06
7.294310000000000000e+05
1.213282000000000000e+06
1.124131000000000000e+06
1.874940000000000000e+05
1.671049000000000000e+06
5.151080000000000000e+05
1.526518000000000000e+06
6.863900000000000000e+05
1.051597000000000000e+06
7.201340000000000000e+05
1.082005000000000000e+06
9.961090000000000000e+05
7.508840000000000000e+05
6.963070000000000000e+05
1.130585000000000000e+06
3.236960000000000000e+05
6.722020000000000000e+05
1.086170000000000000e+06
7.349650000000000000e+05
2.743500000000000000e+05
7.207030000000000000e+05
1.259170000000000000e+06
1.077329000000000000e+06
1.541410000000000000e+06
5.835900000000000000e+04
8.550440000000000000e+05
8.229880000000000000e+05
1.752411000000000000e+06
6.757780000000000000e+05
7.046520000000000000e+05
3.505720000000000000e+05
9.518590000000000000e+05
4.958350000000000000e+05
1.699144000000000000e+06
5.305480000000000000e+05
7.269640000000000000e+05
5.213070000000000000e+05
1.462702000000000000e+06
1.834529000000000000e+06
7.848680000000000000e+05
1.704526000000000000e+06
1.161714000000000000e+06
1.827142000000000000e+06
7.636070000000000000e+05
2.201170000000000000e+05
6.616640000000000000e+05
6.952320000000000000e+05
1.321839000000000000e+06
4.525660000000000000e+05
1.574215000000000000e+06
3.534370000000000000e+05
3.024810000000000000e+05
1.011394000000000000e+06
8.968190000000000000e+05
5.352880000000000000e+05
2.750540000000000000e+05
5.833990000000000000e+05
9.076930000000000000e+05
1.019655000000000000e+06
2.074990000000000000e+05
7.197290000000000000e+05
3.211600000000000000e+04
8.769470000000000000e+05
3.067580000000000000e+05
1.625844000000000000e+06
1.828800000000000000e+04
7.395840000000000000e+05
6.890240000000000000e+05
1.711752000000000000e+06
6.900320000000000000e+05
7.281230000000000000e+05
1.083528000000000000e+06
8.331460000000000000e+05
5.587900000000000000e+05
6.399730000000000000e+05
9.346400000000000000e+05
1.572240000000000000e+05
5.740860000000000000e+05
1.016812000000000000e+06
5.526720000000000000e+05
5.217510000000000000e+05
1.303355000000000000e+06
5.605330000000000000e+05
9.122690000000000000e+05
7.505410000000000000e+05
3.369720000000000000e+05
1.740529000000000000e+06
1.230336000000000000e+06
1.419202000000000000e+06
1.070441000000000000e+06
1.037716000000000000e+06
1.626113000000000000e+06
1.268482000000000000e+06
1.026255000000000000e+06
1.659292000000000000e+06
1.834182000000000000e+06
2.023300000000000000e+04
2.018170000000000000e+05
6.694160000000000000e+05
1.375886000000000000e+06
1.008023000000000000e+06
1.613905000000000000e+06
5.751200000000000000e+05
5.796890000000000000e+05
9.699660000000000000e+05
1.657998000000000000e+06
9.500970000000000000e+05
9.161630000000000000e+05
6.417400000000000000e+04
1.186022000000000000e+06
9.543390000000000000e+05
3.603780000000000000e+05
1.564076000000000000e+06
1.321053000000000000e+06
3.423120000000000000e+05
1.790439000000000000e+06
1.548218000000000000e+06
1.337729000000000000e+06
1.728777000000000000e+06
1.473840000000000000e+05
7.009420000000000000e+05
3.913280000000000000e+05
1.754672000000000000e+06
6.581800000000000000e+04
5.379360000000000000e+05
9.512690000000000000e+05
1.547344000000000000e+06
4.197700000000000000e+04
8.283690000000000000e+05
1.745155000000000000e+06
1.686319000000000000e+06
3.024750000000000000e+05
1.060861000000000000e+06
7.728830000000000000e+05
8.382130000000000000e+05
8.031250000000000000e+05
1.213523000000000000e+06
5.053550000000000000e+05
2.390080000000000000e+05
1.537929000000000000e+06
1.256298000000000000e+06
2.355890000000000000e+05
9.532380000000000000e+05
1.214459000000000000e+06
1.084086000000000000e+06
1.095148000000000000e+06
7.246330000000000000e+05
6.837610000000000000e+05
