3.848240000000000000e+05
7.303530000000000000e+05
8.703310000000000000e+05
5.436790000000000000e+05
7.562300000000000000e+05
7.283910000000000000e+05
7.733720000000000000e+05
1.315516000000000000e+06
7.317640000000000000e+05
3.465000000000000000e+03
8.395680000000000000e+05
8.039280000000000000e+05
8.951500000000000000e+05
3.284690000000000000e+05
1.227983000000000000e+06
8.750770000000000000e+05
8.901870000000000000e+05
7.624590000000000000e+05
8.202100000000000000e+05
8.566540000000000000e+05
7.906360000000000000e+05
7.267690000000000000e+05
1.299562000000000000e+06
1.230640000000000000e+06
3.246690000000000000e+05
8.953590000000000000e+05
7.529210000000000000e+05
8.848440000000000000e+05
7.268230000000000000e+05
7.354620000000000000e+05
1.492001000000000000e+06
7.343930000000000000e+05
3.719400000000000000e+05
3.857060000000000000e+05
7.283370000000000000e+05
7.579120000000000000e+05
1.761690000000000000e+06
5.501990000000000000e+05
3.828650000000000000e+05
1.322857000000000000e+06
8.991690000000000000e+05
8.664790000000000000e+05
7.265340000000000000e+05
1.313706000000000000e+06
1.229115000000000000e+06
5.489730000000000000e+05
8.968050000000000000e+05
8.974780000000000000e+05
7.285690000000000000e+05
7.349470000000000000e+05
7.637040000000000000e+05
1.314703000000000000e+06
7.268160000000000000e+05
1.552300000000000000e+04
7.280120000000000000e+05
7.669800000000000000e+05
3.867990000000000000e+05
7.355140000000000000e+05
1.230490000000000000e+06
7.324890000000000000e+05
1.228208000000000000e+06
8.146050000000000000e+05
7.273620000000000000e+05
7.273690000000000000e+05
7.293440000000000000e+05
1.762189000000000000e+06
7.880130000000000000e+05
8.565370000000000000e+05
7.320290000000000000e+05
7.272630000000000000e+05
3.285360000000000000e+05
6.401340000000000000e+05
5.740590000000000000e+05
8.925910000000000000e+05
1.320877000000000000e+06
5.525510000000000000e+05
7.704690000000000000e+05
5.435970000000000000e+05
3.850960000000000000e+05
5.297800000000000000e+05
6.784280000000000000e+05
3.799310000000000000e+05
1.315627000000000000e+06
6.535460000000000000e+05
8.822700000000000000e+05
1.322861000000000000e+06
7.325670000000000000e+05
3.865600000000000000e+05
7.771560000000000000e+05
8.188480000000000000e+05
8.792150000000000000e+05
8.489880000000000000e+05
1.229461000000000000e+06
1.227392000000000000e+06
8.482360000000000000e+05
8.184180000000000000e+05
1.227666000000000000e+06
1.938700000000000000e+04
5.514170000000000000e+05
3.801540000000000000e+05
1.571876000000000000e+06
5.186750000000000000e+05
7.733810000000000000e+05
7.167700000000000000e+05
1.322914000000000000e+06
8.964410000000000000e+05
2.108100000000000000e+04
5.423140000000000000e+05
6.664490000000000000e+05
7.252910000000000000e+05
7.399870000000000000e+05
8.961320000000000000e+05
1.430901000000000000e+06
1.024562000000000000e+06
3.835390000000000000e+05
1.516524000000000000e+06
8.804130000000000000e+05
6.375350000000000000e+05
7.374560000000000000e+05
2.275000000000000000e+03
3.840410000000000000e+05
1.302188000000000000e+06
8.794020000000000000e+05
9.049870000000000000e+05
7.360160000000000000e+05
1.298603000000000000e+06
8.654330000000000000e+05
8.232020000000000000e+05
6.521620000000000000e+05
9.003310000000000000e+05
6.576000000000000000e+03
1.300699000000000000e+06
5.378480000000000000e+05
3.852110000000000000e+05
7.642320000000000000e+05
7.315290000000000000e+05
2.483850000000000000e+05
1.228888000000000000e+06
3.875260000000000000e+05
7.236550000000000000e+05
7.388010000000000000e+05
8.964140000000000000e+05
9.267310000000000000e+05
7.289460000000000000e+05
7.297990000000000000e+05
8.980760000000000000e+05
3.801700000000000000e+05
7.259690000000000000e+05
6.549140000000000000e+05
8.317060000000000000e+05
7.938920000000000000e+05
7.355070000000000000e+05
5.519340000000000000e+05
5.667500000000000000e+05
5.400780000000000000e+05
1.517375000000000000e+06
6.377220000000000000e+05
1.761889000000000000e+06
6.526750000000000000e+05
5.698450000000000000e+05
1.520324000000000000e+06
7.265860000000000000e+05
7.459250000000000000e+05
5.324320000000000000e+05
5.306640000000000000e+05
3.782360000000000000e+05
8.862470000000000000e+05
1.231374000000000000e+06
6.189180000000000000e+05
9.133000000000000000e+05
7.185160000000000000e+05
8.811560000000000000e+05
5.487950000000000000e+05
9.123950000000000000e+05
1.036403000000000000e+06
1.491364000000000000e+06
6.526860000000000000e+05
4.398290000000000000e+05
3.849780000000000000e+05
1.324779000000000000e+06
5.464210000000000000e+05
3.418160000000000000e+05
5.149050000000000000e+05
6.795630000000000000e+05
7.605740000000000000e+05
7.514290000000000000e+05
3.890930000000000000e+05
1.260235000000000000e+06
1.315949000000000000e+06
1.204873000000000000e+06
8.974990000000000000e+05
4.215640000000000000e+05
1.380366000000000000e+06
8.851690000000000000e+05
3.282310000000000000e+05
1.011765000000000000e+06
1.206857000000000000e+06
3.283270000000000000e+05
6.295330000000000000e+05
6.769510000000000000e+05
7.957940000000000000e+05
8.257740000000000000e+05
7.656850000000000000e+05
7.928320000000000000e+05
8.458980000000000000e+05
1.279263000000000000e+06
5.522980000000000000e+05
3.449000000000000000e+03
1.230075000000000000e+06
5.808730000000000000e+05
1.309824000000000000e+06
1.212729000000000000e+06
9.055320000000000000e+05
3.620980000000000000e+05
6.895920000000000000e+05
7.238880000000000000e+05
1.457927000000000000e+06
6.439070000000000000e+05
1.761850000000000000e+06
1.321266000000000000e+06
3.845650000000000000e+05
5.301730000000000000e+05
1.616566000000000000e+06
7.300870000000000000e+05
6.397080000000000000e+05
1.450539000000000000e+06
1.445989000000000000e+06
6.327550000000000000e+05
8.236970000000000000e+05
1.471451000000000000e+06
1.322195000000000000e+06
1.491956000000000000e+06
1.270194000000000000e+06
6.988800000000000000e+05
3.832900000000000000e+05
6.586880000000000000e+05
3.719750000000000000e+05
3.891320000000000000e+05
3.761500000000000000e+05
1.323625000000000000e+06
7.275360000000000000e+05
6.408830000000000000e+05
3.707700000000000000e+05
6.239540000000000000e+05
9.646960000000000000e+05
7.406560000000000000e+05
7.566850000000000000e+05
8.238820000000000000e+05
1.540700000000000000e+04
7.449100000000000000e+05
1.673952000000000000e+06
1.230251000000000000e+06
1.323571000000000000e+06
7.398890000000000000e+05
6.983390000000000000e+05
9.037950000000000000e+05
3.237190000000000000e+05
3.797930000000000000e+05
8.982980000000000000e+05
8.006710000000000000e+05
8.601050000000000000e+05
5.480200000000000000e+05
8.816100000000000000e+05
3.872210000000000000e+05
1.593353000000000000e+06
5.756820000000000000e+05
1.757287000000000000e+06
5.470530000000000000e+05
1.491072000000000000e+06
1.298628000000000000e+06
5.200290000000000000e+05
1.488607000000000000e+06
1.266902000000000000e+06
6.926260000000000000e+05
6.783810000000000000e+05
7.345090000000000000e+05
3.824660000000000000e+05
7.411030000000000000e+05
5.550680000000000000e+05
1.520203000000000000e+06
8.783150000000000000e+05
7.643420000000000000e+05
5.392350000000000000e+05
1.518633000000000000e+06
1.151254000000000000e+06
7.269170000000000000e+05
1.354937000000000000e+06
9.005470000000000000e+05
8.903330000000000000e+05
1.431287000000000000e+06
1.234291000000000000e+06
2.473000000000000000e+03
1.066615000000000000e+06
1.694410000000000000e+06
1.231114000000000000e+06
1.291407000000000000e+06
1.254725000000000000e+06
3.883860000000000000e+05
3.878120000000000000e+05
8.999780000000000000e+05
1.245726000000000000e+06
2.589000000000000000e+03
1.233821000000000000e+06
3.309280000000000000e+05
1.356317000000000000e+06
6.022120000000000000e+05
1.315113000000000000e+06
3.821650000000000000e+05
5.331020000000000000e+05
6.773400000000000000e+05
6.565420000000000000e+05
1.080907000000000000e+06
1.077346000000000000e+06
1.761118000000000000e+06
1.203820000000000000e+05
1.318547000000000000e+06
1.577314000000000000e+06
5.443590000000000000e+05
1.752228000000000000e+06
3.429540000000000000e+05
1.226110000000000000e+06
1.314326000000000000e+06
7.216750000000000000e+05
2.675190000000000000e+05
9.857960000000000000e+05
6.637650000000000000e+05
1.380295000000000000e+06
3.715050000000000000e+05
1.225349000000000000e+06
1.231013000000000000e+06
3.129350000000000000e+05
1.848364000000000000e+06
3.884350000000000000e+05
7.083310000000000000e+05
4.292770000000000000e+05
9.169170000000000000e+05
5.416100000000000000e+05
1.254301000000000000e+06
1.347016000000000000e+06
3.870560000000000000e+05
1.313700000000000000e+06
3.724740000000000000e+05
9.009870000000000000e+05
6.170710000000000000e+05
8.085580000000000000e+05
8.596670000000000000e+05
1.299258000000000000e+06
5.565930000000000000e+05
1.103234000000000000e+06
1.861010000000000000e+05
3.266290000000000000e+05
6.724270000000000000e+05
3.704290000000000000e+05
7.662570000000000000e+05
1.321076000000000000e+06
5.347590000000000000e+05
3.863240000000000000e+05
9.139800000000000000e+05
1.223113000000000000e+06
5.406030000000000000e+05
5.750070000000000000e+05
5.258650000000000000e+05
1.758663000000000000e+06
3.875940000000000000e+05
1.326924000000000000e+06
9.402200000000000000e+05
7.331430000000000000e+05
3.294200000000000000e+05
1.317248000000000000e+06
1.312111000000000000e+06
1.492767000000000000e+06
3.816010000000000000e+05
1.232496000000000000e+06
1.231018000000000000e+06
7.674140000000000000e+05
1.572411000000000000e+06
1.318174000000000000e+06
3.880560000000000000e+05
5.744740000000000000e+05
9.006340000000000000e+05
9.616240000000000000e+05
3.701730000000000000e+05
5.151830000000000000e+05
4.102000000000000000e+03
7.288840000000000000e+05
7.346960000000000000e+05
3.841200000000000000e+05
9.324350000000000000e+05
1.824579000000000000e+06
1.455307000000000000e+06
3.760690000000000000e+05
2.082600000000000000e+04
8.942750000000000000e+05
1.222127000000000000e+06
1.448836000000000000e+06
1.846000000000000000e+04
1.591500000000000000e+04
7.574870000000000000e+05
7.016130000000000000e+05
3.244780000000000000e+05
1.315987000000000000e+06
5.314590000000000000e+05
7.285730000000000000e+05
5.517920000000000000e+05
6.325780000000000000e+05
1.254423000000000000e+06
8.981820000000000000e+05
1.586872000000000000e+06
6.533940000000000000e+05
7.201010000000000000e+05
7.396800000000000000e+05
1.194320000000000000e+05
3.118730000000000000e+05
1.320658000000000000e+06
6.571010000000000000e+05
6.585470000000000000e+05
3.241540000000000000e+05
6.974000000000000000e+04
1.433448000000000000e+06
1.711069000000000000e+06
5.363920000000000000e+05
1.367222000000000000e+06
5.307420000000000000e+05
1.150632000000000000e+06
5.536300000000000000e+05
1.060668000000000000e+06
3.808750000000000000e+05
3.291000000000000000e+03
5.522370000000000000e+05
1.522724000000000000e+06
2.487280000000000000e+05
5.323230000000000000e+05
3.829170000000000000e+05
1.230661000000000000e+06
1.056770000000000000e+06
1.144354000000000000e+06
1.152683000000000000e+06
9.165340000000000000e+05
3.380490000000000000e+05
8.978400000000000000e+05
7.290760000000000000e+05
4.395280000000000000e+05
5.788780000000000000e+05
1.797976000000000000e+06
1.428538000000000000e+06
3.149670000000000000e+05
1.419245000000000000e+06
1.586197000000000000e+06
4.959200000000000000e+05
8.715260000000000000e+05
7.832770000000000000e+05
1.425289000000000000e+06
1.254330000000000000e+06
3.776480000000000000e+05
3.285680000000000000e+05
5.303040000000000000e+05
5.458780000000000000e+05
5.763740000000000000e+05
3.868090000000000000e+05
1.294343000000000000e+06
2.112900000000000000e+04
1.209342000000000000e+06
1.302301000000000000e+06
1.300642000000000000e+06
1.420882000000000000e+06
9.359850000000000000e+05
5.411550000000000000e+05
3.841720000000000000e+05
9.505580000000000000e+05
3.835420000000000000e+05
1.706277000000000000e+06
4.492000000000000000e+03
1.036217000000000000e+06
1.255183000000000000e+06
1.453825000000000000e+06
7.318210000000000000e+05
1.241821000000000000e+06
9.411150000000000000e+05
1.316900000000000000e+06
2.135390000000000000e+05
5.561260000000000000e+05
1.826794000000000000e+06
1.302306000000000000e+06
3.205660000000000000e+05
7.208240000000000000e+05
1.229088000000000000e+06
1.488682000000000000e+06
8.957320000000000000e+05
1.320973000000000000e+06
6.670940000000000000e+05
1.797941000000000000e+06
3.264080000000000000e+05
9.669690000000000000e+05
1.451979000000000000e+06
3.762030000000000000e+05
4.356570000000000000e+05
4.327260000000000000e+05
8.053840000000000000e+05
8.409860000000000000e+05
1.058647000000000000e+06
3.663900000000000000e+05
1.832683000000000000e+06
1.471508000000000000e+06
1.793760000000000000e+05
5.974720000000000000e+05
1.268233000000000000e+06
4.883600000000000000e+05
1.758570000000000000e+06
7.601630000000000000e+05
2.460650000000000000e+05
1.022500000000000000e+04
7.359780000000000000e+05
1.206603000000000000e+06
1.666940000000000000e+06
5.325790000000000000e+05
6.736800000000000000e+05
3.761610000000000000e+05
1.451298000000000000e+06
5.175090000000000000e+05
8.867530000000000000e+05
1.110667000000000000e+06
1.241992000000000000e+06
6.709240000000000000e+05
1.281925000000000000e+06
1.323706000000000000e+06
1.469169000000000000e+06
5.391470000000000000e+05
3.786910000000000000e+05
4.360510000000000000e+05
1.478630000000000000e+06
1.076903000000000000e+06
3.711870000000000000e+05
1.380871000000000000e+06
9.160660000000000000e+05
6.966330000000000000e+05
1.199469000000000000e+06
8.906000000000000000e+03
6.507420000000000000e+05
1.460922000000000000e+06
7.407310000000000000e+05
2.501720000000000000e+05
1.330095000000000000e+06
5.957720000000000000e+05
1.227285000000000000e+06
3.758060000000000000e+05
4.276610000000000000e+05
9.944990000000000000e+05
1.544609000000000000e+06
3.729760000000000000e+05
6.716820000000000000e+05
1.182542000000000000e+06
4.756620000000000000e+05
4.301330000000000000e+05
9.321920000000000000e+05
1.629134000000000000e+06
1.556511000000000000e+06
2.044620000000000000e+05
1.311128000000000000e+06
1.506743000000000000e+06
3.866970000000000000e+05
3.287200000000000000e+05
1.074700000000000000e+04
3.562660000000000000e+05
3.146010000000000000e+05
1.029975000000000000e+06
1.332400000000000000e+04
1.516064000000000000e+06
2.128300000000000000e+05
1.331805000000000000e+06
1.809000000000000000e+03
9.147880000000000000e+05
5.566130000000000000e+05
4.324170000000000000e+05
1.432147000000000000e+06
1.218432000000000000e+06
9.208140000000000000e+05
5.552600000000000000e+05
3.841530000000000000e+05
1.226919000000000000e+06
6.498010000000000000e+05
6.909850000000000000e+05
1.236410000000000000e+06
1.812096000000000000e+06
9.556090000000000000e+05
7.268540000000000000e+05
2.496570000000000000e+05
4.882460000000000000e+05
3.785800000000000000e+05
6.646680000000000000e+05
3.581080000000000000e+05
3.807220000000000000e+05
6.285120000000000000e+05
1.008309000000000000e+06
1.356615000000000000e+06
6.664160000000000000e+05
3.995000000000000000e+03
1.059500000000000000e+04
1.255802000000000000e+06
3.854540000000000000e+05
2.981170000000000000e+05
9.540000000000000000e+05
1.315721000000000000e+06
1.287876000000000000e+06
1.212757000000000000e+06
2.960460000000000000e+05
4.397490000000000000e+05
5.561710000000000000e+05
8.943130000000000000e+05
1.763500000000000000e+04
1.630042000000000000e+06
1.219357000000000000e+06
5.602570000000000000e+05
5.799880000000000000e+05
3.289730000000000000e+05
1.228502000000000000e+06
1.548247000000000000e+06
1.320939000000000000e+06
1.613102000000000000e+06
3.877750000000000000e+05
3.507620000000000000e+05
5.371890000000000000e+05
1.737788000000000000e+06
3.902670000000000000e+05
6.555130000000000000e+05
4.223100000000000000e+05
2.162900000000000000e+04
1.734126000000000000e+06
5.330720000000000000e+05
5.570880000000000000e+05
1.712085000000000000e+06
7.171610000000000000e+05
2.627360000000000000e+05
6.374400000000000000e+05
9.326330000000000000e+05
3.305970000000000000e+05
7.283750000000000000e+05
5.301910000000000000e+05
1.221701000000000000e+06
7.267320000000000000e+05
5.302630000000000000e+05
5.340630000000000000e+05
1.150991000000000000e+06
1.820934000000000000e+06
1.448644000000000000e+06
1.697475000000000000e+06
6.822100000000000000e+05
5.766880000000000000e+05
1.395100000000000000e+04
2.006590000000000000e+05
6.629180000000000000e+05
6.384080000000000000e+05
3.874670000000000000e+05
1.517542000000000000e+06
5.171270000000000000e+05
3.518030000000000000e+05
3.297270000000000000e+05
6.646140000000000000e+05
1.260928000000000000e+06
1.187398000000000000e+06
1.246173000000000000e+06
1.194906000000000000e+06
6.601620000000000000e+05
1.674739000000000000e+06
6.370260000000000000e+05
1.241075000000000000e+06
1.242208000000000000e+06
1.230117000000000000e+06
3.538250000000000000e+05
4.959270000000000000e+05
1.363897000000000000e+06
1.796042000000000000e+06
7.021940000000000000e+05
3.643270000000000000e+05
6.066650000000000000e+05
1.364536000000000000e+06
9.329650000000000000e+05
5.520860000000000000e+05
1.358681000000000000e+06
1.300990000000000000e+06
3.695750000000000000e+05
1.772040000000000000e+06
1.541894000000000000e+06
6.724900000000000000e+05
1.345378000000000000e+06
4.421470000000000000e+05
1.052875000000000000e+06
5.327170000000000000e+05
1.757171000000000000e+06
6.765000000000000000e+03
1.320668000000000000e+06
3.456900000000000000e+05
9.560530000000000000e+05
1.241250000000000000e+05
5.127290000000000000e+05
3.263580000000000000e+05
1.316149000000000000e+06
6.768350000000000000e+05
5.397760000000000000e+05
1.518391000000000000e+06
1.356226000000000000e+06
5.219340000000000000e+05
5.301230000000000000e+05
1.381403000000000000e+06
1.433594000000000000e+06
2.661090000000000000e+05
1.729647000000000000e+06
1.204610000000000000e+05
1.670748000000000000e+06
6.176480000000000000e+05
6.398970000000000000e+05
6.852750000000000000e+05
3.913270000000000000e+05
1.404707000000000000e+06
7.336470000000000000e+05
1.445891000000000000e+06
1.230784000000000000e+06
6.240140000000000000e+05
1.324117000000000000e+06
1.347003000000000000e+06
1.323200000000000000e+04
3.024760000000000000e+05
1.585770000000000000e+06
6.559120000000000000e+05
1.257602000000000000e+06
5.355370000000000000e+05
1.583590000000000000e+06
1.062827000000000000e+06
1.593344000000000000e+06
6.345530000000000000e+05
7.386100000000000000e+05
1.509988000000000000e+06
1.545466000000000000e+06
1.327557000000000000e+06
1.206290000000000000e+06
5.746970000000000000e+05
4.952340000000000000e+05
6.584230000000000000e+05
5.356950000000000000e+05
4.363290000000000000e+05
1.761710000000000000e+06
4.359540000000000000e+05
1.253034000000000000e+06
9.014850000000000000e+05
7.599050000000000000e+05
1.210139000000000000e+06
1.800250000000000000e+06
2.222000000000000000e+03
5.468170000000000000e+05
5.869460000000000000e+05
5.085100000000000000e+04
1.593303000000000000e+06
5.617130000000000000e+05
3.707600000000000000e+05
1.242646000000000000e+06
3.404040000000000000e+05
5.625600000000000000e+05
6.553750000000000000e+05
3.797230000000000000e+05
7.027080000000000000e+05
3.694540000000000000e+05
5.189690000000000000e+05
1.657969000000000000e+06
7.682970000000000000e+05
3.040860000000000000e+05
4.058610000000000000e+05
6.943270000000000000e+05
9.313040000000000000e+05
3.191120000000000000e+05
1.455002000000000000e+06
1.428345000000000000e+06
4.402380000000000000e+05
3.275820000000000000e+05
1.849700000000000000e+04
5.394620000000000000e+05
1.117643000000000000e+06
1.442488000000000000e+06
4.975470000000000000e+05
3.062750000000000000e+05
1.711674000000000000e+06
7.405200000000000000e+05
7.065130000000000000e+05
1.318723000000000000e+06
1.832574000000000000e+06
1.490933000000000000e+06
1.464701000000000000e+06
7.036740000000000000e+05
9.644010000000000000e+05
3.882220000000000000e+05
1.322448000000000000e+06
1.082167000000000000e+06
1.784940000000000000e+05
7.397910000000000000e+05
1.616505000000000000e+06
1.379374000000000000e+06
1.625547000000000000e+06
9.197630000000000000e+05
3.978850000000000000e+05
1.663585000000000000e+06
5.133700000000000000e+05
1.884980000000000000e+05
2.481720000000000000e+05
1.376176000000000000e+06
3.077110000000000000e+05
1.224237000000000000e+06
1.330700000000000000e+04
9.631510000000000000e+05
6.205030000000000000e+05
3.256290000000000000e+05
4.554490000000000000e+05
1.366631000000000000e+06
1.497102000000000000e+06
1.247356000000000000e+06
5.751680000000000000e+05
8.732000000000000000e+03
8.301100000000000000e+05
1.762080000000000000e+06
3.863970000000000000e+05
5.753670000000000000e+05
3.884910000000000000e+05
2.158100000000000000e+04
4.927180000000000000e+05
5.206960000000000000e+05
1.517552000000000000e+06
7.211070000000000000e+05
4.960700000000000000e+05
3.284400000000000000e+05
1.829309000000000000e+06
9.237670000000000000e+05
1.469794000000000000e+06
1.465596000000000000e+06
1.585542000000000000e+06
1.233693000000000000e+06
5.527970000000000000e+05
7.186000000000000000e+05
1.233312000000000000e+06
1.471600000000000000e+05
5.451040000000000000e+05
1.345335000000000000e+06
1.251073000000000000e+06
1.231317000000000000e+06
1.432588000000000000e+06
1.185084000000000000e+06
1.427904000000000000e+06
9.309100000000000000e+04
8.936520000000000000e+05
9.311130000000000000e+05
1.383353000000000000e+06
1.379839000000000000e+06
1.843517000000000000e+06
6.699570000000000000e+05
4.972930000000000000e+05
2.235100000000000000e+04
3.453940000000000000e+05
3.705190000000000000e+05
1.509931000000000000e+06
1.242274000000000000e+06
3.502200000000000000e+05
1.030206000000000000e+06
1.237924000000000000e+06
9.891200000000000000e+05
1.520297000000000000e+06
1.007526000000000000e+06
7.044450000000000000e+05
2.056980000000000000e+05
6.889400000000000000e+04
1.375512000000000000e+06
9.150990000000000000e+05
1.544784000000000000e+06
5.848190000000000000e+05
1.237318000000000000e+06
5.452700000000000000e+05
6.695690000000000000e+05
2.321710000000000000e+05
1.758347000000000000e+06
9.770000000000000000e+03
5.175250000000000000e+05
7.673620000000000000e+05
4.350170000000000000e+05
9.547730000000000000e+05
1.323027000000000000e+06
1.821726000000000000e+06
6.752160000000000000e+05
3.007930000000000000e+05
1.762375000000000000e+06
1.214526000000000000e+06
1.810680000000000000e+05
1.306641000000000000e+06
6.396940000000000000e+05
1.767418000000000000e+06
3.223870000000000000e+05
1.554449000000000000e+06
6.588440000000000000e+05
1.224616000000000000e+06
1.319579000000000000e+06
1.064757000000000000e+06
1.267498000000000000e+06
1.064652000000000000e+06
8.978790000000000000e+05
3.703330000000000000e+05
6.945300000000000000e+05
1.024727000000000000e+06
1.015922000000000000e+06
3.705550000000000000e+05
1.143986000000000000e+06
2.512240000000000000e+05
1.274453000000000000e+06
2.603240000000000000e+05
6.168100000000000000e+05
7.180410000000000000e+05
6.785120000000000000e+05
2.459460000000000000e+05
5.256810000000000000e+05
5.692650000000000000e+05
1.426500000000000000e+06
1.268870000000000000e+06
1.247699000000000000e+06
1.489374000000000000e+06
1.213525000000000000e+06
1.467626000000000000e+06
9.373720000000000000e+05
1.758199000000000000e+06
1.802207000000000000e+06
5.446750000000000000e+05
9.534580000000000000e+05
1.718020000000000000e+06
1.247228000000000000e+06
1.319085000000000000e+06
1.218029000000000000e+06
1.207450000000000000e+05
1.707366000000000000e+06
1.983040000000000000e+05
9.932400000000000000e+05
7.000850000000000000e+05
5.386500000000000000e+05
6.777880000000000000e+05
7.192880000000000000e+05
1.765391000000000000e+06
1.667530000000000000e+05
2.486880000000000000e+05
8.885970000000000000e+05
1.763075000000000000e+06
1.030940000000000000e+06
3.877110000000000000e+05
1.447566000000000000e+06
7.067620000000000000e+05
1.480529000000000000e+06
6.334590000000000000e+05
1.058433000000000000e+06
4.953660000000000000e+05
2.579620000000000000e+05
3.295010000000000000e+05
1.383122000000000000e+06
1.744145000000000000e+06
1.662320000000000000e+06
1.380222000000000000e+06
2.306100000000000000e+04
1.067787000000000000e+06
2.754410000000000000e+05
3.394190000000000000e+05
1.635949000000000000e+06
2.748240000000000000e+05
7.411720000000000000e+05
1.683293000000000000e+06
1.402981000000000000e+06
1.261655000000000000e+06
3.794100000000000000e+05
6.470910000000000000e+05
5.202110000000000000e+05
1.268878000000000000e+06
1.558200000000000000e+04
1.681512000000000000e+06
3.704350000000000000e+05
1.224992000000000000e+06
1.311873000000000000e+06
3.649850000000000000e+05
9.315740000000000000e+05
1.714780000000000000e+05
7.478190000000000000e+05
1.721400000000000000e+04
1.946120000000000000e+05
2.623160000000000000e+05
1.485214000000000000e+06
9.493180000000000000e+05
1.035940000000000000e+05
2.826730000000000000e+05
1.212683000000000000e+06
3.649650000000000000e+05
1.241376000000000000e+06
1.332911000000000000e+06
3.018620000000000000e+05
1.461124000000000000e+06
1.487406000000000000e+06
7.269630000000000000e+05
5.892890000000000000e+05
1.352317000000000000e+06
1.225041000000000000e+06
2.515400000000000000e+04
1.371266000000000000e+06
1.770640000000000000e+05
1.456795000000000000e+06
1.430484000000000000e+06
1.202669000000000000e+06
1.449828000000000000e+06
5.552230000000000000e+05
1.653030000000000000e+05
1.250354000000000000e+06
1.114732000000000000e+06
1.365641000000000000e+06
2.031220000000000000e+05
1.017360000000000000e+06
5.993330000000000000e+05
7.245480000000000000e+05
1.537212000000000000e+06
1.003399000000000000e+06
7.604630000000000000e+05
3.525260000000000000e+05
2.994450000000000000e+05
1.771693000000000000e+06
1.114971000000000000e+06
3.378720000000000000e+05
1.418885000000000000e+06
1.766727000000000000e+06
4.300600000000000000e+05
3.840660000000000000e+05
1.516268000000000000e+06
3.241590000000000000e+05
2.068300000000000000e+04
1.380330000000000000e+06
2.666310000000000000e+05
1.350644000000000000e+06
1.140823000000000000e+06
1.326949000000000000e+06
1.045458000000000000e+06
1.376776000000000000e+06
1.768207000000000000e+06
5.184180000000000000e+05
1.380630000000000000e+06
1.256160000000000000e+06
5.815440000000000000e+05
1.570757000000000000e+06
3.813300000000000000e+04
2.287800000000000000e+04
2.630970000000000000e+05
1.808523000000000000e+06
1.762784000000000000e+06
5.086170000000000000e+05
1.357551000000000000e+06
1.242377000000000000e+06
1.569059000000000000e+06
5.517250000000000000e+05
2.237520000000000000e+05
3.301700000000000000e+05
1.339200000000000000e+06
1.833291000000000000e+06
1.892350000000000000e+05
6.988900000000000000e+05
1.336348000000000000e+06
4.420820000000000000e+05
7.065500000000000000e+05
1.571867000000000000e+06
1.632294000000000000e+06
6.769670000000000000e+05
1.045105000000000000e+06
3.920300000000000000e+05
3.030240000000000000e+05
5.570460000000000000e+05
3.695940000000000000e+05
1.424586000000000000e+06
4.257170000000000000e+05
1.031619000000000000e+06
1.224933000000000000e+06
1.851807000000000000e+06
5.331700000000000000e+05
1.315126000000000000e+06
1.131150000000000000e+05
9.213200000000000000e+05
1.520568000000000000e+06
1.206906000000000000e+06
1.467733000000000000e+06
6.322390000000000000e+05
9.371230000000000000e+05
1.865700000000000000e+04
1.472045000000000000e+06
6.642150000000000000e+05
1.320906000000000000e+06
7.293960000000000000e+05
1.416548000000000000e+06
5.528210000000000000e+05
3.003010000000000000e+05
1.148634000000000000e+06
3.262680000000000000e+05
1.702586000000000000e+06
1.744808000000000000e+06
1.342269000000000000e+06
3.680850000000000000e+05
6.778200000000000000e+04
1.563413000000000000e+06
1.512041000000000000e+06
1.441052000000000000e+06
9.918970000000000000e+05
1.264732000000000000e+06
1.086191000000000000e+06
9.255030000000000000e+05
1.298921000000000000e+06
1.490973000000000000e+06
5.771200000000000000e+05
1.298398000000000000e+06
3.054090000000000000e+05
1.357870000000000000e+06
2.482680000000000000e+05
1.270736000000000000e+06
4.568380000000000000e+05
7.098710000000000000e+05
1.437928000000000000e+06
8.930800000000000000e+04
5.276230000000000000e+05
5.385070000000000000e+05
7.611290000000000000e+05
1.813722000000000000e+06
5.417610000000000000e+05
1.099245000000000000e+06
4.888800000000000000e+04
1.338187000000000000e+06
6.657740000000000000e+05
5.418030000000000000e+05
1.140985000000000000e+06
1.424793000000000000e+06
4.454810000000000000e+05
6.008360000000000000e+05
1.418299000000000000e+06
3.022170000000000000e+05
3.141050000000000000e+05
8.964320000000000000e+05
7.367350000000000000e+05
3.793800000000000000e+05
1.851005000000000000e+06
1.144075000000000000e+06
3.753580000000000000e+05
1.081649000000000000e+06
1.034100000000000000e+04
2.873940000000000000e+05
1.515209000000000000e+06
3.295730000000000000e+05
1.160115000000000000e+06
9.813780000000000000e+05
7.237100000000000000e+05
4.961800000000000000e+05
4.198350000000000000e+05
1.592359000000000000e+06
1.629525000000000000e+06
1.210740000000000000e+05
7.196150000000000000e+05
7.176470000000000000e+05
6.839650000000000000e+05
3.406280000000000000e+05
1.296846000000000000e+06
1.684171000000000000e+06
6.691940000000000000e+05
1.640130000000000000e+05
4.081000000000000000e+03
5.959000000000000000e+03
9.277500000000000000e+05
1.710653000000000000e+06
1.692155000000000000e+06
1.756920000000000000e+06
1.569020000000000000e+06
6.194050000000000000e+05
5.959970000000000000e+05
7.057400000000000000e+05
1.028771000000000000e+06
9.168150000000000000e+05
1.571956000000000000e+06
1.323585000000000000e+06
8.205620000000000000e+05
1.063159000000000000e+06
1.442719000000000000e+06
3.730850000000000000e+05
1.160059000000000000e+06
1.322111000000000000e+06
1.762337000000000000e+06
9.563700000000000000e+05
3.178890000000000000e+05
5.564730000000000000e+05
1.849951000000000000e+06
1.356862000000000000e+06
5.771900000000000000e+05
5.702060000000000000e+05
6.964590000000000000e+05
6.328790000000000000e+05
1.762388000000000000e+06
5.796300000000000000e+05
1.850762000000000000e+06
1.450041000000000000e+06
5.797350000000000000e+05
2.851350000000000000e+05
8.982930000000000000e+05
6.771860000000000000e+05
1.353079000000000000e+06
7.194320000000000000e+05
1.212440000000000000e+06
1.709319000000000000e+06
1.005097000000000000e+06
4.055550000000000000e+05
9.924550000000000000e+05
1.298888000000000000e+06
1.095984000000000000e+06
6.177210000000000000e+05
3.001810000000000000e+05
1.262200000000000000e+06
1.831135000000000000e+06
2.234000000000000000e+03
1.844503000000000000e+06
1.055496000000000000e+06
4.285000000000000000e+03
1.041854000000000000e+06
7.094250000000000000e+05
4.629580000000000000e+05
1.507159000000000000e+06
3.531940000000000000e+05
5.871890000000000000e+05
1.357425000000000000e+06
7.664370000000000000e+05
7.294980000000000000e+05
6.070120000000000000e+05
6.583390000000000000e+05
1.492040000000000000e+06
3.169150000000000000e+05
1.369238000000000000e+06
2.813150000000000000e+05
1.177881000000000000e+06
1.316557000000000000e+06
1.057989000000000000e+06
2.102500000000000000e+05
9.157500000000000000e+05
3.200720000000000000e+05
1.237091000000000000e+06
2.596800000000000000e+05
1.095330000000000000e+06
5.993280000000000000e+05
1.098814000000000000e+06
3.704470000000000000e+05
4.471520000000000000e+05
1.078030000000000000e+05
6.152500000000000000e+05
1.141450000000000000e+05
1.451016000000000000e+06
1.206448000000000000e+06
7.073430000000000000e+05
1.513345000000000000e+06
6.558760000000000000e+05
1.195780000000000000e+05
1.593747000000000000e+06
1.321618000000000000e+06
1.133174000000000000e+06
1.299268000000000000e+06
1.489974000000000000e+06
1.708591000000000000e+06
1.631985000000000000e+06
1.537544000000000000e+06
4.128110000000000000e+05
3.684000000000000000e+03
1.416271000000000000e+06
1.028110000000000000e+06
1.292160000000000000e+05
7.572340000000000000e+05
1.517450000000000000e+06
1.367662000000000000e+06
1.242387000000000000e+06
3.541210000000000000e+05
2.288650000000000000e+05
9.376130000000000000e+05
3.255080000000000000e+05
3.736270000000000000e+05
5.694700000000000000e+05
2.174910000000000000e+05
6.735850000000000000e+05
1.710772000000000000e+06
5.373540000000000000e+05
1.571092000000000000e+06
3.228160000000000000e+05
1.133881000000000000e+06
1.826168000000000000e+06
1.066448000000000000e+06
3.749470000000000000e+05
1.158136000000000000e+06
3.543010000000000000e+05
1.012100000000000000e+04
1.709673000000000000e+06
1.769045000000000000e+06
8.434000000000000000e+03
1.248928000000000000e+06
1.331167000000000000e+06
1.065447000000000000e+06
1.149703000000000000e+06
3.068000000000000000e+05
1.830475000000000000e+06
1.338241000000000000e+06
4.755610000000000000e+05
6.905310000000000000e+05
1.766321000000000000e+06
1.379547000000000000e+06
1.242290000000000000e+06
4.083380000000000000e+05
1.338331000000000000e+06
4.034310000000000000e+05
1.568808000000000000e+06
1.260254000000000000e+06
7.674970000000000000e+05
1.709376000000000000e+06
2.767100000000000000e+05
6.413020000000000000e+05
1.295399000000000000e+06
1.559010000000000000e+06
6.945030000000000000e+05
1.036818000000000000e+06
7.401540000000000000e+05
8.848090000000000000e+05
1.812210000000000000e+06
1.441673000000000000e+06
6.088000000000000000e+04
9.346350000000000000e+05
1.228713000000000000e+06
1.364936000000000000e+06
1.459126000000000000e+06
1.207690000000000000e+05
5.399960000000000000e+05
5.164580000000000000e+05
1.494816000000000000e+06
8.297210000000000000e+05
7.853440000000000000e+05
2.962760000000000000e+05
1.587255000000000000e+06
7.014150000000000000e+05
1.711343000000000000e+06
1.230243000000000000e+06
3.763740000000000000e+05
1.762277000000000000e+06
1.238946000000000000e+06
1.216486000000000000e+06
1.149606000000000000e+06
1.429747000000000000e+06
4.270990000000000000e+05
1.851300000000000000e+05
5.929080000000000000e+05
2.009060000000000000e+05
9.240270000000000000e+05
1.570236000000000000e+06
1.268747000000000000e+06
1.807580000000000000e+06
1.059359000000000000e+06
1.470078000000000000e+06
1.576192000000000000e+06
1.720462000000000000e+06
3.875570000000000000e+05
1.239591000000000000e+06
5.137160000000000000e+05
3.142810000000000000e+05
6.704500000000000000e+04
2.684090000000000000e+05
8.970700000000000000e+04
3.700980000000000000e+05
1.850804000000000000e+06
2.235490000000000000e+05
1.261898000000000000e+06
2.111950000000000000e+05
1.366543000000000000e+06
1.141900000000000000e+04
1.008366000000000000e+06
2.144600000000000000e+04
1.102732000000000000e+06
1.242349000000000000e+06
9.143130000000000000e+05
2.988640000000000000e+05
2.459300000000000000e+05
1.516563000000000000e+06
3.428010000000000000e+05
6.958400000000000000e+05
1.122641000000000000e+06
5.344380000000000000e+05
9.772920000000000000e+05
1.606490000000000000e+06
4.477000000000000000e+03
3.021190000000000000e+05
3.005340000000000000e+05
9.276790000000000000e+05
3.027400000000000000e+05
3.244300000000000000e+05
3.236890000000000000e+05
1.673386000000000000e+06
1.656767000000000000e+06
1.329491000000000000e+06
4.131000000000000000e+05
1.229488000000000000e+06
1.769633000000000000e+06
6.517540000000000000e+05
1.204899000000000000e+06
1.941680000000000000e+05
7.582130000000000000e+05
5.558140000000000000e+05
1.320106000000000000e+06
1.039516000000000000e+06
9.132010000000000000e+05
1.519307000000000000e+06
1.548110000000000000e+05
3.886990000000000000e+05
1.545852000000000000e+06
1.227903000000000000e+06
1.225385000000000000e+06
1.332050000000000000e+06
1.368869000000000000e+06
3.587810000000000000e+05
6.918530000000000000e+05
1.781938000000000000e+06
1.644630000000000000e+05
4.012810000000000000e+05
9.348190000000000000e+05
1.117022000000000000e+06
5.461000000000000000e+03
1.024299000000000000e+06
4.230300000000000000e+05
3.464430000000000000e+05
1.960200000000000000e+04
7.281410000000000000e+05
9.323620000000000000e+05
1.446370000000000000e+06
6.772910000000000000e+05
1.365940000000000000e+06
4.255400000000000000e+05
1.710305000000000000e+06
1.712221000000000000e+06
4.388850000000000000e+05
2.485400000000000000e+04
8.607080000000000000e+05
8.008530000000000000e+05
1.444217000000000000e+06
1.063500000000000000e+04
1.292894000000000000e+06
1.282832000000000000e+06
1.209496000000000000e+06
1.554869000000000000e+06
1.785462000000000000e+06
6.371850000000000000e+05
4.431870000000000000e+05
1.420003000000000000e+06
1.320178000000000000e+06
1.157238000000000000e+06
1.205315000000000000e+06
3.661560000000000000e+05
9.535280000000000000e+05
1.496977000000000000e+06
2.867660000000000000e+05
3.625530000000000000e+05
3.818290000000000000e+05
1.628074000000000000e+06
4.422080000000000000e+05
1.454986000000000000e+06
1.336950000000000000e+05
6.889000000000000000e+03
9.408170000000000000e+05
1.043978000000000000e+06
1.026326000000000000e+06
1.240444000000000000e+06
1.353734000000000000e+06
1.673517000000000000e+06
1.241340000000000000e+06
1.207714000000000000e+06
1.526569000000000000e+06
1.154208000000000000e+06
5.205420000000000000e+05
2.427650000000000000e+05
8.996650000000000000e+05
1.369170000000000000e+06
5.532260000000000000e+05
3.664150000000000000e+05
9.421000000000000000e+03
2.482220000000000000e+05
9.127490000000000000e+05
5.350100000000000000e+05
1.225564000000000000e+06
1.275250000000000000e+06
1.706887000000000000e+06
1.011559000000000000e+06
6.915500000000000000e+05
1.320926000000000000e+06
3.602950000000000000e+05
1.130240000000000000e+05
5.360180000000000000e+05
9.972980000000000000e+05
1.268314000000000000e+06
9.150040000000000000e+05
7.372310000000000000e+05
7.045650000000000000e+05
1.314294000000000000e+06
1.843833000000000000e+06
4.155300000000000000e+05
6.740680000000000000e+05
6.961070000000000000e+05
1.710076000000000000e+06
3.268120000000000000e+05
1.638900000000000000e+04
2.435200000000000000e+05
1.347393000000000000e+06
1.095586000000000000e+06
1.956130000000000000e+05
8.988930000000000000e+05
1.234663000000000000e+06
3.252090000000000000e+05
5.200930000000000000e+05
1.323083000000000000e+06
1.146272000000000000e+06
8.907470000000000000e+05
1.378062000000000000e+06
2.543410000000000000e+05
1.644641000000000000e+06
1.067408000000000000e+06
1.275156000000000000e+06
1.492667000000000000e+06
7.291910000000000000e+05
1.392022000000000000e+06
1.058572000000000000e+06
1.680848000000000000e+06
1.822395000000000000e+06
1.146646000000000000e+06
1.451152000000000000e+06
3.014130000000000000e+05
7.000180000000000000e+05
1.305118000000000000e+06
9.015290000000000000e+05
1.748590000000000000e+06
7.188350000000000000e+05
2.786920000000000000e+05
6.779960000000000000e+05
1.027553000000000000e+06
3.755190000000000000e+05
9.981000000000000000e+03
7.209530000000000000e+05
1.282606000000000000e+06
1.061216000000000000e+06
7.265840000000000000e+05
1.825100000000000000e+06
1.109292000000000000e+06
3.117310000000000000e+05
6.673670000000000000e+05
9.266360000000000000e+05
2.496150000000000000e+05
1.421303000000000000e+06
6.616840000000000000e+05
1.319229000000000000e+06
6.798760000000000000e+05
2.968170000000000000e+05
4.669110000000000000e+05
1.419535000000000000e+06
1.199402000000000000e+06
6.770480000000000000e+05
1.247931000000000000e+06
1.490194000000000000e+06
6.310840000000000000e+05
1.066664000000000000e+06
5.941040000000000000e+05
1.385711000000000000e+06
3.761920000000000000e+05
8.931240000000000000e+05
6.317840000000000000e+05
1.369683000000000000e+06
1.240760000000000000e+06
1.074281000000000000e+06
1.142720000000000000e+05
6.979430000000000000e+05
1.329899000000000000e+06
1.665064000000000000e+06
5.443820000000000000e+05
6.757680000000000000e+05
1.061126000000000000e+06
4.312620000000000000e+05
1.018562000000000000e+06
7.255790000000000000e+05
4.390330000000000000e+05
2.060200000000000000e+04
5.203800000000000000e+05
1.451342000000000000e+06
1.415686000000000000e+06
1.706313000000000000e+06
5.457500000000000000e+04
3.883800000000000000e+05
1.324022000000000000e+06
9.765600000000000000e+04
2.854480000000000000e+05
1.809770000000000000e+05
6.954480000000000000e+05
3.773660000000000000e+05
3.791330000000000000e+05
2.225600000000000000e+04
1.524914000000000000e+06
6.841930000000000000e+05
4.869200000000000000e+05
5.025440000000000000e+05
1.219274000000000000e+06
4.190880000000000000e+05
1.274385000000000000e+06
8.817240000000000000e+05
1.645403000000000000e+06
3.322100000000000000e+05
1.755389000000000000e+06
1.447944000000000000e+06
3.806790000000000000e+05
1.472584000000000000e+06
1.383613000000000000e+06
3.669080000000000000e+05
1.752830000000000000e+05
3.781020000000000000e+05
1.510205000000000000e+06
3.139530000000000000e+05
8.791080000000000000e+05
1.912350000000000000e+05
2.157270000000000000e+05
1.400087000000000000e+06
1.492747000000000000e+06
1.328847000000000000e+06
1.457255000000000000e+06
3.850060000000000000e+05
5.809730000000000000e+05
2.480300000000000000e+04
1.434534000000000000e+06
3.970790000000000000e+05
9.328000000000000000e+03
1.646122000000000000e+06
7.248120000000000000e+05
1.521983000000000000e+06
1.956200000000000000e+05
3.317020000000000000e+05
1.396170000000000000e+05
1.615045000000000000e+06
5.207420000000000000e+05
1.260263000000000000e+06
5.561070000000000000e+05
4.002840000000000000e+05
1.651356000000000000e+06
1.052050000000000000e+05
7.356680000000000000e+05
1.523073000000000000e+06
5.558620000000000000e+05
5.582200000000000000e+05
3.560600000000000000e+04
8.820830000000000000e+05
8.981100000000000000e+05
5.199610000000000000e+05
8.227850000000000000e+05
2.834550000000000000e+05
9.056000000000000000e+03
6.833520000000000000e+05
1.319232000000000000e+06
1.491232000000000000e+06
1.608937000000000000e+06
1.378850000000000000e+05
4.440900000000000000e+05
3.238500000000000000e+05
1.314742000000000000e+06
4.434570000000000000e+05
1.218623000000000000e+06
5.297500000000000000e+04
1.347376000000000000e+06
1.722300000000000000e+04
3.862630000000000000e+05
2.291130000000000000e+05
1.779232000000000000e+06
1.144049000000000000e+06
9.164240000000000000e+05
1.247448000000000000e+06
2.043400000000000000e+04
1.079785000000000000e+06
6.592130000000000000e+05
1.571651000000000000e+06
1.200188000000000000e+06
1.215340000000000000e+06
1.720432000000000000e+06
3.237030000000000000e+05
3.524970000000000000e+05
1.150676000000000000e+06
1.248377000000000000e+06
9.320700000000000000e+04
3.792840000000000000e+05
1.529238000000000000e+06
1.694750000000000000e+06
3.028660000000000000e+05
1.479600000000000000e+06
6.655540000000000000e+05
1.509640000000000000e+06
7.182970000000000000e+05
1.956620000000000000e+05
3.891140000000000000e+05
7.708360000000000000e+05
1.127800000000000000e+04
1.529651000000000000e+06
9.266800000000000000e+05
1.738788000000000000e+06
1.108398000000000000e+06
5.663590000000000000e+05
5.725560000000000000e+05
1.317051000000000000e+06
2.960250000000000000e+05
3.883600000000000000e+05
6.750870000000000000e+05
9.282290000000000000e+05
1.248710000000000000e+06
5.532620000000000000e+05
1.277670000000000000e+05
2.837710000000000000e+05
7.282780000000000000e+05
3.625500000000000000e+05
1.564589000000000000e+06
8.891210000000000000e+05
6.694560000000000000e+05
3.603530000000000000e+05
1.086900000000000000e+06
9.232380000000000000e+05
3.154000000000000000e+05
6.890460000000000000e+05
5.969580000000000000e+05
1.919500000000000000e+04
1.225928000000000000e+06
1.061526000000000000e+06
1.298512000000000000e+06
9.600000000000000000e+03
1.084705000000000000e+06
3.389890000000000000e+05
3.886550000000000000e+05
1.542182000000000000e+06
1.490306000000000000e+06
1.381196000000000000e+06
5.352190000000000000e+05
1.213638000000000000e+06
1.567371000000000000e+06
1.366898000000000000e+06
5.176100000000000000e+05
1.823337000000000000e+06
8.836140000000000000e+05
7.352260000000000000e+05
9.122820000000000000e+05
1.632653000000000000e+06
5.272160000000000000e+05
1.211011000000000000e+06
1.676004000000000000e+06
1.658112000000000000e+06
9.907850000000000000e+05
1.761556000000000000e+06
1.453412000000000000e+06
9.796680000000000000e+05
1.794318000000000000e+06
1.278400000000000000e+04
1.357099000000000000e+06
1.556152000000000000e+06
1.376279000000000000e+06
1.630050000000000000e+06
1.198336000000000000e+06
1.489160000000000000e+06
5.666390000000000000e+05
1.384049000000000000e+06
1.680065000000000000e+06
6.772030000000000000e+05
1.059026000000000000e+06
2.105020000000000000e+05
1.286395000000000000e+06
1.697068000000000000e+06
1.302820000000000000e+05
2.146900000000000000e+04
3.274390000000000000e+05
4.905540000000000000e+05
1.234842000000000000e+06
1.787523000000000000e+06
1.655524000000000000e+06
5.381530000000000000e+05
8.780070000000000000e+05
4.937030000000000000e+05
1.473834000000000000e+06
6.662640000000000000e+05
1.479974000000000000e+06
6.187760000000000000e+05
1.504579000000000000e+06
1.330629000000000000e+06
3.774300000000000000e+05
2.073630000000000000e+05
1.770130000000000000e+05
1.088938000000000000e+06
1.399166000000000000e+06
1.666447000000000000e+06
4.513940000000000000e+05
1.368805000000000000e+06
3.016320000000000000e+05
3.023830000000000000e+05
5.293760000000000000e+05
8.715000000000000000e+04
2.566670000000000000e+05
1.324884000000000000e+06
2.290400000000000000e+04
1.277742000000000000e+06
4.031930000000000000e+05
1.713003000000000000e+06
5.338830000000000000e+05
2.621010000000000000e+05
7.287880000000000000e+05
1.545981000000000000e+06
1.001425000000000000e+06
1.112330000000000000e+05
1.697367000000000000e+06
1.760634000000000000e+06
1.752800000000000000e+04
1.371366000000000000e+06
6.843840000000000000e+05
1.763146000000000000e+06
1.274321000000000000e+06
1.221470000000000000e+05
1.105728000000000000e+06
9.409020000000000000e+05
1.848776000000000000e+06
1.681321000000000000e+06
9.533630000000000000e+05
1.457769000000000000e+06
1.064494000000000000e+06
1.279187000000000000e+06
2.544600000000000000e+05
3.148250000000000000e+05
6.162350000000000000e+05
6.839440000000000000e+05
1.678426000000000000e+06
6.968360000000000000e+05
1.534068000000000000e+06
5.102560000000000000e+05
1.681364000000000000e+06
6.270220000000000000e+05
3.692670000000000000e+05
6.749530000000000000e+05
2.159000000000000000e+04
1.807740000000000000e+06
1.324949000000000000e+06
7.158360000000000000e+05
3.888460000000000000e+05
1.067317000000000000e+06
5.156660000000000000e+05
3.257700000000000000e+05
1.204318000000000000e+06
1.281906000000000000e+06
6.634850000000000000e+05
1.760645000000000000e+06
5.974070000000000000e+05
1.710946000000000000e+06
1.059344000000000000e+06
1.382689000000000000e+06
5.137400000000000000e+05
1.495287000000000000e+06
5.576820000000000000e+05
4.753100000000000000e+05
1.309144000000000000e+06
1.148747000000000000e+06
2.973870000000000000e+05
1.601401000000000000e+06
3.032450000000000000e+05
1.760507000000000000e+06
4.344730000000000000e+05
1.370223000000000000e+06
1.144417000000000000e+06
3.887920000000000000e+05
1.255163000000000000e+06
2.787620000000000000e+05
7.130500000000000000e+05
4.289150000000000000e+05
3.770160000000000000e+05
1.514360000000000000e+06
1.832810000000000000e+05
1.054886000000000000e+06
2.972720000000000000e+05
9.309360000000000000e+05
1.035831000000000000e+06
1.329223000000000000e+06
4.566310000000000000e+05
1.081054000000000000e+06
6.970350000000000000e+05
2.117080000000000000e+05
1.746243000000000000e+06
2.056050000000000000e+05
1.298090000000000000e+06
5.764540000000000000e+05
3.215890000000000000e+05
1.089490000000000000e+05
6.663030000000000000e+05
1.319645000000000000e+06
1.365391000000000000e+06
5.846710000000000000e+05
1.595330000000000000e+05
4.772960000000000000e+05
1.885560000000000000e+05
4.262220000000000000e+05
1.620183000000000000e+06
1.761045000000000000e+06
1.630353000000000000e+06
1.232352000000000000e+06
9.208400000000000000e+04
4.615610000000000000e+05
1.421588000000000000e+06
6.667340000000000000e+05
1.751011000000000000e+06
1.170902000000000000e+06
1.509775000000000000e+06
4.437240000000000000e+05
1.022172000000000000e+06
1.677500000000000000e+05
3.831470000000000000e+05
2.245600000000000000e+05
4.638910000000000000e+05
1.419231000000000000e+06
1.471659000000000000e+06
1.210969000000000000e+06
3.775650000000000000e+05
1.302700000000000000e+05
1.279279000000000000e+06
2.995350000000000000e+05
4.751360000000000000e+05
3.688200000000000000e+04
1.257561000000000000e+06
3.731990000000000000e+05
1.473981000000000000e+06
6.428050000000000000e+05
5.674730000000000000e+05
2.115800000000000000e+05
1.307935000000000000e+06
3.895620000000000000e+05
5.898230000000000000e+05
6.673030000000000000e+05
1.269991000000000000e+06
9.723000000000000000e+03
1.191982000000000000e+06
4.211560000000000000e+05
1.432304000000000000e+06
1.953980000000000000e+05
1.428766000000000000e+06
8.949700000000000000e+04
1.093987000000000000e+06
1.266506000000000000e+06
1.763384000000000000e+06
5.875700000000000000e+04
6.727310000000000000e+05
9.472810000000000000e+05
1.616105000000000000e+06
6.401710000000000000e+05
1.267473000000000000e+06
2.504900000000000000e+04
6.598930000000000000e+05
1.801474000000000000e+06
4.877630000000000000e+05
2.622220000000000000e+05
4.014800000000000000e+05
1.483352000000000000e+06
1.141048000000000000e+06
1.801684000000000000e+06
9.340660000000000000e+05
1.591112000000000000e+06
1.369342000000000000e+06
1.293972000000000000e+06
1.233956000000000000e+06
9.373400000000000000e+05
1.239146000000000000e+06
1.127103000000000000e+06
5.596500000000000000e+04
1.140897000000000000e+06
1.598321000000000000e+06
1.460306000000000000e+06
1.125417000000000000e+06
1.331429000000000000e+06
1.060692000000000000e+06
7.315330000000000000e+05
1.317698000000000000e+06
1.205732000000000000e+06
1.530114000000000000e+06
1.386190000000000000e+05
1.058977000000000000e+06
2.743600000000000000e+05
5.306030000000000000e+05
1.634105000000000000e+06
2.718980000000000000e+05
3.020770000000000000e+05
1.203205000000000000e+06
2.010420000000000000e+05
1.350466000000000000e+06
2.486490000000000000e+05
1.200567000000000000e+06
3.101480000000000000e+05
1.385738000000000000e+06
1.333761000000000000e+06
4.252200000000000000e+05
6.553960000000000000e+05
3.886840000000000000e+05
1.223322000000000000e+06
6.493060000000000000e+05
3.886200000000000000e+05
5.014750000000000000e+05
3.766160000000000000e+05
1.068709000000000000e+06
2.758530000000000000e+05
5.467980000000000000e+05
1.341843000000000000e+06
1.320305000000000000e+06
1.279245000000000000e+06
8.063800000000000000e+04
1.622204000000000000e+06
5.986650000000000000e+05
1.112176000000000000e+06
5.003970000000000000e+05
4.430500000000000000e+04
1.553663000000000000e+06
1.685579000000000000e+06
3.533390000000000000e+05
1.847878000000000000e+06
1.586110000000000000e+05
1.023665000000000000e+06
1.061226000000000000e+06
5.917690000000000000e+05
1.127210000000000000e+05
1.762335000000000000e+06
1.346950000000000000e+05
9.813610000000000000e+05
1.254563000000000000e+06
5.134900000000000000e+05
6.723130000000000000e+05
1.380107000000000000e+06
3.119640000000000000e+05
1.085352000000000000e+06
1.851525000000000000e+06
5.199860000000000000e+05
1.591644000000000000e+06
5.269890000000000000e+05
8.953080000000000000e+05
6.780040000000000000e+05
1.368070000000000000e+05
3.706410000000000000e+05
4.912240000000000000e+05
5.582650000000000000e+05
1.319257000000000000e+06
1.137327000000000000e+06
1.945020000000000000e+05
4.553440000000000000e+05
1.820446000000000000e+06
6.518660000000000000e+05
7.028740000000000000e+05
1.744598000000000000e+06
2.977620000000000000e+05
3.140800000000000000e+05
8.255300000000000000e+04
1.752566000000000000e+06
1.385830000000000000e+06
1.467094000000000000e+06
1.666670000000000000e+06
1.225034000000000000e+06
1.205390000000000000e+06
1.424706000000000000e+06
1.872110000000000000e+05
1.867280000000000000e+05
1.847053000000000000e+06
2.491760000000000000e+05
7.253610000000000000e+05
1.151719000000000000e+06
1.610673000000000000e+06
1.227900000000000000e+04
1.094425000000000000e+06
1.778923000000000000e+06
1.322107000000000000e+06
1.614232000000000000e+06
1.190790000000000000e+05
1.717420000000000000e+05
1.218756000000000000e+06
1.464035000000000000e+06
2.753350000000000000e+05
1.304134000000000000e+06
1.494750000000000000e+06
1.450423000000000000e+06
7.267620000000000000e+05
7.106340000000000000e+05
1.320244000000000000e+06
7.666560000000000000e+05
1.637763000000000000e+06
1.334161000000000000e+06
3.232050000000000000e+05
6.979770000000000000e+05
1.706570000000000000e+05
5.894080000000000000e+05
1.720274000000000000e+06
1.712379000000000000e+06
1.326957000000000000e+06
1.150495000000000000e+06
2.515080000000000000e+05
2.039760000000000000e+05
1.763490000000000000e+06
2.041900000000000000e+04
1.318889000000000000e+06
1.212330000000000000e+06
1.458036000000000000e+06
1.310679000000000000e+06
5.840340000000000000e+05
8.989030000000000000e+05
1.583090000000000000e+06
1.235424000000000000e+06
7.014830000000000000e+05
3.222100000000000000e+05
3.267390000000000000e+05
1.826374000000000000e+06
1.290010000000000000e+05
1.772110000000000000e+06
1.114450000000000000e+06
1.585209000000000000e+06
1.738595000000000000e+06
1.520903000000000000e+06
4.367700000000000000e+04
1.304036000000000000e+06
1.451225000000000000e+06
7.196520000000000000e+05
2.609740000000000000e+05
1.120306000000000000e+06
1.161840000000000000e+06
5.984340000000000000e+05
1.346111000000000000e+06
