7.309850000000000000e+05
7.359100000000000000e+05
7.270790000000000000e+05
1.796188000000000000e+06
1.757402000000000000e+06
7.352680000000000000e+05
1.372138000000000000e+06
1.247933000000000000e+06
8.950750000000000000e+05
4.015230000000000000e+05
1.100155000000000000e+06
1.760237000000000000e+06
1.683345000000000000e+06
7.175210000000000000e+05
1.425130000000000000e+05
7.357690000000000000e+05
8.659900000000000000e+05
1.705445000000000000e+06
1.260963000000000000e+06
4.747750000000000000e+05
1.566357000000000000e+06
1.850623000000000000e+06
1.165424000000000000e+06
7.086430000000000000e+05
1.438929000000000000e+06
1.365239000000000000e+06
7.647750000000000000e+05
1.398039000000000000e+06
6.257100000000000000e+04
6.980250000000000000e+05
1.261178000000000000e+06
2.214370000000000000e+05
1.565076000000000000e+06
8.963670000000000000e+05
7.392900000000000000e+05
4.019060000000000000e+05
1.669177000000000000e+06
1.694468000000000000e+06
5.886810000000000000e+05
1.444760000000000000e+06
1.757093000000000000e+06
1.758096000000000000e+06
5.827280000000000000e+05
1.355301000000000000e+06
2.087040000000000000e+05
3.900740000000000000e+05
3.560290000000000000e+05
5.310870000000000000e+05
9.260800000000000000e+04
8.880230000000000000e+05
1.422585000000000000e+06
7.697350000000000000e+05
1.349550000000000000e+05
1.445378000000000000e+06
8.625270000000000000e+05
7.810320000000000000e+05
8.181920000000000000e+05
4.351550000000000000e+05
9.299120000000000000e+05
6.015370000000000000e+05
7.038830000000000000e+05
1.345440000000000000e+05
1.212216000000000000e+06
1.332401000000000000e+06
8.065140000000000000e+05
8.362540000000000000e+05
1.374198000000000000e+06
2.167820000000000000e+05
1.333438000000000000e+06
1.317075000000000000e+06
1.112844000000000000e+06
1.604400000000000000e+05
1.806465000000000000e+06
1.810642000000000000e+06
1.158845000000000000e+06
7.401010000000000000e+05
1.142800000000000000e+04
3.395780000000000000e+05
1.756530000000000000e+06
1.653350000000000000e+06
9.223000000000000000e+04
1.774413000000000000e+06
4.790510000000000000e+05
8.597200000000000000e+04
1.060999000000000000e+06
2.048350000000000000e+05
1.378273000000000000e+06
8.662790000000000000e+05
8.320520000000000000e+05
8.009460000000000000e+05
1.626113000000000000e+06
1.132730000000000000e+05
3.471680000000000000e+05
1.373553000000000000e+06
9.266500000000000000e+04
1.004745000000000000e+06
3.044050000000000000e+05
1.477227000000000000e+06
1.778744000000000000e+06
1.493242000000000000e+06
1.659571000000000000e+06
