7.307900000000000000e+05
3.848240000000000000e+05
8.714790000000000000e+05
5.474880000000000000e+05
7.314890000000000000e+05
7.733720000000000000e+05
7.562300000000000000e+05
3.389000000000000000e+03
7.283350000000000000e+05
8.160560000000000000e+05
8.901870000000000000e+05
7.624590000000000000e+05
1.315060000000000000e+06
7.266770000000000000e+05
7.354620000000000000e+05
7.969820000000000000e+05
8.446470000000000000e+05
3.857060000000000000e+05
7.265340000000000000e+05
8.951500000000000000e+05
8.671540000000000000e+05
3.285110000000000000e+05
8.989430000000000000e+05
3.832280000000000000e+05
7.409510000000000000e+05
1.761690000000000000e+06
1.230640000000000000e+06
7.285690000000000000e+05
7.349470000000000000e+05
1.228011000000000000e+06
5.489730000000000000e+05
1.231374000000000000e+06
7.268240000000000000e+05
8.668040000000000000e+05
7.360160000000000000e+05
1.314703000000000000e+06
1.230490000000000000e+06
7.323780000000000000e+05
7.283370000000000000e+05
8.969470000000000000e+05
1.938700000000000000e+04
7.643360000000000000e+05
7.669800000000000000e+05
7.355140000000000000e+05
3.795430000000000000e+05
3.244570000000000000e+05
7.333160000000000000e+05
7.290560000000000000e+05
1.570400000000000000e+04
5.508410000000000000e+05
1.323625000000000000e+06
7.265860000000000000e+05
6.784280000000000000e+05
6.750870000000000000e+05
7.449100000000000000e+05
1.313291000000000000e+06
7.310410000000000000e+05
1.322606000000000000e+06
7.273690000000000000e+05
4.669000000000000000e+03
7.529210000000000000e+05
1.492001000000000000e+06
8.362220000000000000e+05
8.032610000000000000e+05
1.315949000000000000e+06
7.297990000000000000e+05
3.719400000000000000e+05
8.980330000000000000e+05
8.812180000000000000e+05
1.221448000000000000e+06
1.721400000000000000e+04
6.974000000000000000e+04
1.260209000000000000e+06
1.320957000000000000e+06
1.227392000000000000e+06
1.722300000000000000e+04
1.229084000000000000e+06
9.855840000000000000e+05
1.300848000000000000e+06
1.324608000000000000e+06
9.157500000000000000e+05
8.953590000000000000e+05
2.108100000000000000e+04
1.312698000000000000e+06
1.544856000000000000e+06
1.345335000000000000e+06
9.169170000000000000e+05
5.324320000000000000e+05
3.852110000000000000e+05
1.198587000000000000e+06
3.284980000000000000e+05
8.946000000000000000e+03
7.288840000000000000e+05
7.279950000000000000e+05
8.881430000000000000e+05
6.664190000000000000e+05
1.430901000000000000e+06
9.006340000000000000e+05
7.267000000000000000e+05
7.290320000000000000e+05
1.762189000000000000e+06
7.374560000000000000e+05
5.437010000000000000e+05
1.323948000000000000e+06
6.511480000000000000e+05
1.227666000000000000e+06
3.711900000000000000e+05
4.642390000000000000e+05
4.959200000000000000e+05
1.608380000000000000e+06
1.212172000000000000e+06
5.463980000000000000e+05
2.589000000000000000e+03
6.613640000000000000e+05
1.294385000000000000e+06
2.488500000000000000e+05
6.769460000000000000e+05
2.275000000000000000e+03
4.626100000000000000e+05
1.793760000000000000e+05
1.744567000000000000e+06
8.959800000000000000e+05
1.182542000000000000e+06
3.850960000000000000e+05
1.260412000000000000e+06
1.383353000000000000e+06
1.230409000000000000e+06
8.804620000000000000e+05
1.673952000000000000e+06
3.482000000000000000e+03
1.313209000000000000e+06
7.561490000000000000e+05
6.851670000000000000e+05
9.153800000000000000e+05
6.605450000000000000e+05
8.982980000000000000e+05
2.496570000000000000e+05
1.257974000000000000e+06
1.824579000000000000e+06
3.762430000000000000e+05
3.832900000000000000e+05
3.348480000000000000e+05
6.769510000000000000e+05
7.527780000000000000e+05
1.795052000000000000e+06
4.726850000000000000e+05
1.380077000000000000e+06
9.359850000000000000e+05
1.541178000000000000e+06
4.815470000000000000e+05
1.292956000000000000e+06
3.883860000000000000e+05
7.396800000000000000e+05
8.964140000000000000e+05
5.251020000000000000e+05
1.242208000000000000e+06
1.450458000000000000e+06
7.642320000000000000e+05
3.779410000000000000e+05
1.346399000000000000e+06
7.239910000000000000e+05
1.471518000000000000e+06
3.384990000000000000e+05
5.959000000000000000e+03
1.543312000000000000e+06
2.306100000000000000e+04
1.488694000000000000e+06
1.761977000000000000e+06
4.445560000000000000e+05
7.345090000000000000e+05
1.833003000000000000e+06
3.867990000000000000e+05
1.683293000000000000e+06
6.740680000000000000e+05
1.233626000000000000e+06
1.035775000000000000e+06
1.571876000000000000e+06
1.213525000000000000e+06
2.945900000000000000e+04
3.880250000000000000e+05
1.851078000000000000e+06
4.215640000000000000e+05
7.259690000000000000e+05
2.484340000000000000e+05
6.366580000000000000e+05
3.845650000000000000e+05
6.526860000000000000e+05
1.939000000000000000e+04
7.388010000000000000e+05
1.301791000000000000e+06
1.372006000000000000e+06
8.649470000000000000e+05
8.353750000000000000e+05
7.617960000000000000e+05
8.032910000000000000e+05
6.695690000000000000e+05
7.680360000000000000e+05
6.374420000000000000e+05
1.471451000000000000e+06
1.802884000000000000e+06
3.379000000000000000e+03
1.279263000000000000e+06
6.945300000000000000e+05
7.733810000000000000e+05
7.359780000000000000e+05
9.123950000000000000e+05
7.290760000000000000e+05
1.021352000000000000e+06
2.863250000000000000e+05
1.206857000000000000e+06
9.133000000000000000e+05
2.147400000000000000e+04
1.380673000000000000e+06
6.076880000000000000e+05
1.140948000000000000e+06
7.408520000000000000e+05
3.418160000000000000e+05
5.272160000000000000e+05
3.831470000000000000e+05
1.221404000000000000e+06
3.709670000000000000e+05
8.822700000000000000e+05
7.201010000000000000e+05
3.669680000000000000e+05
5.582650000000000000e+05
1.228888000000000000e+06
6.987780000000000000e+05
1.234842000000000000e+06
1.245726000000000000e+06
1.457633000000000000e+06
2.314900000000000000e+04
8.579110000000000000e+05
8.146440000000000000e+05
5.751680000000000000e+05
3.711240000000000000e+05
6.418660000000000000e+05
6.508740000000000000e+05
1.233821000000000000e+06
7.245320000000000000e+05
1.540700000000000000e+04
5.197460000000000000e+05
7.251970000000000000e+05
7.310060000000000000e+05
1.577314000000000000e+06
6.724270000000000000e+05
1.037575000000000000e+06
8.941700000000000000e+05
1.560197000000000000e+06
5.123840000000000000e+05
5.327110000000000000e+05
6.621770000000000000e+05
1.767418000000000000e+06
7.208240000000000000e+05
1.231114000000000000e+06
1.150632000000000000e+06
1.520290000000000000e+06
1.380295000000000000e+06
1.207450000000000000e+05
5.519340000000000000e+05
1.620596000000000000e+06
3.759920000000000000e+05
3.291100000000000000e+04
6.706460000000000000e+05
9.244700000000000000e+05
7.023880000000000000e+05
5.186670000000000000e+05
1.508516000000000000e+06
7.315290000000000000e+05
9.043580000000000000e+05
2.082480000000000000e+05
2.480300000000000000e+04
2.743000000000000000e+04
1.177881000000000000e+06
9.250430000000000000e+05
1.099245000000000000e+06
7.643420000000000000e+05
5.149050000000000000e+05
3.754850000000000000e+05
6.723660000000000000e+05
1.224616000000000000e+06
4.356570000000000000e+05
7.459250000000000000e+05
8.925910000000000000e+05
5.232340000000000000e+05
4.756140000000000000e+05
2.060200000000000000e+04
5.397670000000000000e+05
3.313380000000000000e+05
1.302332000000000000e+06
5.165800000000000000e+05
2.628690000000000000e+05
3.228160000000000000e+05
1.368710000000000000e+05
4.883600000000000000e+05
4.952340000000000000e+05
7.411080000000000000e+05
1.424615000000000000e+06
1.283308000000000000e+06
1.760555000000000000e+06
1.451979000000000000e+06
1.456230000000000000e+06
1.626400000000000000e+04
1.516064000000000000e+06
1.758570000000000000e+06
1.796042000000000000e+06
1.222127000000000000e+06
1.712221000000000000e+06
1.167331000000000000e+06
2.749220000000000000e+05
9.935530000000000000e+05
3.103520000000000000e+05
1.507010000000000000e+05
7.185160000000000000e+05
7.350920000000000000e+05
1.207790000000000000e+05
6.970730000000000000e+05
3.835390000000000000e+05
1.792960000000000000e+05
2.235100000000000000e+04
5.391470000000000000e+05
5.625600000000000000e+05
1.196510000000000000e+05
7.273620000000000000e+05
8.258400000000000000e+04
1.024562000000000000e+06
5.832940000000000000e+05
1.644500000000000000e+04
1.220895000000000000e+06
1.268233000000000000e+06
3.879380000000000000e+05
3.380490000000000000e+05
1.160613000000000000e+06
7.880130000000000000e+05
8.416870000000000000e+05
5.044730000000000000e+05
6.843540000000000000e+05
4.752850000000000000e+05
1.320065000000000000e+06
8.876380000000000000e+05
8.379480000000000000e+05
7.327610000000000000e+05
1.212729000000000000e+06
9.165340000000000000e+05
2.464420000000000000e+05
1.744808000000000000e+06
8.911780000000000000e+05
1.381670000000000000e+06
1.707200000000000000e+05
3.565600000000000000e+05
4.262220000000000000e+05
1.006295000000000000e+06
6.839440000000000000e+05
1.461031000000000000e+06
1.382413000000000000e+06
1.268878000000000000e+06
5.344070000000000000e+05
1.322900000000000000e+04
3.736270000000000000e+05
1.230251000000000000e+06
1.321460000000000000e+06
1.491232000000000000e+06
2.851340000000000000e+05
3.751590000000000000e+05
1.548018000000000000e+06
6.586880000000000000e+05
1.386010000000000000e+06
9.005730000000000000e+05
1.038346000000000000e+06
9.213200000000000000e+05
8.257740000000000000e+05
7.957940000000000000e+05
7.656850000000000000e+05
1.846384000000000000e+06
1.231018000000000000e+06
8.618690000000000000e+05
1.347376000000000000e+06
6.632370000000000000e+05
4.261520000000000000e+05
1.267734000000000000e+06
1.457927000000000000e+06
6.390700000000000000e+05
1.625547000000000000e+06
3.531940000000000000e+05
1.254725000000000000e+06
2.622220000000000000e+05
1.475813000000000000e+06
1.444217000000000000e+06
7.275450000000000000e+05
1.621333000000000000e+06
4.990030000000000000e+05
1.575027000000000000e+06
6.889000000000000000e+03
1.593354000000000000e+06
1.851426000000000000e+06
9.882520000000000000e+05
1.433448000000000000e+06
6.401340000000000000e+05
4.393930000000000000e+05
9.014850000000000000e+05
3.453940000000000000e+05
1.803670000000000000e+06
1.618153000000000000e+06
1.461739000000000000e+06
2.986090000000000000e+05
1.231013000000000000e+06
1.235424000000000000e+06
3.016320000000000000e+05
4.959270000000000000e+05
5.206960000000000000e+05
1.538738000000000000e+06
1.741493000000000000e+06
1.232352000000000000e+06
2.964400000000000000e+05
1.643400000000000000e+04
2.648230000000000000e+05
3.808750000000000000e+05
7.265830000000000000e+05
1.472385000000000000e+06
2.039200000000000000e+05
1.543396000000000000e+06
7.665520000000000000e+05
3.886620000000000000e+05
1.197322000000000000e+06
7.603830000000000000e+05
2.850090000000000000e+05
2.112900000000000000e+04
3.840410000000000000e+05
6.699570000000000000e+05
5.744670000000000000e+05
5.231070000000000000e+05
3.806540000000000000e+05
4.686450000000000000e+05
1.196000000000000000e+03
8.868570000000000000e+05
1.456795000000000000e+06
3.560650000000000000e+05
1.491121000000000000e+06
1.150495000000000000e+06
3.835420000000000000e+05
1.574070000000000000e+06
8.102770000000000000e+05
5.222000000000000000e+03
3.625780000000000000e+05
1.233693000000000000e+06
9.358600000000000000e+05
1.295305000000000000e+06
1.772968000000000000e+06
1.376776000000000000e+06
8.999100000000000000e+05
2.240990000000000000e+05
2.438540000000000000e+05
8.760840000000000000e+05
6.783060000000000000e+05
9.543650000000000000e+05
1.035178000000000000e+06
4.412950000000000000e+05
1.346903000000000000e+06
5.866910000000000000e+05
1.155835000000000000e+06
1.478785000000000000e+06
3.205520000000000000e+05
1.014105000000000000e+06
1.189307000000000000e+06
2.980940000000000000e+05
1.066441000000000000e+06
5.143460000000000000e+05
1.025029000000000000e+06
1.489037000000000000e+06
1.258982000000000000e+06
7.660000000000000000e+04
1.545005000000000000e+06
8.742280000000000000e+05
6.499980000000000000e+05
8.442000000000000000e+03
2.031500000000000000e+04
4.288530000000000000e+05
5.442870000000000000e+05
2.348680000000000000e+05
4.901270000000000000e+05
1.246826000000000000e+06
1.230075000000000000e+06
4.920580000000000000e+05
9.340960000000000000e+05
4.704330000000000000e+05
7.300870000000000000e+05
6.755900000000000000e+05
1.160291000000000000e+06
6.943270000000000000e+05
9.207040000000000000e+05
1.758663000000000000e+06
1.293851000000000000e+06
4.274560000000000000e+05
1.311973000000000000e+06
1.988170000000000000e+05
5.160200000000000000e+05
4.743750000000000000e+05
1.287855000000000000e+06
1.232496000000000000e+06
1.225806000000000000e+06
1.315627000000000000e+06
2.753350000000000000e+05
4.718170000000000000e+05
1.218138000000000000e+06
1.822815000000000000e+06
1.576192000000000000e+06
1.665189000000000000e+06
8.409860000000000000e+05
8.053840000000000000e+05
1.320658000000000000e+06
3.747780000000000000e+05
1.193038000000000000e+06
1.284300000000000000e+04
1.161553000000000000e+06
7.238170000000000000e+05
3.101810000000000000e+05
1.468702000000000000e+06
1.063594000000000000e+06
1.675877000000000000e+06
6.557440000000000000e+05
6.479600000000000000e+05
2.854480000000000000e+05
1.912390000000000000e+05
1.218114000000000000e+06
5.832490000000000000e+05
1.774180000000000000e+06
1.814300000000000000e+05
9.840660000000000000e+05
1.214526000000000000e+06
2.981170000000000000e+05
1.241274000000000000e+06
1.208650000000000000e+06
5.889320000000000000e+05
1.462143000000000000e+06
9.058810000000000000e+05
6.005430000000000000e+05
5.171270000000000000e+05
1.956200000000000000e+05
1.314326000000000000e+06
7.065500000000000000e+05
3.118730000000000000e+05
3.890930000000000000e+05
1.847827000000000000e+06
1.804138000000000000e+06
1.685429000000000000e+06
9.009870000000000000e+05
1.036172000000000000e+06
6.822100000000000000e+05
2.495920000000000000e+05
9.311130000000000000e+05
3.588010000000000000e+05
2.627150000000000000e+05
1.511700000000000000e+06
4.162480000000000000e+05
3.863240000000000000e+05
1.300564000000000000e+06
1.517987000000000000e+06
9.413140000000000000e+05
6.761400000000000000e+05
8.350000000000000000e+03
3.284050000000000000e+05
6.929140000000000000e+05
1.309265000000000000e+06
1.825975000000000000e+06
1.321076000000000000e+06
1.399668000000000000e+06
5.808730000000000000e+05
2.580570000000000000e+05
9.244470000000000000e+05
5.300840000000000000e+05
7.065130000000000000e+05
6.595260000000000000e+05
9.315950000000000000e+05
7.014760000000000000e+05
6.377500000000000000e+05
1.380637000000000000e+06
1.230661000000000000e+06
9.182660000000000000e+05
5.444750000000000000e+05
9.276790000000000000e+05
1.832049000000000000e+06
1.625900000000000000e+04
1.085130000000000000e+06
1.328655000000000000e+06
8.957320000000000000e+05
1.779232000000000000e+06
1.540000000000000000e+04
6.535420000000000000e+05
7.246670000000000000e+05
1.471836000000000000e+06
5.148210000000000000e+05
1.130707000000000000e+06
1.054886000000000000e+06
1.055496000000000000e+06
1.529567000000000000e+06
2.056980000000000000e+05
6.396110000000000000e+05
1.237091000000000000e+06
1.140657000000000000e+06
7.184660000000000000e+05
1.378191000000000000e+06
7.229740000000000000e+05
5.175090000000000000e+05
5.236100000000000000e+04
6.401710000000000000e+05
3.801700000000000000e+05
3.865600000000000000e+05
9.433480000000000000e+05
9.197630000000000000e+05
6.667060000000000000e+05
1.448219000000000000e+06
5.200390000000000000e+05
6.828960000000000000e+05
7.355070000000000000e+05
1.368070000000000000e+05
5.224000000000000000e+03
2.068300000000000000e+04
1.153820000000000000e+06
1.356892000000000000e+06
9.373410000000000000e+05
1.473981000000000000e+06
1.323027000000000000e+06
8.871860000000000000e+05
1.489515000000000000e+06
5.189120000000000000e+05
1.761613000000000000e+06
4.752250000000000000e+05
7.346960000000000000e+05
2.105020000000000000e+05
1.494477000000000000e+06
5.207850000000000000e+05
1.212757000000000000e+06
1.133174000000000000e+06
8.457960000000000000e+05
7.989450000000000000e+05
6.175780000000000000e+05
2.051870000000000000e+05
3.758060000000000000e+05
1.650711000000000000e+06
7.268410000000000000e+05
7.199370000000000000e+05
1.082522000000000000e+06
5.301250000000000000e+05
1.107280000000000000e+05
5.522370000000000000e+05
1.481040000000000000e+05
1.496977000000000000e+06
3.291710000000000000e+05
4.946120000000000000e+05
1.465364000000000000e+06
1.781262000000000000e+06
9.346350000000000000e+05
1.541901000000000000e+06
1.277888000000000000e+06
1.776812000000000000e+06
1.384118000000000000e+06
1.282513000000000000e+06
1.526784000000000000e+06
7.293960000000000000e+05
6.770820000000000000e+05
1.850804000000000000e+06
1.140985000000000000e+06
1.714800000000000000e+04
4.914640000000000000e+05
3.538250000000000000e+05
9.159680000000000000e+05
1.929360000000000000e+05
1.144944000000000000e+06
6.852270000000000000e+05
1.158484000000000000e+06
6.761470000000000000e+05
2.044620000000000000e+05
9.547440000000000000e+05
1.290640000000000000e+06
1.157413000000000000e+06
5.419080000000000000e+05
1.005034000000000000e+06
3.891320000000000000e+05
1.364854000000000000e+06
3.820480000000000000e+05
1.288737000000000000e+06
2.807730000000000000e+05
5.251420000000000000e+05
7.248150000000000000e+05
1.666282000000000000e+06
1.460994000000000000e+06
3.781510000000000000e+05
1.111035000000000000e+06
1.811467000000000000e+06
4.775590000000000000e+05
5.993330000000000000e+05
1.431470000000000000e+05
9.250900000000000000e+05
1.477250000000000000e+05
7.265100000000000000e+04
8.809660000000000000e+05
1.335003000000000000e+06
1.445837000000000000e+06
6.632400000000000000e+05
1.525530000000000000e+05
1.228208000000000000e+06
3.795280000000000000e+05
3.405610000000000000e+05
1.161678000000000000e+06
1.379097000000000000e+06
5.258650000000000000e+05
4.517590000000000000e+05
1.929210000000000000e+05
8.958310000000000000e+05
1.197329000000000000e+06
1.268993000000000000e+06
7.181820000000000000e+05
5.355370000000000000e+05
7.060700000000000000e+05
1.106796000000000000e+06
1.425519000000000000e+06
6.130470000000000000e+05
1.761850000000000000e+06
1.850762000000000000e+06
9.720000000000000000e+03
5.750020000000000000e+05
5.160900000000000000e+04
6.896610000000000000e+05
1.812560000000000000e+06
1.520108000000000000e+06
1.614232000000000000e+06
2.475900000000000000e+04
1.494816000000000000e+06
7.574870000000000000e+05
2.476580000000000000e+05
5.698450000000000000e+05
1.778353000000000000e+06
1.566041000000000000e+06
2.222000000000000000e+03
5.520400000000000000e+05
3.010750000000000000e+05
6.752160000000000000e+05
1.074700000000000000e+04
5.871470000000000000e+05
1.205591000000000000e+06
1.586090000000000000e+05
3.664810000000000000e+05
6.600130000000000000e+05
1.451067000000000000e+06
1.229871000000000000e+06
1.516524000000000000e+06
1.204716000000000000e+06
1.808526000000000000e+06
1.808974000000000000e+06
3.995000000000000000e+03
3.572010000000000000e+05
5.517920000000000000e+05
1.755398000000000000e+06
3.647660000000000000e+05
7.285730000000000000e+05
7.274780000000000000e+05
5.394430000000000000e+05
1.523107000000000000e+06
1.602990000000000000e+05
1.321944000000000000e+06
3.870560000000000000e+05
1.637585000000000000e+06
5.888100000000000000e+05
1.293942000000000000e+06
3.792070000000000000e+05
1.518633000000000000e+06
6.770480000000000000e+05
4.581960000000000000e+05
1.446710000000000000e+05
1.218946000000000000e+06
1.617400000000000000e+04
5.771900000000000000e+05
1.320939000000000000e+06
2.469300000000000000e+05
5.247160000000000000e+05
6.795630000000000000e+05
4.725930000000000000e+05
6.398310000000000000e+05
1.515260000000000000e+06
1.402671000000000000e+06
3.346080000000000000e+05
3.329180000000000000e+05
1.391990000000000000e+05
3.503430000000000000e+05
1.772039000000000000e+06
1.847876000000000000e+06
1.562760000000000000e+05
1.753784000000000000e+06
1.824412000000000000e+06
1.061216000000000000e+06
1.835100000000000000e+04
1.488682000000000000e+06
7.255080000000000000e+05
1.241376000000000000e+06
3.232600000000000000e+04
1.268494000000000000e+06
4.972950000000000000e+05
1.745542000000000000e+06
9.391260000000000000e+05
1.520452000000000000e+06
6.099630000000000000e+05
9.228270000000000000e+05
1.167302000000000000e+06
1.690889000000000000e+06
1.981940000000000000e+05
3.886840000000000000e+05
1.299268000000000000e+06
5.716230000000000000e+05
7.275360000000000000e+05
1.122970000000000000e+05
1.345378000000000000e+06
4.624580000000000000e+05
1.615410000000000000e+06
1.758030000000000000e+06
1.854165000000000000e+06
7.962000000000000000e+03
1.196719000000000000e+06
6.895920000000000000e+05
1.491364000000000000e+06
1.320469000000000000e+06
8.906780000000000000e+05
1.614167000000000000e+06
1.702922000000000000e+06
1.248377000000000000e+06
1.057989000000000000e+06
1.546766000000000000e+06
4.913450000000000000e+05
1.241821000000000000e+06
1.253565000000000000e+06
4.721200000000000000e+04
2.962760000000000000e+05
2.824970000000000000e+05
1.433594000000000000e+06
1.379837000000000000e+06
1.689858000000000000e+06
1.242349000000000000e+06
1.133881000000000000e+06
1.649082000000000000e+06
1.490764000000000000e+06
1.334830000000000000e+05
1.252112000000000000e+06
3.774300000000000000e+05
1.351017000000000000e+06
6.674820000000000000e+05
1.074321000000000000e+06
1.420882000000000000e+06
7.083310000000000000e+05
7.832940000000000000e+05
8.180340000000000000e+05
8.482360000000000000e+05
3.018240000000000000e+05
1.694721000000000000e+06
5.144680000000000000e+05
1.063540000000000000e+05
1.450743000000000000e+06
7.184620000000000000e+05
4.929140000000000000e+05
1.740168000000000000e+06
1.290010000000000000e+05
1.832199000000000000e+06
1.776110000000000000e+06
1.249100000000000000e+06
1.711674000000000000e+06
1.142318000000000000e+06
6.526830000000000000e+05
1.356575000000000000e+06
1.232461000000000000e+06
1.630353000000000000e+06
3.268120000000000000e+05
5.182300000000000000e+05
1.822395000000000000e+06
3.265050000000000000e+05
3.457200000000000000e+05
1.862600000000000000e+04
1.376874000000000000e+06
1.316149000000000000e+06
8.999780000000000000e+05
1.030553000000000000e+06
2.774140000000000000e+05
5.247110000000000000e+05
3.600510000000000000e+05
5.900820000000000000e+05
1.357870000000000000e+06
1.767769000000000000e+06
