7.309850000000000000e+05
7.359100000000000000e+05
7.273460000000000000e+05
7.399260000000000000e+05
7.294050000000000000e+05
7.357690000000000000e+05
7.285230000000000000e+05
7.698270000000000000e+05
7.699380000000000000e+05
8.407240000000000000e+05
8.095490000000000000e+05
8.815410000000000000e+05
7.997980000000000000e+05
8.950750000000000000e+05
8.802240000000000000e+05
8.516380000000000000e+05
7.810320000000000000e+05
8.181920000000000000e+05
8.823850000000000000e+05
1.036439000000000000e+06
7.270550000000000000e+05
1.320553000000000000e+06
1.757687000000000000e+06
7.360770000000000000e+05
7.537310000000000000e+05
7.288100000000000000e+05
7.221440000000000000e+05
8.958640000000000000e+05
7.686740000000000000e+05
7.212040000000000000e+05
1.491889000000000000e+06
7.392900000000000000e+05
7.417600000000000000e+04
8.522010000000000000e+05
8.195840000000000000e+05
5.258650000000000000e+05
8.742180000000000000e+05
8.965100000000000000e+05
8.953510000000000000e+05
7.310090000000000000e+05
1.949200000000000000e+04
7.277160000000000000e+05
8.656720000000000000e+05
1.678050000000000000e+05
9.058060000000000000e+05
7.245240000000000000e+05
5.311640000000000000e+05
7.402650000000000000e+05
8.993730000000000000e+05
8.654180000000000000e+05
8.370370000000000000e+05
7.834490000000000000e+05
1.436408000000000000e+06
1.539530000000000000e+06
8.939730000000000000e+05
1.428024000000000000e+06
1.662442000000000000e+06
7.690700000000000000e+05
7.345170000000000000e+05
3.056000000000000000e+03
7.257000000000000000e+05
8.947660000000000000e+05
8.912700000000000000e+05
7.273030000000000000e+05
1.534852000000000000e+06
8.991730000000000000e+05
8.740120000000000000e+05
3.900690000000000000e+05
9.248160000000000000e+05
7.717650000000000000e+05
7.242460000000000000e+05
1.640432000000000000e+06
8.190100000000000000e+05
8.993210000000000000e+05
7.395650000000000000e+05
1.741829000000000000e+06
9.029480000000000000e+05
1.100281000000000000e+06
5.740590000000000000e+05
1.569179000000000000e+06
1.703415000000000000e+06
8.966380000000000000e+05
6.407880000000000000e+05
1.846000000000000000e+04
1.834220000000000000e+06
1.216980000000000000e+06
7.401810000000000000e+05
6.937330000000000000e+05
2.201170000000000000e+05
7.330930000000000000e+05
7.425400000000000000e+04
1.148602000000000000e+06
2.750540000000000000e+05
1.439457000000000000e+06
7.512420000000000000e+05
1.259058000000000000e+06
1.641409000000000000e+06
7.595010000000000000e+05
1.318911000000000000e+06
4.959200000000000000e+05
7.244560000000000000e+05
1.574215000000000000e+06
9.777740000000000000e+05
5.796890000000000000e+05
7.201340000000000000e+05
1.613905000000000000e+06
1.101342000000000000e+06
1.353677000000000000e+06
9.154510000000000000e+05
9.316860000000000000e+05
1.663804000000000000e+06
9.328860000000000000e+05
3.001310000000000000e+05
1.853176000000000000e+06
2.928150000000000000e+05
1.105120000000000000e+06
1.694468000000000000e+06
1.531944000000000000e+06
1.102704000000000000e+06
1.744990000000000000e+06
4.533230000000000000e+05
4.717790000000000000e+05
1.035641000000000000e+06
7.421580000000000000e+05
1.229244000000000000e+06
8.916870000000000000e+05
2.019500000000000000e+05
1.509878000000000000e+06
1.297627000000000000e+06
1.232587000000000000e+06
7.206420000000000000e+05
6.224800000000000000e+04
9.500970000000000000e+05
1.644117000000000000e+06
7.050050000000000000e+05
2.215750000000000000e+05
2.662170000000000000e+05
7.514770000000000000e+05
7.220350000000000000e+05
9.795930000000000000e+05
3.284390000000000000e+05
3.881400000000000000e+05
1.574671000000000000e+06
1.820497000000000000e+06
9.177940000000000000e+05
7.597150000000000000e+05
1.067909000000000000e+06
1.760687000000000000e+06
5.723940000000000000e+05
1.727300000000000000e+04
8.017640000000000000e+05
8.419930000000000000e+05
1.349242000000000000e+06
1.100302000000000000e+06
5.740580000000000000e+05
2.115540000000000000e+05
5.609320000000000000e+05
7.724040000000000000e+05
1.613634000000000000e+06
7.497550000000000000e+05
1.699144000000000000e+06
5.744250000000000000e+05
1.473840000000000000e+05
1.398039000000000000e+06
1.156758000000000000e+06
4.007000000000000000e+05
1.756671000000000000e+06
3.265420000000000000e+05
1.560010000000000000e+05
1.256298000000000000e+06
3.534370000000000000e+05
7.285080000000000000e+05
8.667680000000000000e+05
1.790439000000000000e+06
7.826470000000000000e+05
8.400150000000000000e+05
8.039520000000000000e+05
1.827142000000000000e+06
7.208150000000000000e+05
7.411600000000000000e+05
1.213282000000000000e+06
3.900910000000000000e+05
1.301174000000000000e+06
1.756530000000000000e+06
5.751200000000000000e+05
2.743500000000000000e+05
8.966250000000000000e+05
1.364536000000000000e+06
4.641640000000000000e+05
9.104880000000000000e+05
3.603780000000000000e+05
7.009420000000000000e+05
7.222580000000000000e+05
1.037716000000000000e+06
9.216620000000000000e+05
5.796330000000000000e+05
1.365555000000000000e+06
3.176740000000000000e+05
1.026567000000000000e+06
4.951550000000000000e+05
6.890240000000000000e+05
7.235550000000000000e+05
1.303355000000000000e+06
7.960830000000000000e+05
1.633514000000000000e+06
1.537929000000000000e+06
1.259170000000000000e+06
2.308550000000000000e+05
7.447110000000000000e+05
1.550887000000000000e+06
7.271940000000000000e+05
1.010713000000000000e+06
5.445300000000000000e+04
8.278780000000000000e+05
1.321873000000000000e+06
8.320520000000000000e+05
3.067580000000000000e+05
9.144100000000000000e+05
7.144550000000000000e+05
9.307250000000000000e+05
1.789629000000000000e+06
8.534920000000000000e+05
3.456510000000000000e+05
1.186864000000000000e+06
1.740794000000000000e+06
2.187020000000000000e+05
1.229603000000000000e+06
5.682180000000000000e+05
8.882200000000000000e+04
1.115768000000000000e+06
5.061960000000000000e+05
7.395840000000000000e+05
1.234291000000000000e+06
1.418727000000000000e+06
1.874940000000000000e+05
1.275362000000000000e+06
1.842600000000000000e+04
1.428766000000000000e+06
1.338150000000000000e+05
1.526518000000000000e+06
2.720240000000000000e+05
6.779700000000000000e+05
7.294310000000000000e+05
1.754120000000000000e+06
9.076930000000000000e+05
9.122040000000000000e+05
5.867900000000000000e+05
6.581800000000000000e+04
4.697120000000000000e+05
1.017244000000000000e+06
9.343290000000000000e+05
1.086177000000000000e+06
3.952530000000000000e+05
1.043500000000000000e+06
7.015540000000000000e+05
1.312556000000000000e+06
1.546358000000000000e+06
1.321053000000000000e+06
9.932780000000000000e+05
4.767400000000000000e+05
1.606420000000000000e+05
5.330590000000000000e+05
6.399730000000000000e+05
1.758177000000000000e+06
1.333559000000000000e+06
1.436860000000000000e+06
3.289660000000000000e+05
7.267880000000000000e+05
1.420287000000000000e+06
1.657866000000000000e+06
1.221060000000000000e+06
9.369590000000000000e+05
1.077329000000000000e+06
1.378232000000000000e+06
1.706898000000000000e+06
1.268482000000000000e+06
7.265140000000000000e+05
1.620841000000000000e+06
1.760196000000000000e+06
9.122690000000000000e+05
4.530940000000000000e+05
1.555037000000000000e+06
7.246330000000000000e+05
9.518590000000000000e+05
1.075540000000000000e+06
5.545100000000000000e+05
5.302380000000000000e+05
1.083587000000000000e+06
1.051442000000000000e+06
3.913280000000000000e+05
1.536413000000000000e+06
3.692940000000000000e+05
1.058081000000000000e+06
8.331460000000000000e+05
1.161714000000000000e+06
8.283690000000000000e+05
1.817681000000000000e+06
1.721461000000000000e+06
8.680730000000000000e+05
1.743075000000000000e+06
2.815750000000000000e+05
5.430930000000000000e+05
1.834529000000000000e+06
7.269640000000000000e+05
6.863900000000000000e+05
4.957530000000000000e+05
1.773787000000000000e+06
9.346400000000000000e+05
7.319580000000000000e+05
8.947520000000000000e+05
1.659292000000000000e+06
1.759184000000000000e+06
5.341760000000000000e+05
1.338322000000000000e+06
1.700463000000000000e+06
2.234180000000000000e+05
1.752411000000000000e+06
1.525174000000000000e+06
1.230336000000000000e+06
1.057320000000000000e+05
4.918860000000000000e+05
5.559760000000000000e+05
1.834182000000000000e+06
1.245009000000000000e+06
1.160978000000000000e+06
9.161630000000000000e+05
1.578380000000000000e+05
6.035730000000000000e+05
5.607320000000000000e+05
8.761300000000000000e+04
5.833990000000000000e+05
8.968190000000000000e+05
1.141485000000000000e+06
5.304270000000000000e+05
1.728777000000000000e+06
1.626113000000000000e+06
4.661200000000000000e+04
5.740860000000000000e+05
8.889250000000000000e+05
5.337330000000000000e+05
1.378993000000000000e+06
1.735587000000000000e+06
