7.309850000000000000e+05
7.359100000000000000e+05
7.273460000000000000e+05
7.390560000000000000e+05
7.346970000000000000e+05
7.658330000000000000e+05
7.357690000000000000e+05
7.698270000000000000e+05
7.285230000000000000e+05
8.815410000000000000e+05
8.170230000000000000e+05
8.464600000000000000e+05
8.659900000000000000e+05
8.193820000000000000e+05
8.961810000000000000e+05
7.288100000000000000e+05
1.036314000000000000e+06
1.320553000000000000e+06
7.270550000000000000e+05
8.823850000000000000e+05
7.360770000000000000e+05
1.757687000000000000e+06
5.258650000000000000e+05
7.569150000000000000e+05
7.221440000000000000e+05
7.537310000000000000e+05
8.181920000000000000e+05
8.492160000000000000e+05
7.810320000000000000e+05
7.212040000000000000e+05
1.491772000000000000e+06
7.379720000000000000e+05
7.686740000000000000e+05
9.058060000000000000e+05
8.879020000000000000e+05
1.099419000000000000e+06
7.417600000000000000e+04
7.690700000000000000e+05
7.273030000000000000e+05
8.924380000000000000e+05
8.195840000000000000e+05
8.522010000000000000e+05
7.257000000000000000e+05
1.428218000000000000e+06
3.635000000000000000e+03
8.675980000000000000e+05
8.963070000000000000e+05
7.474040000000000000e+05
1.678050000000000000e+05
9.029480000000000000e+05
1.532289000000000000e+06
1.943600000000000000e+04
8.740120000000000000e+05
7.310090000000000000e+05
8.998040000000000000e+05
7.277160000000000000e+05
1.436408000000000000e+06
7.325910000000000000e+05
1.216980000000000000e+06
3.900690000000000000e+05
7.235550000000000000e+05
8.824690000000000000e+05
8.942880000000000000e+05
1.536628000000000000e+06
8.858010000000000000e+05
7.425400000000000000e+04
7.693330000000000000e+05
5.313200000000000000e+05
1.752944000000000000e+06
3.284390000000000000e+05
1.318911000000000000e+06
5.741570000000000000e+05
7.595010000000000000e+05
8.953590000000000000e+05
9.364420000000000000e+05
5.608010000000000000e+05
9.216620000000000000e+05
1.321872000000000000e+06
9.248160000000000000e+05
1.741829000000000000e+06
4.951550000000000000e+05
1.105120000000000000e+06
2.928150000000000000e+05
8.508430000000000000e+05
8.098370000000000000e+05
8.959310000000000000e+05
9.737040000000000000e+05
1.834220000000000000e+06
1.760687000000000000e+06
1.147432000000000000e+06
7.245240000000000000e+05
6.779700000000000000e+05
1.820497000000000000e+06
8.965490000000000000e+05
3.001310000000000000e+05
1.259986000000000000e+06
1.029470000000000000e+06
4.959880000000000000e+05
8.944310000000000000e+05
7.680290000000000000e+05
4.890260000000000000e+05
2.234180000000000000e+05
9.177940000000000000e+05
5.213070000000000000e+05
7.242460000000000000e+05
1.103571000000000000e+06
9.302980000000000000e+05
7.220350000000000000e+05
1.035641000000000000e+06
8.654180000000000000e+05
9.122040000000000000e+05
1.103137000000000000e+06
9.326220000000000000e+05
1.301174000000000000e+06
1.546358000000000000e+06
1.641409000000000000e+06
1.760196000000000000e+06
6.962700000000000000e+05
7.050050000000000000e+05
1.100971000000000000e+06
8.917730000000000000e+05
1.439471000000000000e+06
1.156758000000000000e+06
5.304270000000000000e+05
7.222790000000000000e+05
8.102680000000000000e+05
1.418972000000000000e+06
1.699144000000000000e+06
6.175590000000000000e+05
1.320345000000000000e+06
7.512420000000000000e+05
6.886180000000000000e+05
1.745155000000000000e+06
1.744639000000000000e+06
1.694468000000000000e+06
1.234320000000000000e+06
1.853176000000000000e+06
9.174830000000000000e+05
8.801710000000000000e+05
7.411600000000000000e+05
9.518590000000000000e+05
5.061960000000000000e+05
1.329398000000000000e+06
1.657477000000000000e+06
6.952320000000000000e+05
7.271580000000000000e+05
8.419930000000000000e+05
8.111230000000000000e+05
3.900910000000000000e+05
4.697120000000000000e+05
6.407880000000000000e+05
7.395650000000000000e+05
1.874940000000000000e+05
1.075540000000000000e+06
1.661294000000000000e+06
8.268940000000000000e+05
7.858400000000000000e+05
9.254740000000000000e+05
7.400380000000000000e+05
1.124131000000000000e+06
1.230336000000000000e+06
4.717790000000000000e+05
4.868670000000000000e+05
1.569179000000000000e+06
1.425289000000000000e+06
9.512690000000000000e+05
7.144550000000000000e+05
9.777740000000000000e+05
1.541410000000000000e+06
5.682180000000000000e+05
8.889250000000000000e+05
7.597150000000000000e+05
5.260640000000000000e+05
1.846000000000000000e+04
6.937330000000000000e+05
7.197290000000000000e+05
1.759184000000000000e+06
7.330930000000000000e+05
1.626113000000000000e+06
3.456510000000000000e+05
1.671049000000000000e+06
7.497550000000000000e+05
1.773787000000000000e+06
1.115767000000000000e+06
5.906300000000000000e+04
7.294310000000000000e+05
5.744250000000000000e+05
9.315910000000000000e+05
3.265420000000000000e+05
1.842600000000000000e+04
3.180280000000000000e+05
7.395840000000000000e+05
9.154510000000000000e+05
9.088350000000000000e+05
9.960450000000000000e+05
1.045660000000000000e+06
1.077329000000000000e+06
6.165100000000000000e+04
1.102704000000000000e+06
2.019500000000000000e+05
1.364536000000000000e+06
1.130585000000000000e+06
1.743027000000000000e+06
5.302380000000000000e+05
1.089019000000000000e+06
7.281230000000000000e+05
1.625844000000000000e+06
1.662421000000000000e+06
1.760374000000000000e+06
1.095354000000000000e+06
1.017244000000000000e+06
1.759812000000000000e+06
1.547344000000000000e+06
2.743500000000000000e+05
7.207030000000000000e+05
1.067909000000000000e+06
1.698962000000000000e+06
3.498240000000000000e+05
5.620000000000000000e+05
5.592690000000000000e+05
4.641560000000000000e+05
6.768920000000000000e+05
7.244560000000000000e+05
1.753835000000000000e+06
1.762360000000000000e+06
1.031542000000000000e+06
1.332610000000000000e+06
1.813646000000000000e+06
2.917170000000000000e+05
8.331460000000000000e+05
1.548252000000000000e+06
5.305480000000000000e+05
3.888880000000000000e+05
1.436860000000000000e+06
1.083540000000000000e+06
1.213282000000000000e+06
1.667549000000000000e+06
9.699660000000000000e+05
5.833990000000000000e+05
1.082172000000000000e+06
1.757900000000000000e+06
1.319512000000000000e+06
1.509878000000000000e+06
1.321053000000000000e+06
1.349242000000000000e+06
9.161630000000000000e+05
7.349650000000000000e+05
3.603780000000000000e+05
1.037716000000000000e+06
5.107950000000000000e+05
1.365555000000000000e+06
3.024810000000000000e+05
9.076930000000000000e+05
1.703415000000000000e+06
7.201340000000000000e+05
1.161714000000000000e+06
7.552170000000000000e+05
1.317075000000000000e+06
1.086177000000000000e+06
1.229603000000000000e+06
1.704526000000000000e+06
1.632988000000000000e+06
1.640562000000000000e+06
1.527120000000000000e+06
5.727790000000000000e+05
5.639900000000000000e+04
1.548218000000000000e+06
7.267880000000000000e+05
1.644238000000000000e+06
1.716653000000000000e+06
1.371639000000000000e+06
5.587900000000000000e+05
9.959930000000000000e+05
1.625654000000000000e+06
1.016423000000000000e+06
2.115540000000000000e+05
1.533547000000000000e+06
1.214459000000000000e+06
9.532380000000000000e+05
1.462702000000000000e+06
1.572240000000000000e+05
7.009420000000000000e+05
3.236960000000000000e+05
6.581800000000000000e+04
7.826470000000000000e+05
1.256692000000000000e+06
5.745400000000000000e+04
5.151080000000000000e+05
9.525730000000000000e+05
4.691840000000000000e+05
3.024750000000000000e+05
1.256298000000000000e+06
6.024200000000000000e+04
5.669700000000000000e+04
1.633011000000000000e+06
7.408330000000000000e+05
4.007000000000000000e+05
1.116062000000000000e+06
2.074990000000000000e+05
4.437430000000000000e+05
1.043500000000000000e+06
5.740860000000000000e+05
1.437410000000000000e+06
6.863900000000000000e+05
1.772537000000000000e+06
6.110940000000000000e+05
1.126491000000000000e+06
1.164320000000000000e+05
1.612960000000000000e+05
1.128522000000000000e+06
1.297627000000000000e+06
7.175210000000000000e+05
7.447110000000000000e+05
7.330300000000000000e+04
1.187030000000000000e+05
9.283600000000000000e+04
1.396029000000000000e+06
5.805880000000000000e+05
7.960830000000000000e+05
1.668112000000000000e+06
8.769470000000000000e+05
7.037980000000000000e+05
6.629090000000000000e+05
7.269640000000000000e+05
1.868100000000000000e+04
7.362700000000000000e+05
1.722410000000000000e+05
1.764796000000000000e+06
9.088300000000000000e+05
6.900320000000000000e+05
8.996940000000000000e+05
1.347440000000000000e+05
1.232587000000000000e+06
9.278390000000000000e+05
1.221060000000000000e+06
1.756671000000000000e+06
1.526518000000000000e+06
1.186074000000000000e+06
1.520285000000000000e+06
2.692800000000000000e+05
1.578380000000000000e+05
5.352880000000000000e+05
3.744060000000000000e+05
6.569870000000000000e+05
1.545998000000000000e+06
1.337729000000000000e+06
1.802342000000000000e+06
1.156367000000000000e+06
8.031250000000000000e+05
8.634620000000000000e+05
7.728830000000000000e+05
4.967260000000000000e+05
8.680730000000000000e+05
1.762596000000000000e+06
9.149490000000000000e+05
1.322986000000000000e+06
1.544698000000000000e+06
8.190000000000000000e+02
1.378232000000000000e+06
1.419207000000000000e+06
9.346400000000000000e+05
1.834529000000000000e+06
6.129720000000000000e+05
1.462269000000000000e+06
1.798211000000000000e+06
1.011394000000000000e+06
4.533230000000000000e+05
9.122690000000000000e+05
1.234210000000000000e+06
1.502050000000000000e+06
1.396929000000000000e+06
1.827156000000000000e+06
1.086087000000000000e+06
1.827142000000000000e+06
1.084086000000000000e+06
9.543390000000000000e+05
9.932780000000000000e+05
5.751200000000000000e+05
8.329790000000000000e+05
8.645160000000000000e+05
8.667680000000000000e+05
1.763153000000000000e+06
1.428827000000000000e+06
5.617130000000000000e+05
7.900920000000000000e+05
9.148100000000000000e+05
5.274890000000000000e+05
1.353838000000000000e+06
1.248771000000000000e+06
1.837900000000000000e+04
9.185450000000000000e+05
1.735587000000000000e+06
1.088938000000000000e+06
1.083808000000000000e+06
2.815750000000000000e+05
1.497225000000000000e+06
1.444875000000000000e+06
7.271660000000000000e+05
2.682000000000000000e+04
6.955900000000000000e+05
3.758470000000000000e+05
4.473190000000000000e+05
1.675433000000000000e+06
7.282800000000000000e+05
1.019655000000000000e+06
1.727300000000000000e+04
9.500970000000000000e+05
1.347767000000000000e+06
2.720240000000000000e+05
3.368510000000000000e+05
4.958350000000000000e+05
1.377829000000000000e+06
4.924570000000000000e+05
1.058081000000000000e+06
1.660105000000000000e+06
9.743360000000000000e+05
1.095235000000000000e+06
6.759660000000000000e+05
2.600880000000000000e+05
1.498215000000000000e+06
1.766147000000000000e+06
1.661968000000000000e+06
1.229244000000000000e+06
1.574215000000000000e+06
1.400835000000000000e+06
1.760362000000000000e+06
9.055400000000000000e+04
2.941910000000000000e+05
1.121223000000000000e+06
1.753677000000000000e+06
1.834182000000000000e+06
7.508840000000000000e+05
4.854250000000000000e+05
1.259170000000000000e+06
1.075992000000000000e+06
7.259380000000000000e+05
