7.309850000000000000e+05
7.359100000000000000e+05
7.273430000000000000e+05
7.399260000000000000e+05
7.357690000000000000e+05
7.346970000000000000e+05
7.285230000000000000e+05
7.755390000000000000e+05
8.407240000000000000e+05
8.095490000000000000e+05
8.105570000000000000e+05
8.950750000000000000e+05
8.516380000000000000e+05
7.810320000000000000e+05
8.181920000000000000e+05
8.880870000000000000e+05
8.802240000000000000e+05
7.270550000000000000e+05
7.288100000000000000e+05
1.757687000000000000e+06
1.320553000000000000e+06
7.406820000000000000e+05
7.742350000000000000e+05
1.036182000000000000e+06
8.957470000000000000e+05
7.212040000000000000e+05
7.221440000000000000e+05
7.686740000000000000e+05
7.417600000000000000e+04
8.823850000000000000e+05
7.360770000000000000e+05
8.965100000000000000e+05
8.939730000000000000e+05
5.258670000000000000e+05
1.491889000000000000e+06
1.678050000000000000e+05
7.402650000000000000e+05
5.313200000000000000e+05
7.311150000000000000e+05
8.303570000000000000e+05
8.608610000000000000e+05
8.656720000000000000e+05
8.991730000000000000e+05
8.908300000000000000e+05
8.718180000000000000e+05
8.953510000000000000e+05
1.535330000000000000e+06
1.694468000000000000e+06
7.245240000000000000e+05
7.277160000000000000e+05
7.379860000000000000e+05
8.102680000000000000e+05
7.757730000000000000e+05
8.425150000000000000e+05
1.949200000000000000e+04
8.872150000000000000e+05
8.993730000000000000e+05
1.436551000000000000e+06
8.654180000000000000e+05
7.300850000000000000e+05
7.573840000000000000e+05
1.662442000000000000e+06
5.065560000000000000e+05
1.101966000000000000e+06
8.966380000000000000e+05
4.007220000000000000e+05
3.056000000000000000e+03
7.690700000000000000e+05
9.248160000000000000e+05
7.508890000000000000e+05
7.201060000000000000e+05
8.947660000000000000e+05
7.273030000000000000e+05
1.427733000000000000e+06
3.900690000000000000e+05
8.315850000000000000e+05
7.772030000000000000e+05
6.407880000000000000e+05
1.640432000000000000e+06
9.500970000000000000e+05
1.532289000000000000e+06
7.257000000000000000e+05
9.072910000000000000e+05
8.763650000000000000e+05
5.796890000000000000e+05
1.017244000000000000e+06
1.703415000000000000e+06
1.101342000000000000e+06
7.244560000000000000e+05
1.741829000000000000e+06
7.597150000000000000e+05
1.349242000000000000e+06
1.099267000000000000e+06
1.439457000000000000e+06
8.993210000000000000e+05
7.010440000000000000e+05
1.398039000000000000e+06
3.283300000000000000e+05
7.395650000000000000e+05
1.102802000000000000e+06
1.124131000000000000e+06
1.560010000000000000e+05
1.259058000000000000e+06
1.107434000000000000e+06
1.574215000000000000e+06
1.569179000000000000e+06
1.717397000000000000e+06
1.853176000000000000e+06
6.890240000000000000e+05
7.425400000000000000e+04
8.985750000000000000e+05
1.613905000000000000e+06
1.353675000000000000e+06
1.232587000000000000e+06
5.304270000000000000e+05
6.224800000000000000e+04
1.216981000000000000e+06
8.240810000000000000e+05
8.539120000000000000e+05
8.881700000000000000e+04
9.154510000000000000e+05
1.147412000000000000e+06
1.834220000000000000e+06
1.846000000000000000e+04
4.525660000000000000e+05
7.220350000000000000e+05
7.242460000000000000e+05
5.740590000000000000e+05
5.744250000000000000e+05
5.330590000000000000e+05
3.456510000000000000e+05
1.727300000000000000e+04
2.201170000000000000e+05
6.399730000000000000e+05
9.346400000000000000e+05
1.037716000000000000e+06
3.571550000000000000e+05
1.035641000000000000e+06
5.341760000000000000e+05
9.190080000000000000e+05
7.405090000000000000e+05
2.750540000000000000e+05
7.330930000000000000e+05
2.215750000000000000e+05
4.641640000000000000e+05
3.067580000000000000e+05
5.107950000000000000e+05
5.302380000000000000e+05
7.068180000000000000e+05
1.473310000000000000e+06
1.711752000000000000e+06
1.578380000000000000e+05
1.075540000000000000e+06
1.295576000000000000e+06
1.316626000000000000e+06
1.644117000000000000e+06
7.408330000000000000e+05
8.916870000000000000e+05
1.383156000000000000e+06
7.246330000000000000e+05
1.318911000000000000e+06
7.512420000000000000e+05
3.180280000000000000e+05
3.401510000000000000e+05
1.537929000000000000e+06
1.419213000000000000e+06
1.526518000000000000e+06
1.626179000000000000e+06
1.156758000000000000e+06
6.937330000000000000e+05
4.533230000000000000e+05
1.067909000000000000e+06
9.795930000000000000e+05
1.364362000000000000e+06
5.669700000000000000e+05
5.592690000000000000e+05
1.789629000000000000e+06
1.555610000000000000e+06
3.362770000000000000e+05
1.086164000000000000e+06
1.641409000000000000e+06
8.680730000000000000e+05
1.186022000000000000e+06
9.122040000000000000e+05
4.951550000000000000e+05
1.574671000000000000e+06
3.023780000000000000e+05
1.743075000000000000e+06
1.161714000000000000e+06
1.256298000000000000e+06
5.337330000000000000e+05
5.114200000000000000e+04
1.222326000000000000e+06
1.043500000000000000e+06
1.229244000000000000e+06
1.321875000000000000e+06
1.817681000000000000e+06
3.952530000000000000e+05
9.699660000000000000e+05
1.874940000000000000e+05
4.623170000000000000e+05
1.058081000000000000e+06
6.677360000000000000e+05
9.088350000000000000e+05
7.693330000000000000e+05
2.019500000000000000e+05
2.840330000000000000e+05
9.316860000000000000e+05
6.616640000000000000e+05
1.333559000000000000e+06
5.257670000000000000e+05
1.338322000000000000e+06
1.663804000000000000e+06
1.332401000000000000e+06
1.047642000000000000e+06
1.251769000000000000e+06
5.587900000000000000e+05
8.247610000000000000e+05
7.784360000000000000e+05
8.645160000000000000e+05
1.625844000000000000e+06
1.086120000000000000e+06
1.480283000000000000e+06
5.833990000000000000e+05
1.790439000000000000e+06
2.115540000000000000e+05
8.278780000000000000e+05
2.544290000000000000e+05
1.745155000000000000e+06
1.711590000000000000e+05
3.460200000000000000e+04
3.913280000000000000e+05
5.796330000000000000e+05
2.308550000000000000e+05
1.097603000000000000e+06
7.395840000000000000e+05
9.329770000000000000e+05
2.682000000000000000e+04
1.633514000000000000e+06
1.760196000000000000e+06
1.764796000000000000e+06
5.751200000000000000e+05
5.723940000000000000e+05
9.047580000000000000e+05
9.161630000000000000e+05
2.928150000000000000e+05
1.509878000000000000e+06
1.061930000000000000e+05
1.799328000000000000e+06
6.865780000000000000e+05
8.331460000000000000e+05
1.364002000000000000e+06
9.307120000000000000e+05
9.122690000000000000e+05
1.405818000000000000e+06
7.235550000000000000e+05
4.717790000000000000e+05
5.562860000000000000e+05
1.743172000000000000e+06
1.799668000000000000e+06
9.340260000000000000e+05
1.073888000000000000e+06
1.436860000000000000e+06
3.607050000000000000e+05
5.252790000000000000e+05
7.033740000000000000e+05
4.767400000000000000e+05
3.696160000000000000e+05
8.859770000000000000e+05
1.229603000000000000e+06
8.947520000000000000e+05
1.226166000000000000e+06
7.265140000000000000e+05
2.247890000000000000e+05
6.849150000000000000e+05
1.684010000000000000e+06
1.026594000000000000e+06
9.278390000000000000e+05
1.640822000000000000e+06
4.918860000000000000e+05
1.225557000000000000e+06
1.606420000000000000e+05
3.265420000000000000e+05
1.074847000000000000e+06
1.312165000000000000e+06
1.970060000000000000e+05
1.528582000000000000e+06
1.662838000000000000e+06
4.960890000000000000e+05
5.607320000000000000e+05
1.555026000000000000e+06
3.226640000000000000e+05
2.403290000000000000e+05
8.966250000000000000e+05
3.786190000000000000e+05
7.285080000000000000e+05
1.699144000000000000e+06
3.931560000000000000e+05
1.522494000000000000e+06
1.083929000000000000e+06
5.609320000000000000e+05
3.900910000000000000e+05
