7.309850000000000000e+05
7.359100000000000000e+05
7.269380000000000000e+05
7.399260000000000000e+05
7.294050000000000000e+05
7.357690000000000000e+05
7.285230000000000000e+05
7.698270000000000000e+05
8.407240000000000000e+05
7.699380000000000000e+05
8.095490000000000000e+05
8.815410000000000000e+05
8.961810000000000000e+05
8.065140000000000000e+05
8.802240000000000000e+05
1.757687000000000000e+06
1.036182000000000000e+06
7.288100000000000000e+05
7.270550000000000000e+05
1.320553000000000000e+06
7.360770000000000000e+05
8.823850000000000000e+05
7.417600000000000000e+04
7.221440000000000000e+05
1.491772000000000000e+06
8.181920000000000000e+05
8.516380000000000000e+05
7.810320000000000000e+05
5.258650000000000000e+05
7.686740000000000000e+05
7.545800000000000000e+05
7.212040000000000000e+05
9.058060000000000000e+05
7.379720000000000000e+05
1.099419000000000000e+06
8.675980000000000000e+05
7.690700000000000000e+05
8.763650000000000000e+05
8.807040000000000000e+05
7.402650000000000000e+05
8.343370000000000000e+05
8.024830000000000000e+05
7.277160000000000000e+05
7.257000000000000000e+05
1.428218000000000000e+06
8.991240000000000000e+05
3.321000000000000000e+03
1.944100000000000000e+04
3.900690000000000000e+05
7.273030000000000000e+05
1.532289000000000000e+06
7.310090000000000000e+05
9.029480000000000000e+05
1.678050000000000000e+05
8.953510000000000000e+05
7.345170000000000000e+05
8.886110000000000000e+05
8.656720000000000000e+05
8.824690000000000000e+05
8.740120000000000000e+05
1.539530000000000000e+06
8.959990000000000000e+05
7.573840000000000000e+05
7.693330000000000000e+05
9.216620000000000000e+05
9.248160000000000000e+05
7.235550000000000000e+05
1.436408000000000000e+06
1.741829000000000000e+06
1.834220000000000000e+06
5.313100000000000000e+05
7.417200000000000000e+04
1.318911000000000000e+06
9.177940000000000000e+05
7.245240000000000000e+05
1.752948000000000000e+06
1.216981000000000000e+06
7.220350000000000000e+05
5.608010000000000000e+05
1.147404000000000000e+06
8.942880000000000000e+05
3.284390000000000000e+05
2.928150000000000000e+05
1.851300000000000000e+04
5.741570000000000000e+05
7.242460000000000000e+05
1.760687000000000000e+06
4.951550000000000000e+05
8.944310000000000000e+05
9.795930000000000000e+05
4.960890000000000000e+05
1.105120000000000000e+06
7.395650000000000000e+05
8.098370000000000000e+05
8.458910000000000000e+05
1.100971000000000000e+06
9.365040000000000000e+05
8.916870000000000000e+05
1.259986000000000000e+06
1.439457000000000000e+06
1.029470000000000000e+06
7.411600000000000000e+05
8.966380000000000000e+05
5.061960000000000000e+05
7.726560000000000000e+05
8.102680000000000000e+05
3.001310000000000000e+05
1.820497000000000000e+06
1.760196000000000000e+06
1.363958000000000000e+06
5.304270000000000000e+05
8.996650000000000000e+05
1.694468000000000000e+06
5.682180000000000000e+05
7.512420000000000000e+05
6.779700000000000000e+05
1.662320000000000000e+06
1.103571000000000000e+06
8.965490000000000000e+05
9.326240000000000000e+05
6.407880000000000000e+05
5.213070000000000000e+05
1.418972000000000000e+06
6.937330000000000000e+05
1.035641000000000000e+06
1.301186000000000000e+06
1.641409000000000000e+06
6.886180000000000000e+05
7.050050000000000000e+05
1.546358000000000000e+06
8.654180000000000000e+05
3.900910000000000000e+05
4.890260000000000000e+05
9.154510000000000000e+05
8.983350000000000000e+05
9.302980000000000000e+05
9.961050000000000000e+05
7.330930000000000000e+05
8.801710000000000000e+05
1.321873000000000000e+06
1.773787000000000000e+06
9.758350000000000000e+05
1.758824000000000000e+06
1.098247000000000000e+06
1.156758000000000000e+06
1.067909000000000000e+06
1.354192000000000000e+06
3.265420000000000000e+05
9.254740000000000000e+05
7.497550000000000000e+05
1.075540000000000000e+06
7.401810000000000000e+05
1.102704000000000000e+06
3.180280000000000000e+05
3.456510000000000000e+05
1.419214000000000000e+06
1.853176000000000000e+06
1.846000000000000000e+04
7.281230000000000000e+05
2.743500000000000000e+05
1.095354000000000000e+06
6.175590000000000000e+05
7.717650000000000000e+05
1.699144000000000000e+06
1.657477000000000000e+06
1.509878000000000000e+06
1.661294000000000000e+06
1.130585000000000000e+06
9.076930000000000000e+05
1.834182000000000000e+06
3.498240000000000000e+05
1.756671000000000000e+06
1.332610000000000000e+06
7.597150000000000000e+05
6.962700000000000000e+05
1.047642000000000000e+06
1.744990000000000000e+06
7.244560000000000000e+05
1.221060000000000000e+06
7.395840000000000000e+05
1.671046000000000000e+06
4.697120000000000000e+05
5.260640000000000000e+05
1.436860000000000000e+06
1.745155000000000000e+06
1.762360000000000000e+06
1.703219000000000000e+06
1.232587000000000000e+06
1.541410000000000000e+06
1.874940000000000000e+05
1.569179000000000000e+06
4.533250000000000000e+05
8.667680000000000000e+05
7.201340000000000000e+05
1.607180000000000000e+05
1.640432000000000000e+06
3.505720000000000000e+05
7.144550000000000000e+05
1.230352000000000000e+06
1.161714000000000000e+06
9.088350000000000000e+05
5.107950000000000000e+05
1.572240000000000000e+05
7.267880000000000000e+05
1.229244000000000000e+06
1.213523000000000000e+06
5.302380000000000000e+05
8.036300000000000000e+05
8.377580000000000000e+05
8.235760000000000000e+05
9.283600000000000000e+04
9.174830000000000000e+05
1.321839000000000000e+06
1.017244000000000000e+06
1.548218000000000000e+06
1.757900000000000000e+06
4.958350000000000000e+05
8.268940000000000000e+05
1.526518000000000000e+06
5.833990000000000000e+05
1.371639000000000000e+06
1.086177000000000000e+06
3.888880000000000000e+05
9.512690000000000000e+05
2.662170000000000000e+05
1.501823000000000000e+06
2.234180000000000000e+05
1.502050000000000000e+06
1.544698000000000000e+06
6.581800000000000000e+04
1.425322000000000000e+06
4.641640000000000000e+05
7.271940000000000000e+05
1.149969000000000000e+06
5.151080000000000000e+05
1.704526000000000000e+06
7.271580000000000000e+05
5.727920000000000000e+05
6.837610000000000000e+05
1.462702000000000000e+06
1.743027000000000000e+06
2.019500000000000000e+05
1.727300000000000000e+04
9.161630000000000000e+05
1.141485000000000000e+06
1.365555000000000000e+06
1.229603000000000000e+06
1.834529000000000000e+06
1.077329000000000000e+06
1.753835000000000000e+06
1.115768000000000000e+06
2.720240000000000000e+05
6.165100000000000000e+04
8.331460000000000000e+05
6.552870000000000000e+05
1.082005000000000000e+06
1.644238000000000000e+06
5.751200000000000000e+05
6.722020000000000000e+05
5.592690000000000000e+05
1.083540000000000000e+06
1.128522000000000000e+06
1.329398000000000000e+06
1.772537000000000000e+06
1.667549000000000000e+06
9.518590000000000000e+05
2.074990000000000000e+05
5.639900000000000000e+04
1.625844000000000000e+06
1.537929000000000000e+06
6.629090000000000000e+05
7.447110000000000000e+05
8.968190000000000000e+05
5.906300000000000000e+04
7.319580000000000000e+05
1.578380000000000000e+05
1.420287000000000000e+06
7.009420000000000000e+05
9.699660000000000000e+05
1.043500000000000000e+06
6.768920000000000000e+05
1.756530000000000000e+06
1.760374000000000000e+06
6.757780000000000000e+05
1.089071000000000000e+06
9.135770000000000000e+05
8.155450000000000000e+05
5.587900000000000000e+05
6.863900000000000000e+05
5.744250000000000000e+05
1.548252000000000000e+06
1.540091000000000000e+06
6.952320000000000000e+05
1.070441000000000000e+06
6.610730000000000000e+05
6.890240000000000000e+05
1.754672000000000000e+06
3.236960000000000000e+05
1.668112000000000000e+06
7.362700000000000000e+05
1.398039000000000000e+06
1.234210000000000000e+06
9.500970000000000000e+05
1.844006000000000000e+06
1.320345000000000000e+06
1.213282000000000000e+06
5.805880000000000000e+05
1.267151000000000000e+06
6.698650000000000000e+05
1.177983000000000000e+06
5.740860000000000000e+05
9.314880000000000000e+05
7.294310000000000000e+05
1.161690000000000000e+05
8.680730000000000000e+05
9.543390000000000000e+05
2.750540000000000000e+05
1.813646000000000000e+06
1.675433000000000000e+06
3.195500000000000000e+05
1.037716000000000000e+06
7.265140000000000000e+05
2.815750000000000000e+05
1.828800000000000000e+04
3.024810000000000000e+05
1.349242000000000000e+06
1.321053000000000000e+06
1.074672000000000000e+06
2.867530000000000000e+05
4.967260000000000000e+05
5.607320000000000000e+05
1.031542000000000000e+06
3.603780000000000000e+05
1.214459000000000000e+06
1.105428000000000000e+06
1.234320000000000000e+06
5.219550000000000000e+05
8.645160000000000000e+05
7.802760000000000000e+05
1.122497000000000000e+06
1.197978000000000000e+06
2.917170000000000000e+05
4.007500000000000000e+05
1.082172000000000000e+06
6.024200000000000000e+04
7.505410000000000000e+05
4.854250000000000000e+05
2.115540000000000000e+05
6.681980000000000000e+05
7.269640000000000000e+05
1.698962000000000000e+06
1.760362000000000000e+06
7.728830000000000000e+05
7.197290000000000000e+05
1.632988000000000000e+06
9.532380000000000000e+05
7.349650000000000000e+05
1.704850000000000000e+05
1.827142000000000000e+06
6.795950000000000000e+05
3.913280000000000000e+05
1.248771000000000000e+06
7.595100000000000000e+05
2.600880000000000000e+05
1.088938000000000000e+06
1.368097000000000000e+06
1.498215000000000000e+06
6.417400000000000000e+04
1.259170000000000000e+06
4.437430000000000000e+05
1.547344000000000000e+06
5.620000000000000000e+05
1.334690000000000000e+06
1.011394000000000000e+06
1.084086000000000000e+06
8.446960000000000000e+05
8.031250000000000000e+05
1.156367000000000000e+06
5.352880000000000000e+05
5.639850000000000000e+05
1.653615000000000000e+06
1.245009000000000000e+06
6.129610000000000000e+05
4.153150000000000000e+05
6.555350000000000000e+05
3.758470000000000000e+05
1.659292000000000000e+06
1.019655000000000000e+06
1.633912000000000000e+06
3.865810000000000000e+05
4.868670000000000000e+05
5.796330000000000000e+05
2.373000000000000000e+03
2.682000000000000000e+04
7.514770000000000000e+05
1.574215000000000000e+06
1.332113000000000000e+06
1.790439000000000000e+06
5.413330000000000000e+05
3.362770000000000000e+05
1.462269000000000000e+06
9.185520000000000000e+05
7.207030000000000000e+05
9.122690000000000000e+05
1.378232000000000000e+06
1.626113000000000000e+06
1.303472000000000000e+06
6.942620000000000000e+05
3.744060000000000000e+05
6.900320000000000000e+05
