8.575550000000000000e+05
8.158960000000000000e+05
7.757690000000000000e+05
8.872420000000000000e+05
9.667180000000000000e+05
7.674170000000000000e+05
1.216610000000000000e+06
7.787900000000000000e+05
8.634340000000000000e+05
7.952630000000000000e+05
8.333580000000000000e+05
1.099836000000000000e+06
8.899660000000000000e+05
8.287240000000000000e+05
8.090270000000000000e+05
8.623510000000000000e+05
8.300950000000000000e+05
9.904030000000000000e+05
9.622880000000000000e+05
7.729720000000000000e+05
9.668540000000000000e+05
8.830280000000000000e+05
8.594550000000000000e+05
9.726150000000000000e+05
9.355870000000000000e+05
7.555330000000000000e+05
1.062116000000000000e+06
8.004470000000000000e+05
8.627100000000000000e+05
3.862980000000000000e+05
1.044652000000000000e+06
9.412480000000000000e+05
8.943470000000000000e+05
1.333792000000000000e+06
8.942320000000000000e+05
4.483100000000000000e+05
7.550780000000000000e+05
9.603130000000000000e+05
9.763870000000000000e+05
1.552978000000000000e+06
9.932320000000000000e+05
1.216847000000000000e+06
8.947660000000000000e+05
8.961160000000000000e+05
8.979030000000000000e+05
8.935320000000000000e+05
4.007830000000000000e+05
7.613700000000000000e+05
9.338100000000000000e+04
8.649320000000000000e+05
1.350960000000000000e+05
7.901520000000000000e+05
8.627410000000000000e+05
8.279200000000000000e+05
9.374640000000000000e+05
7.356120000000000000e+05
8.319500000000000000e+05
1.806403000000000000e+06
7.710980000000000000e+05
1.215344000000000000e+06
7.555310000000000000e+05
8.653370000000000000e+05
8.931650000000000000e+05
9.555900000000000000e+05
1.217674000000000000e+06
7.562640000000000000e+05
3.349690000000000000e+05
8.773600000000000000e+04
9.908680000000000000e+05
8.356660000000000000e+05
1.101294000000000000e+06
9.520190000000000000e+05
8.943370000000000000e+05
2.463300000000000000e+04
7.142800000000000000e+05
8.981550000000000000e+05
1.461406000000000000e+06
9.373550000000000000e+05
8.745830000000000000e+05
8.657510000000000000e+05
7.758240000000000000e+05
1.061610000000000000e+06
8.440840000000000000e+05
7.863860000000000000e+05
9.698490000000000000e+05
7.927080000000000000e+05
9.632030000000000000e+05
7.647460000000000000e+05
7.813070000000000000e+05
9.953640000000000000e+05
9.624420000000000000e+05
1.098244000000000000e+06
8.910620000000000000e+05
9.329050000000000000e+05
7.802730000000000000e+05
1.725474000000000000e+06
1.766431000000000000e+06
3.494920000000000000e+05
1.414396000000000000e+06
8.122690000000000000e+05
1.096978000000000000e+06
8.252650000000000000e+05
7.915800000000000000e+05
8.600440000000000000e+05
7.587570000000000000e+05
8.996270000000000000e+05
1.357370000000000000e+05
8.956680000000000000e+05
1.034595000000000000e+06
7.958170000000000000e+05
9.670660000000000000e+05
9.383530000000000000e+05
8.802080000000000000e+05
7.374260000000000000e+05
8.044890000000000000e+05
8.471640000000000000e+05
1.730041000000000000e+06
7.673840000000000000e+05
1.723150000000000000e+06
1.549249000000000000e+06
1.064331000000000000e+06
8.976180000000000000e+05
9.946620000000000000e+05
7.611380000000000000e+05
1.099267000000000000e+06
8.758780000000000000e+05
1.456473000000000000e+06
7.885660000000000000e+05
8.216630000000000000e+05
1.066400000000000000e+06
1.052589000000000000e+06
8.672160000000000000e+05
1.067922000000000000e+06
9.330150000000000000e+05
4.499500000000000000e+05
7.315290000000000000e+05
1.087722000000000000e+06
7.349580000000000000e+05
4.369610000000000000e+05
2.379500000000000000e+04
9.469090000000000000e+05
9.949820000000000000e+05
4.632880000000000000e+05
9.518940000000000000e+05
7.442600000000000000e+05
1.044058000000000000e+06
1.440657000000000000e+06
8.749860000000000000e+05
8.968190000000000000e+05
1.048384000000000000e+06
9.575000000000000000e+05
9.639130000000000000e+05
2.433800000000000000e+04
1.639844000000000000e+06
1.456378000000000000e+06
5.181650000000000000e+05
7.905620000000000000e+05
9.122040000000000000e+05
3.302620000000000000e+05
8.330400000000000000e+05
1.098760000000000000e+06
4.378260000000000000e+05
7.501690000000000000e+05
8.953940000000000000e+05
9.660210000000000000e+05
3.874300000000000000e+05
8.333590000000000000e+05
1.495000000000000000e+06
9.539190000000000000e+05
2.361400000000000000e+04
1.834553000000000000e+06
1.155073000000000000e+06
7.256650000000000000e+05
1.244814000000000000e+06
1.215907000000000000e+06
8.240810000000000000e+05
8.702890000000000000e+05
1.101966000000000000e+06
9.596410000000000000e+05
1.744408000000000000e+06
1.012297000000000000e+06
8.120730000000000000e+05
7.393920000000000000e+05
7.287590000000000000e+05
3.837900000000000000e+05
7.413350000000000000e+05
1.630885000000000000e+06
7.662980000000000000e+05
9.754450000000000000e+05
6.260250000000000000e+05
8.966120000000000000e+05
9.517390000000000000e+05
1.114044000000000000e+06
7.577160000000000000e+05
8.747910000000000000e+05
9.834570000000000000e+05
6.998660000000000000e+05
9.884370000000000000e+05
1.105428000000000000e+06
9.126800000000000000e+05
9.960240000000000000e+05
9.593850000000000000e+05
1.805433000000000000e+06
1.053334000000000000e+06
9.755650000000000000e+05
1.224110000000000000e+06
6.884330000000000000e+05
1.033357000000000000e+06
1.213863000000000000e+06
1.342586000000000000e+06
1.336011000000000000e+06
7.306970000000000000e+05
7.595210000000000000e+05
3.318650000000000000e+05
1.767270000000000000e+05
1.038489000000000000e+06
8.112100000000000000e+04
1.066742000000000000e+06
7.245240000000000000e+05
1.416317000000000000e+06
8.365340000000000000e+05
1.008643000000000000e+06
9.039120000000000000e+05
7.250970000000000000e+05
8.975880000000000000e+05
1.009361000000000000e+06
1.806984000000000000e+06
7.132750000000000000e+05
1.068023000000000000e+06
9.269890000000000000e+05
1.046592000000000000e+06
7.379440000000000000e+05
1.707136000000000000e+06
9.078760000000000000e+05
9.903730000000000000e+05
7.256760000000000000e+05
1.420790000000000000e+05
8.130000000000000000e+04
1.030213000000000000e+06
1.055496000000000000e+06
1.462295000000000000e+06
7.288120000000000000e+05
8.865540000000000000e+05
1.455062000000000000e+06
1.441479000000000000e+06
1.057910000000000000e+06
1.064342000000000000e+06
7.235470000000000000e+05
3.583100000000000000e+04
9.473000000000000000e+04
7.181820000000000000e+05
1.098905000000000000e+06
1.667905000000000000e+06
1.100208000000000000e+06
9.637820000000000000e+05
3.897350000000000000e+05
1.217076000000000000e+06
3.911660000000000000e+05
4.688420000000000000e+05
1.007275000000000000e+06
8.349020000000000000e+05
8.038350000000000000e+05
9.506340000000000000e+05
7.739530000000000000e+05
4.480840000000000000e+05
7.220690000000000000e+05
1.070441000000000000e+06
1.181159000000000000e+06
1.060556000000000000e+06
4.491970000000000000e+05
1.765445000000000000e+06
1.102704000000000000e+06
1.217917000000000000e+06
1.207661000000000000e+06
1.036377000000000000e+06
9.496790000000000000e+05
7.524770000000000000e+05
9.494360000000000000e+05
9.243680000000000000e+05
9.953410000000000000e+05
7.172270000000000000e+05
1.005757000000000000e+06
1.703610000000000000e+05
9.364360000000000000e+05
1.554401000000000000e+06
1.023624000000000000e+06
7.036550000000000000e+05
7.094360000000000000e+05
1.220473000000000000e+06
7.102180000000000000e+05
5.590000000000000000e+04
1.118804000000000000e+06
1.066709000000000000e+06
7.316920000000000000e+05
1.097799000000000000e+06
1.037084000000000000e+06
8.999310000000000000e+05
9.380520000000000000e+05
3.778480000000000000e+05
5.913000000000000000e+03
7.344490000000000000e+05
8.942880000000000000e+05
1.218501000000000000e+06
1.406064000000000000e+06
1.556078000000000000e+06
1.133575000000000000e+06
1.055261000000000000e+06
8.916390000000000000e+05
1.008023000000000000e+06
1.256218000000000000e+06
9.539320000000000000e+05
8.890630000000000000e+05
1.018389000000000000e+06
1.099861000000000000e+06
1.216381000000000000e+06
7.388000000000000000e+03
1.206930000000000000e+06
9.956300000000000000e+05
1.689980000000000000e+05
7.250010000000000000e+05
1.094775000000000000e+06
1.056930000000000000e+06
1.215478000000000000e+06
1.441816000000000000e+06
1.640656000000000000e+06
1.415808000000000000e+06
1.552333000000000000e+06
3.354000000000000000e+04
1.059579000000000000e+06
7.152670000000000000e+05
7.281030000000000000e+05
9.045740000000000000e+05
1.054776000000000000e+06
1.107416000000000000e+06
1.386203000000000000e+06
1.190530000000000000e+05
8.283530000000000000e+05
8.652210000000000000e+05
7.366060000000000000e+05
1.059591000000000000e+06
1.135679000000000000e+06
1.005697000000000000e+06
1.044202000000000000e+06
4.372080000000000000e+05
1.018339000000000000e+06
1.098157000000000000e+06
1.206363000000000000e+06
1.055296000000000000e+06
3.690200000000000000e+04
7.563090000000000000e+05
9.715020000000000000e+05
1.133037000000000000e+06
1.030983000000000000e+06
9.634380000000000000e+05
4.459560000000000000e+05
1.104775000000000000e+06
1.235320000000000000e+05
9.340050000000000000e+05
1.722875000000000000e+06
4.685020000000000000e+05
1.086386000000000000e+06
4.089920000000000000e+05
1.411637000000000000e+06
1.217271000000000000e+06
1.751908000000000000e+06
1.029975000000000000e+06
9.412850000000000000e+05
1.631737000000000000e+06
1.062031000000000000e+06
3.875240000000000000e+05
4.020410000000000000e+05
7.620110000000000000e+05
6.543700000000000000e+05
3.894910000000000000e+05
1.206782000000000000e+06
7.187270000000000000e+05
1.160291000000000000e+06
1.340707000000000000e+06
1.020976000000000000e+06
1.214441000000000000e+06
8.793150000000000000e+05
1.136992000000000000e+06
1.022187000000000000e+06
8.442570000000000000e+05
5.208960000000000000e+05
1.074219000000000000e+06
1.116486000000000000e+06
1.067811000000000000e+06
1.455161000000000000e+06
4.649590000000000000e+05
1.158457000000000000e+06
8.617660000000000000e+05
8.283300000000000000e+05
9.741660000000000000e+05
7.405390000000000000e+05
9.252730000000000000e+05
1.167606000000000000e+06
9.459690000000000000e+05
1.347400000000000000e+06
1.057269000000000000e+06
1.074083000000000000e+06
1.425770000000000000e+05
1.409035000000000000e+06
1.289904000000000000e+06
9.857670000000000000e+05
1.553029000000000000e+06
1.069421000000000000e+06
4.387420000000000000e+05
3.391680000000000000e+05
1.158239000000000000e+06
4.342050000000000000e+05
1.021947000000000000e+06
1.339345000000000000e+06
2.122410000000000000e+05
1.138955000000000000e+06
1.047277000000000000e+06
1.839875000000000000e+06
9.678110000000000000e+05
1.040847000000000000e+06
4.315010000000000000e+05
1.117024000000000000e+06
2.234500000000000000e+04
1.094868000000000000e+06
9.996250000000000000e+05
1.767247000000000000e+06
4.502330000000000000e+05
9.310200000000000000e+05
6.367500000000000000e+05
9.842010000000000000e+05
1.182252000000000000e+06
1.042696000000000000e+06
9.456890000000000000e+05
1.337515000000000000e+06
9.543430000000000000e+05
9.751810000000000000e+05
1.438658000000000000e+06
9.929480000000000000e+05
1.081022000000000000e+06
1.182154000000000000e+06
7.152930000000000000e+05
1.342540000000000000e+06
9.211300000000000000e+04
3.874940000000000000e+05
1.342457000000000000e+06
1.004533000000000000e+06
1.461765000000000000e+06
2.447100000000000000e+04
1.131689000000000000e+06
4.283150000000000000e+05
7.808600000000000000e+04
7.420240000000000000e+05
6.701230000000000000e+05
1.223947000000000000e+06
4.504970000000000000e+05
3.850700000000000000e+04
8.750770000000000000e+05
1.061065000000000000e+06
9.248420000000000000e+05
1.150662000000000000e+06
3.925800000000000000e+05
1.352620000000000000e+05
9.364900000000000000e+04
1.338344000000000000e+06
4.356780000000000000e+05
5.773890000000000000e+05
1.135557000000000000e+06
7.243260000000000000e+05
1.337467000000000000e+06
1.348904000000000000e+06
1.457167000000000000e+06
9.565580000000000000e+05
7.270560000000000000e+05
5.409250000000000000e+05
6.271810000000000000e+05
7.310190000000000000e+05
1.157637000000000000e+06
3.363010000000000000e+05
1.060954000000000000e+06
9.204250000000000000e+05
1.806031000000000000e+06
1.855620000000000000e+06
1.024568000000000000e+06
9.278390000000000000e+05
7.622310000000000000e+05
7.271580000000000000e+05
7.395650000000000000e+05
9.296790000000000000e+05
2.459400000000000000e+04
6.985010000000000000e+05
1.072666000000000000e+06
1.066725000000000000e+06
1.299286000000000000e+06
1.417542000000000000e+06
1.748855000000000000e+06
9.659170000000000000e+05
8.380400000000000000e+04
1.313676000000000000e+06
1.102950000000000000e+06
8.239800000000000000e+04
1.038027000000000000e+06
3.463170000000000000e+05
1.003464000000000000e+06
8.386560000000000000e+05
7.897010000000000000e+05
1.158116000000000000e+06
5.955810000000000000e+05
9.120950000000000000e+05
1.058452000000000000e+06
5.794920000000000000e+05
3.327970000000000000e+05
1.037630000000000000e+06
9.802200000000000000e+05
9.210780000000000000e+05
1.348020000000000000e+05
1.112251000000000000e+06
9.095650000000000000e+05
1.554596000000000000e+06
7.397590000000000000e+05
1.248290000000000000e+06
7.118820000000000000e+05
9.907910000000000000e+05
4.502650000000000000e+05
9.347300000000000000e+05
7.919400000000000000e+05
8.236090000000000000e+05
1.550474000000000000e+06
7.497170000000000000e+05
1.552695000000000000e+06
1.132985000000000000e+06
6.553340000000000000e+05
1.550669000000000000e+06
5.195680000000000000e+05
1.054792000000000000e+06
1.766147000000000000e+06
1.450789000000000000e+06
9.188350000000000000e+05
9.562130000000000000e+05
1.285020000000000000e+05
1.138223000000000000e+06
9.376290000000000000e+05
1.334173000000000000e+06
3.819150000000000000e+05
1.770740000000000000e+05
1.731089000000000000e+06
9.043590000000000000e+05
3.481740000000000000e+05
1.554384000000000000e+06
9.002450000000000000e+05
4.033190000000000000e+05
6.723520000000000000e+05
1.152367000000000000e+06
4.634050000000000000e+05
1.160916000000000000e+06
9.038530000000000000e+05
2.443750000000000000e+05
1.713205000000000000e+06
1.183751000000000000e+06
9.861080000000000000e+05
8.925620000000000000e+05
1.737593000000000000e+06
1.025893000000000000e+06
1.058330000000000000e+06
1.769350000000000000e+05
4.475150000000000000e+05
1.115989000000000000e+06
4.103940000000000000e+05
1.804541000000000000e+06
1.727307000000000000e+06
1.469666000000000000e+06
1.738666000000000000e+06
7.170740000000000000e+05
3.397110000000000000e+05
1.089072000000000000e+06
1.087289000000000000e+06
9.408340000000000000e+05
1.406383000000000000e+06
1.332614000000000000e+06
1.065996000000000000e+06
6.750720000000000000e+05
1.086620000000000000e+06
4.226140000000000000e+05
3.878170000000000000e+05
3.877250000000000000e+05
1.378749000000000000e+06
1.161070000000000000e+06
1.554369000000000000e+06
1.556313000000000000e+06
8.058400000000000000e+04
7.801610000000000000e+05
7.865460000000000000e+05
8.981180000000000000e+05
1.429242000000000000e+06
1.097681000000000000e+06
1.441649000000000000e+06
1.065128000000000000e+06
7.886610000000000000e+05
1.008197000000000000e+06
1.730004000000000000e+06
3.917360000000000000e+05
1.025167000000000000e+06
3.828050000000000000e+05
4.508300000000000000e+05
4.007600000000000000e+05
3.861010000000000000e+05
1.457832000000000000e+06
3.437820000000000000e+05
1.633904000000000000e+06
1.082562000000000000e+06
6.943640000000000000e+05
9.220840000000000000e+05
1.389308000000000000e+06
1.215307000000000000e+06
1.496982000000000000e+06
1.218432000000000000e+06
3.008580000000000000e+05
5.796330000000000000e+05
8.945410000000000000e+05
1.103357000000000000e+06
7.354780000000000000e+05
1.100609000000000000e+06
9.241780000000000000e+05
1.550536000000000000e+06
1.466069000000000000e+06
7.264550000000000000e+05
4.126890000000000000e+05
9.337110000000000000e+05
3.406910000000000000e+05
1.180780000000000000e+05
1.666160000000000000e+06
1.119698000000000000e+06
1.494524000000000000e+06
1.245478000000000000e+06
1.134069000000000000e+06
1.025480000000000000e+06
1.552910000000000000e+06
1.342248000000000000e+06
5.255340000000000000e+05
1.723602000000000000e+06
1.199829000000000000e+06
8.408800000000000000e+04
1.060836000000000000e+06
1.631979000000000000e+06
9.284160000000000000e+05
1.733409000000000000e+06
1.225115000000000000e+06
1.737249000000000000e+06
6.946700000000000000e+04
1.413314000000000000e+06
7.264920000000000000e+05
1.015676000000000000e+06
9.425430000000000000e+05
3.692940000000000000e+05
1.062770000000000000e+06
1.203466000000000000e+06
3.044450000000000000e+05
9.355240000000000000e+05
1.437261000000000000e+06
1.256729000000000000e+06
9.116500000000000000e+05
1.767328000000000000e+06
1.761919000000000000e+06
6.586680000000000000e+05
4.740210000000000000e+05
1.113709000000000000e+06
1.443370000000000000e+06
4.368260000000000000e+05
1.116476000000000000e+06
6.231770000000000000e+05
1.555308000000000000e+06
7.279670000000000000e+05
8.967120000000000000e+05
1.371635000000000000e+06
9.481380000000000000e+05
6.314780000000000000e+05
1.637534000000000000e+06
1.767231000000000000e+06
1.549034000000000000e+06
4.606410000000000000e+05
6.627130000000000000e+05
1.329216000000000000e+06
9.283430000000000000e+05
9.500970000000000000e+05
8.456800000000000000e+04
1.031351000000000000e+06
5.972490000000000000e+05
3.001590000000000000e+05
1.766138000000000000e+06
1.055541000000000000e+06
1.854506000000000000e+06
9.318860000000000000e+05
9.594110000000000000e+05
8.570920000000000000e+05
7.873240000000000000e+05
1.087225000000000000e+06
1.384386000000000000e+06
3.452740000000000000e+05
1.033552000000000000e+06
4.411690000000000000e+05
4.004700000000000000e+05
7.560190000000000000e+05
8.918500000000000000e+04
3.888220000000000000e+05
3.828470000000000000e+05
1.218038000000000000e+06
9.162220000000000000e+05
9.951340000000000000e+05
8.918510000000000000e+05
7.954680000000000000e+05
5.988740000000000000e+05
9.534030000000000000e+05
1.314173000000000000e+06
9.000040000000000000e+05
4.697120000000000000e+05
9.376400000000000000e+04
4.019060000000000000e+05
2.891580000000000000e+05
3.115700000000000000e+05
9.254370000000000000e+05
9.656080000000000000e+05
2.415160000000000000e+05
1.085631000000000000e+06
7.264190000000000000e+05
1.636745000000000000e+06
1.816452000000000000e+06
1.103225000000000000e+06
1.196982000000000000e+06
5.564210000000000000e+05
1.030899000000000000e+06
9.325800000000000000e+04
7.104370000000000000e+05
1.324995000000000000e+06
1.438751000000000000e+06
1.087430000000000000e+06
1.030357000000000000e+06
1.019376000000000000e+06
7.274500000000000000e+05
1.084957000000000000e+06
3.044600000000000000e+04
3.843860000000000000e+05
1.340500000000000000e+05
7.944750000000000000e+05
8.262060000000000000e+05
4.753660000000000000e+05
1.247437000000000000e+06
9.297940000000000000e+05
1.724220000000000000e+05
9.258130000000000000e+05
7.045610000000000000e+05
7.285260000000000000e+05
1.093606000000000000e+06
9.535120000000000000e+05
1.537919000000000000e+06
1.075029000000000000e+06
6.819990000000000000e+05
3.349780000000000000e+05
8.851040000000000000e+05
1.094227000000000000e+06
1.157636000000000000e+06
1.145537000000000000e+06
1.231861000000000000e+06
1.217754000000000000e+06
6.330640000000000000e+05
1.028773000000000000e+06
1.213792000000000000e+06
6.490140000000000000e+05
1.242512000000000000e+06
1.630769000000000000e+06
7.134000000000000000e+03
4.483770000000000000e+05
7.063430000000000000e+05
1.214129000000000000e+06
1.068530000000000000e+06
1.548152000000000000e+06
6.975290000000000000e+05
1.339482000000000000e+06
9.623790000000000000e+05
6.888260000000000000e+05
1.211192000000000000e+06
9.959770000000000000e+05
1.204680000000000000e+05
1.246730000000000000e+06
1.385031000000000000e+06
4.010610000000000000e+05
4.382440000000000000e+05
7.167590000000000000e+05
4.498830000000000000e+05
1.153438000000000000e+06
7.184760000000000000e+05
5.451280000000000000e+05
7.391210000000000000e+05
3.333760000000000000e+05
3.704030000000000000e+05
6.644930000000000000e+05
3.784740000000000000e+05
7.608000000000000000e+03
8.607160000000000000e+05
7.967100000000000000e+05
1.412852000000000000e+06
9.215800000000000000e+04
1.753027000000000000e+06
8.816760000000000000e+05
1.208386000000000000e+06
1.085671000000000000e+06
1.035608000000000000e+06
1.251510000000000000e+06
6.511330000000000000e+05
1.301061000000000000e+06
1.276661000000000000e+06
9.360260000000000000e+05
1.342199000000000000e+06
9.936180000000000000e+05
2.746040000000000000e+05
3.516470000000000000e+05
1.758047000000000000e+06
5.879670000000000000e+05
1.153677000000000000e+06
4.492490000000000000e+05
1.441544000000000000e+06
9.380740000000000000e+05
1.095354000000000000e+06
4.636760000000000000e+05
1.213369000000000000e+06
3.821900000000000000e+04
9.336680000000000000e+05
7.056630000000000000e+05
4.668030000000000000e+05
1.347958000000000000e+06
6.107000000000000000e+03
3.898710000000000000e+05
7.152550000000000000e+05
8.845100000000000000e+04
8.736160000000000000e+05
1.427063000000000000e+06
3.721000000000000000e+05
7.349650000000000000e+05
1.297690000000000000e+05
7.169660000000000000e+05
1.335717000000000000e+06
1.765546000000000000e+06
4.476090000000000000e+05
8.673500000000000000e+04
1.729924000000000000e+06
3.458670000000000000e+05
3.119390000000000000e+05
3.294860000000000000e+05
1.123494000000000000e+06
3.989100000000000000e+05
5.172150000000000000e+05
6.745180000000000000e+05
1.194925000000000000e+06
1.849348000000000000e+06
4.004380000000000000e+05
1.199400000000000000e+06
1.153472000000000000e+06
1.461009000000000000e+06
1.097807000000000000e+06
1.460942000000000000e+06
1.286191000000000000e+06
1.221364000000000000e+06
1.833988000000000000e+06
1.320389000000000000e+06
9.313990000000000000e+05
2.943600000000000000e+05
1.115481000000000000e+06
1.213938000000000000e+06
1.076040000000000000e+06
1.843045000000000000e+06
1.244597000000000000e+06
8.017390000000000000e+05
9.022970000000000000e+05
1.549217000000000000e+06
1.292906000000000000e+06
1.150600000000000000e+06
1.830818000000000000e+06
1.708760000000000000e+06
1.507645000000000000e+06
1.136352000000000000e+06
3.990500000000000000e+05
3.946150000000000000e+05
8.495800000000000000e+04
1.668112000000000000e+06
1.161101000000000000e+06
1.194417000000000000e+06
1.294691000000000000e+06
1.223561000000000000e+06
1.667341000000000000e+06
1.631416000000000000e+06
6.626400000000000000e+05
5.004530000000000000e+05
1.074116000000000000e+06
7.232890000000000000e+05
4.533340000000000000e+05
1.638970000000000000e+06
7.249530000000000000e+05
1.082903000000000000e+06
6.799370000000000000e+05
1.011557000000000000e+06
8.985120000000000000e+05
3.491410000000000000e+05
5.592690000000000000e+05
1.488491000000000000e+06
1.262200000000000000e+06
8.891170000000000000e+05
1.139557000000000000e+06
1.215953000000000000e+06
1.075208000000000000e+06
3.290510000000000000e+05
4.299020000000000000e+05
8.971580000000000000e+05
1.231636000000000000e+06
1.081492000000000000e+06
1.145560000000000000e+06
1.549139000000000000e+06
9.202190000000000000e+05
3.785650000000000000e+05
1.379016000000000000e+06
1.339580000000000000e+06
1.632906000000000000e+06
1.180890000000000000e+05
1.709360000000000000e+05
3.823510000000000000e+05
4.867520000000000000e+05
7.535350000000000000e+05
5.713850000000000000e+05
1.161428000000000000e+06
1.767631000000000000e+06
1.082916000000000000e+06
1.451480000000000000e+06
1.199040000000000000e+06
5.605140000000000000e+05
4.510580000000000000e+05
7.270950000000000000e+05
3.878370000000000000e+05
1.204614000000000000e+06
1.265930000000000000e+05
1.254174000000000000e+06
1.212234000000000000e+06
1.108714000000000000e+06
4.641330000000000000e+05
1.756768000000000000e+06
1.059129000000000000e+06
4.535660000000000000e+05
1.254022000000000000e+06
3.323960000000000000e+05
3.857360000000000000e+05
1.288016000000000000e+06
1.119983000000000000e+06
1.349790000000000000e+05
1.192480000000000000e+05
1.451353000000000000e+06
9.814050000000000000e+05
1.577557000000000000e+06
4.018800000000000000e+05
1.414657000000000000e+06
3.535420000000000000e+05
5.770110000000000000e+05
1.044595000000000000e+06
1.838524000000000000e+06
1.078607000000000000e+06
1.264614000000000000e+06
9.401480000000000000e+05
4.770040000000000000e+05
5.311960000000000000e+05
1.211356000000000000e+06
1.360130000000000000e+05
7.099970000000000000e+05
1.284005000000000000e+06
1.439449000000000000e+06
4.735670000000000000e+05
1.194559000000000000e+06
4.287860000000000000e+05
1.298336000000000000e+06
1.101033000000000000e+06
7.048010000000000000e+05
2.469200000000000000e+04
5.169700000000000000e+05
3.866690000000000000e+05
6.853300000000000000e+05
4.334930000000000000e+05
9.556580000000000000e+05
1.535618000000000000e+06
1.215498000000000000e+06
3.243310000000000000e+05
1.175125000000000000e+06
1.100191000000000000e+06
1.097710000000000000e+06
1.153179000000000000e+06
1.099919000000000000e+06
1.019070000000000000e+06
2.406380000000000000e+05
1.637348000000000000e+06
1.223950000000000000e+06
7.075200000000000000e+04
1.096940000000000000e+06
1.242763000000000000e+06
1.828310000000000000e+06
1.070871000000000000e+06
9.498630000000000000e+05
1.043402000000000000e+06
1.064978000000000000e+06
4.158960000000000000e+05
1.333010000000000000e+06
5.013270000000000000e+05
4.961130000000000000e+05
1.129430000000000000e+06
1.731561000000000000e+06
1.555841000000000000e+06
1.602241000000000000e+06
5.235240000000000000e+05
1.283438000000000000e+06
1.434114000000000000e+06
1.532048000000000000e+06
7.314780000000000000e+05
1.806994000000000000e+06
1.552894000000000000e+06
1.343633000000000000e+06
1.368840000000000000e+05
3.933840000000000000e+05
1.494733000000000000e+06
1.624514000000000000e+06
9.549950000000000000e+05
1.841547000000000000e+06
1.099281000000000000e+06
7.048890000000000000e+05
7.033940000000000000e+05
9.427300000000000000e+05
5.100770000000000000e+05
1.186049000000000000e+06
1.206343000000000000e+06
7.240000000000000000e+05
1.443209000000000000e+06
1.711240000000000000e+05
3.481140000000000000e+05
3.410720000000000000e+05
1.333299000000000000e+06
5.382440000000000000e+05
1.174632000000000000e+06
1.514544000000000000e+06
1.129700000000000000e+06
1.150283000000000000e+06
3.748120000000000000e+05
3.751380000000000000e+05
1.208610000000000000e+06
1.055004000000000000e+06
7.435900000000000000e+05
7.193080000000000000e+05
4.110280000000000000e+05
1.328007000000000000e+06
9.029480000000000000e+05
1.822546000000000000e+06
6.110000000000000000e+03
1.271071000000000000e+06
9.060150000000000000e+05
5.950780000000000000e+05
4.262100000000000000e+05
3.877410000000000000e+05
7.834600000000000000e+04
1.415210000000000000e+05
1.455257000000000000e+06
1.724417000000000000e+06
1.489638000000000000e+06
1.270080000000000000e+06
1.349390000000000000e+05
1.110339000000000000e+06
1.267301000000000000e+06
1.457165000000000000e+06
1.750458000000000000e+06
1.561520000000000000e+05
1.807282000000000000e+06
8.129810000000000000e+05
2.224400000000000000e+04
7.851000000000000000e+03
1.209791000000000000e+06
1.215172000000000000e+06
4.564390000000000000e+05
8.283690000000000000e+05
1.476141000000000000e+06
3.274100000000000000e+05
1.075053000000000000e+06
5.988960000000000000e+05
1.335614000000000000e+06
2.194500000000000000e+04
4.429430000000000000e+05
7.167700000000000000e+05
1.296777000000000000e+06
8.297000000000000000e+04
1.116954000000000000e+06
1.216384000000000000e+06
7.038830000000000000e+05
4.609870000000000000e+05
1.199653000000000000e+06
1.706545000000000000e+06
1.042494000000000000e+06
1.809548000000000000e+06
3.842760000000000000e+05
1.282323000000000000e+06
9.316740000000000000e+05
1.095933000000000000e+06
1.377152000000000000e+06
5.968530000000000000e+05
1.382940000000000000e+06
1.095297000000000000e+06
2.939790000000000000e+05
1.261999000000000000e+06
1.455788000000000000e+06
2.998010000000000000e+05
2.912320000000000000e+05
1.196279000000000000e+06
1.846131000000000000e+06
1.136787000000000000e+06
1.856627000000000000e+06
3.731000000000000000e+04
1.473046000000000000e+06
5.879610000000000000e+05
1.305895000000000000e+06
9.345500000000000000e+04
3.189400000000000000e+04
1.136158000000000000e+06
1.461856000000000000e+06
1.321000000000000000e+06
1.771240000000000000e+05
9.242310000000000000e+05
1.772322000000000000e+06
1.141390000000000000e+05
1.710790000000000000e+05
1.460523000000000000e+06
4.502490000000000000e+05
6.944580000000000000e+05
3.712490000000000000e+05
1.456109000000000000e+06
9.592970000000000000e+05
1.634038000000000000e+06
7.667690000000000000e+05
7.266980000000000000e+05
1.221539000000000000e+06
1.400072000000000000e+06
4.292270000000000000e+05
1.409680000000000000e+06
1.265458000000000000e+06
1.778347000000000000e+06
1.338436000000000000e+06
1.755705000000000000e+06
1.209496000000000000e+06
1.112382000000000000e+06
7.053010000000000000e+05
1.549468000000000000e+06
1.782250000000000000e+05
1.253187000000000000e+06
1.242818000000000000e+06
1.639944000000000000e+06
3.418320000000000000e+05
3.830550000000000000e+05
5.205470000000000000e+05
5.787250000000000000e+05
4.454300000000000000e+05
1.248958000000000000e+06
4.521000000000000000e+05
5.856740000000000000e+05
1.218590000000000000e+06
1.655711000000000000e+06
1.028496000000000000e+06
1.248182000000000000e+06
3.254750000000000000e+05
9.957740000000000000e+05
1.224059000000000000e+06
7.185500000000000000e+05
1.794949000000000000e+06
9.422600000000000000e+04
4.387350000000000000e+05
5.241240000000000000e+05
1.288723000000000000e+06
1.190198000000000000e+06
1.804607000000000000e+06
1.218141000000000000e+06
3.061510000000000000e+05
7.206240000000000000e+05
1.349130000000000000e+05
1.807742000000000000e+06
1.275786000000000000e+06
3.012630000000000000e+05
3.509250000000000000e+05
2.782800000000000000e+05
1.168082000000000000e+06
1.283090000000000000e+05
6.185980000000000000e+05
1.624357000000000000e+06
1.127568000000000000e+06
9.482560000000000000e+05
1.182610000000000000e+05
9.238250000000000000e+05
4.868810000000000000e+05
1.640757000000000000e+06
5.249860000000000000e+05
6.675400000000000000e+05
1.320812000000000000e+06
1.434062000000000000e+06
1.221631000000000000e+06
1.271011000000000000e+06
1.442619000000000000e+06
1.451482000000000000e+06
1.189282000000000000e+06
1.766165000000000000e+06
1.642776000000000000e+06
1.625770000000000000e+05
4.140150000000000000e+05
1.458693000000000000e+06
1.231696000000000000e+06
1.354696000000000000e+06
7.221440000000000000e+05
1.736183000000000000e+06
1.778675000000000000e+06
1.229370000000000000e+05
2.292300000000000000e+04
1.217647000000000000e+06
4.517760000000000000e+05
1.493450000000000000e+05
7.292280000000000000e+05
7.356690000000000000e+05
5.602890000000000000e+05
3.303990000000000000e+05
1.256692000000000000e+06
6.240750000000000000e+05
1.418074000000000000e+06
3.427040000000000000e+05
7.244560000000000000e+05
1.565701000000000000e+06
1.591437000000000000e+06
1.854121000000000000e+06
1.203386000000000000e+06
1.207590000000000000e+06
7.246330000000000000e+05
1.162494000000000000e+06
1.673882000000000000e+06
1.385727000000000000e+06
1.366330000000000000e+05
1.553555000000000000e+06
5.213090000000000000e+05
1.226003000000000000e+06
1.337095000000000000e+06
7.049000000000000000e+05
1.460016000000000000e+06
1.121848000000000000e+06
1.383569000000000000e+06
1.027845000000000000e+06
6.397840000000000000e+05
1.556356000000000000e+06
5.840250000000000000e+05
6.951670000000000000e+05
1.461764000000000000e+06
4.860580000000000000e+05
5.567710000000000000e+05
1.275490000000000000e+05
1.215683000000000000e+06
3.869850000000000000e+05
1.731859000000000000e+06
7.543590000000000000e+05
1.166165000000000000e+06
1.139540000000000000e+06
1.244350000000000000e+05
7.839700000000000000e+04
2.251700000000000000e+04
1.778428000000000000e+06
3.503600000000000000e+04
1.220401000000000000e+06
5.142080000000000000e+05
1.019923000000000000e+06
6.167820000000000000e+05
1.208608000000000000e+06
9.057050000000000000e+05
1.147567000000000000e+06
1.422508000000000000e+06
1.548699000000000000e+06
6.703680000000000000e+05
3.769610000000000000e+05
4.685480000000000000e+05
9.424770000000000000e+05
1.176791000000000000e+06
4.231600000000000000e+04
8.963950000000000000e+05
1.250595000000000000e+06
2.133280000000000000e+05
6.605120000000000000e+05
1.811071000000000000e+06
1.161344000000000000e+06
1.131880000000000000e+06
1.760657000000000000e+06
2.522960000000000000e+05
5.463230000000000000e+05
6.972790000000000000e+05
1.574274000000000000e+06
1.468977000000000000e+06
1.132386000000000000e+06
1.182538000000000000e+06
3.289040000000000000e+05
1.351814000000000000e+06
1.414480000000000000e+05
1.389183000000000000e+06
1.136641000000000000e+06
1.694748000000000000e+06
1.809413000000000000e+06
1.656890000000000000e+06
4.637800000000000000e+04
1.224575000000000000e+06
1.601607000000000000e+06
6.984540000000000000e+05
1.764163000000000000e+06
9.914600000000000000e+04
2.656000000000000000e+03
7.763100000000000000e+04
1.028611000000000000e+06
1.059642000000000000e+06
1.103525000000000000e+06
1.726888000000000000e+06
7.426120000000000000e+05
1.214182000000000000e+06
2.654600000000000000e+04
3.891450000000000000e+05
1.068252000000000000e+06
6.396160000000000000e+05
1.507199000000000000e+06
1.343120000000000000e+05
1.059400000000000000e+06
4.777470000000000000e+05
7.309960000000000000e+05
1.650105000000000000e+06
1.546732000000000000e+06
6.250720000000000000e+05
1.732196000000000000e+06
4.732380000000000000e+05
1.140097000000000000e+06
6.685830000000000000e+05
1.202436000000000000e+06
1.492090000000000000e+05
1.113730000000000000e+06
1.200382000000000000e+06
7.172670000000000000e+05
1.352626000000000000e+06
4.006260000000000000e+05
1.433754000000000000e+06
1.212920000000000000e+06
1.440134000000000000e+06
1.371210000000000000e+05
1.343788000000000000e+06
1.026509000000000000e+06
4.701780000000000000e+05
1.105236000000000000e+06
1.556015000000000000e+06
6.899100000000000000e+04
9.914640000000000000e+05
4.653530000000000000e+05
2.065830000000000000e+05
1.228996000000000000e+06
1.165702000000000000e+06
3.876150000000000000e+05
1.058240000000000000e+06
3.459330000000000000e+05
9.922800000000000000e+04
5.865740000000000000e+05
1.631563000000000000e+06
5.897710000000000000e+05
1.136150000000000000e+05
6.639730000000000000e+05
7.196150000000000000e+05
1.071166000000000000e+06
1.433928000000000000e+06
2.302900000000000000e+04
1.091154000000000000e+06
1.207528000000000000e+06
1.106659000000000000e+06
1.793290000000000000e+05
1.340684000000000000e+06
1.585913000000000000e+06
1.571980000000000000e+05
4.619370000000000000e+05
1.519974000000000000e+06
1.578029000000000000e+06
5.238500000000000000e+05
3.375660000000000000e+05
6.868680000000000000e+05
7.663700000000000000e+04
1.316070000000000000e+06
1.392477000000000000e+06
1.453767000000000000e+06
7.003480000000000000e+05
3.512020000000000000e+05
1.849920000000000000e+05
1.345406000000000000e+06
8.650600000000000000e+04
2.966270000000000000e+05
1.287370000000000000e+06
1.470571000000000000e+06
6.443860000000000000e+05
5.151000000000000000e+05
1.269160000000000000e+05
1.082962000000000000e+06
8.765620000000000000e+05
2.075850000000000000e+05
1.761816000000000000e+06
1.708149000000000000e+06
3.292770000000000000e+05
5.222550000000000000e+05
1.175729000000000000e+06
1.212616000000000000e+06
4.382610000000000000e+05
1.833190000000000000e+06
1.276844000000000000e+06
3.829110000000000000e+05
3.152530000000000000e+05
1.820566000000000000e+06
1.553582000000000000e+06
1.102897000000000000e+06
1.181911000000000000e+06
1.444565000000000000e+06
9.251240000000000000e+05
5.242900000000000000e+05
1.100966000000000000e+06
9.303200000000000000e+04
5.227110000000000000e+05
1.432034000000000000e+06
1.245484000000000000e+06
3.783860000000000000e+05
9.928580000000000000e+05
4.057430000000000000e+05
4.426530000000000000e+05
1.272102000000000000e+06
2.662280000000000000e+05
6.855590000000000000e+05
1.262430000000000000e+05
1.314871000000000000e+06
1.783898000000000000e+06
3.903060000000000000e+05
4.293390000000000000e+05
1.656794000000000000e+06
1.840756000000000000e+06
4.979700000000000000e+05
5.876130000000000000e+05
1.066448000000000000e+06
1.149438000000000000e+06
1.058437000000000000e+06
9.259300000000000000e+04
1.357826000000000000e+06
1.393852000000000000e+06
1.548252000000000000e+06
1.743230000000000000e+05
1.766960000000000000e+06
1.215951000000000000e+06
4.543950000000000000e+05
1.691409000000000000e+06
1.367162000000000000e+06
1.311649000000000000e+06
1.470061000000000000e+06
1.087031000000000000e+06
1.103273000000000000e+06
1.253129000000000000e+06
1.762428000000000000e+06
8.290000000000000000e+02
5.963660000000000000e+05
1.377605000000000000e+06
1.630891000000000000e+06
1.196599000000000000e+06
7.558120000000000000e+05
9.166440000000000000e+05
1.444462000000000000e+06
1.290121000000000000e+06
9.136520000000000000e+05
1.143649000000000000e+06
1.630581000000000000e+06
1.764123000000000000e+06
1.845008000000000000e+06
1.471859000000000000e+06
1.206402000000000000e+06
4.365470000000000000e+05
3.515320000000000000e+05
4.566990000000000000e+05
1.297010000000000000e+05
1.396579000000000000e+06
1.749796000000000000e+06
1.459273000000000000e+06
5.311500000000000000e+05
1.131649000000000000e+06
5.782710000000000000e+05
1.674110000000000000e+06
4.245930000000000000e+05
1.969760000000000000e+05
1.260755000000000000e+06
5.768160000000000000e+05
1.453822000000000000e+06
1.483659000000000000e+06
1.186141000000000000e+06
3.887580000000000000e+05
1.298099000000000000e+06
1.263304000000000000e+06
1.060199000000000000e+06
1.194582000000000000e+06
1.666482000000000000e+06
9.912730000000000000e+05
1.565189000000000000e+06
1.994480000000000000e+05
1.743565000000000000e+06
1.150904000000000000e+06
2.433390000000000000e+05
1.676060000000000000e+05
1.422109000000000000e+06
3.668590000000000000e+05
2.517440000000000000e+05
1.744990000000000000e+06
6.878400000000000000e+04
1.632158000000000000e+06
1.670422000000000000e+06
1.238220000000000000e+05
3.471500000000000000e+04
1.768630000000000000e+05
1.852374000000000000e+06
6.595980000000000000e+05
1.053330000000000000e+05
1.570160000000000000e+05
9.122050000000000000e+05
1.209137000000000000e+06
1.119891000000000000e+06
1.356080000000000000e+06
5.327320000000000000e+05
1.167302000000000000e+06
1.082143000000000000e+06
5.549200000000000000e+05
1.766637000000000000e+06
9.162060000000000000e+05
1.164773000000000000e+06
4.948100000000000000e+04
1.151391000000000000e+06
1.111028000000000000e+06
3.847660000000000000e+05
1.758966000000000000e+06
1.125213000000000000e+06
1.474684000000000000e+06
1.434132000000000000e+06
9.072080000000000000e+05
1.447200000000000000e+04
1.057535000000000000e+06
2.326920000000000000e+05
1.454967000000000000e+06
1.832265000000000000e+06
1.814617000000000000e+06
1.820469000000000000e+06
1.037789000000000000e+06
9.132910000000000000e+05
1.458107000000000000e+06
3.277860000000000000e+05
1.105886000000000000e+06
1.222865000000000000e+06
9.268990000000000000e+05
1.135169000000000000e+06
1.086938000000000000e+06
1.224515000000000000e+06
1.224551000000000000e+06
1.739778000000000000e+06
1.751303000000000000e+06
1.333076000000000000e+06
6.631090000000000000e+05
1.088902000000000000e+06
1.220504000000000000e+06
1.164813000000000000e+06
1.489710000000000000e+06
1.270251000000000000e+06
1.442820000000000000e+06
1.756464000000000000e+06
5.912340000000000000e+05
9.118090000000000000e+05
1.333933000000000000e+06
1.073100000000000000e+05
7.977340000000000000e+05
9.705000000000000000e+03
1.422843000000000000e+06
2.884270000000000000e+05
9.941640000000000000e+05
1.085298000000000000e+06
1.556592000000000000e+06
3.226670000000000000e+05
8.941000000000000000e+04
9.486080000000000000e+05
5.249780000000000000e+05
1.636810000000000000e+05
7.168720000000000000e+05
3.907020000000000000e+05
6.956870000000000000e+05
1.246537000000000000e+06
1.830104000000000000e+06
4.654240000000000000e+05
1.728458000000000000e+06
1.483199000000000000e+06
1.742842000000000000e+06
2.442500000000000000e+04
1.345378000000000000e+06
1.369727000000000000e+06
9.311530000000000000e+05
4.304630000000000000e+05
1.242670000000000000e+06
1.032623000000000000e+06
7.149090000000000000e+05
1.832203000000000000e+06
1.046861000000000000e+06
2.680110000000000000e+05
4.959400000000000000e+05
1.482716000000000000e+06
9.494730000000000000e+05
3.407150000000000000e+05
3.011800000000000000e+04
9.615870000000000000e+05
4.849720000000000000e+05
6.169330000000000000e+05
5.570410000000000000e+05
1.633367000000000000e+06
1.733900000000000000e+05
9.450860000000000000e+05
1.163929000000000000e+06
4.392660000000000000e+05
9.335620000000000000e+05
1.094525000000000000e+06
1.452450000000000000e+06
6.733900000000000000e+05
1.415049000000000000e+06
3.471240000000000000e+05
1.058318000000000000e+06
6.659500000000000000e+05
1.379057000000000000e+06
1.204744000000000000e+06
4.334800000000000000e+04
1.673250000000000000e+06
1.800155000000000000e+06
9.523580000000000000e+05
2.155790000000000000e+05
2.062240000000000000e+05
1.629847000000000000e+06
1.452270000000000000e+06
1.743156000000000000e+06
5.699570000000000000e+05
9.205000000000000000e+05
1.259023000000000000e+06
5.867170000000000000e+05
1.232041000000000000e+06
1.011872000000000000e+06
1.792050000000000000e+05
1.217856000000000000e+06
1.727946000000000000e+06
1.744128000000000000e+06
1.447516000000000000e+06
1.086993000000000000e+06
1.788467000000000000e+06
1.248367000000000000e+06
1.241444000000000000e+06
1.409933000000000000e+06
1.835810000000000000e+06
1.491166000000000000e+06
1.631335000000000000e+06
1.756080000000000000e+06
9.179990000000000000e+05
4.971600000000000000e+05
1.251401000000000000e+06
1.766164000000000000e+06
1.331843000000000000e+06
6.247600000000000000e+05
1.974010000000000000e+05
1.636740000000000000e+05
4.943310000000000000e+05
5.127000000000000000e+05
1.488618000000000000e+06
1.115040000000000000e+06
1.707156000000000000e+06
1.044603000000000000e+06
1.403430000000000000e+06
2.231300000000000000e+04
5.338460000000000000e+05
9.263530000000000000e+05
1.083590000000000000e+05
9.340210000000000000e+05
1.140019000000000000e+06
7.174800000000000000e+05
1.194465000000000000e+06
6.612290000000000000e+05
3.518730000000000000e+05
1.335146000000000000e+06
5.851890000000000000e+05
9.436700000000000000e+04
1.097974000000000000e+06
1.143259000000000000e+06
2.939080000000000000e+05
1.533940000000000000e+05
3.055600000000000000e+04
4.398240000000000000e+05
1.215359000000000000e+06
1.608026000000000000e+06
1.450566000000000000e+06
7.300850000000000000e+05
1.416382000000000000e+06
2.451890000000000000e+05
1.085866000000000000e+06
1.264935000000000000e+06
1.501938000000000000e+06
1.589146000000000000e+06
2.740190000000000000e+05
3.826840000000000000e+05
5.044780000000000000e+05
1.217804000000000000e+06
7.601540000000000000e+05
1.728308000000000000e+06
4.437030000000000000e+05
1.224980000000000000e+06
1.259971000000000000e+06
6.377220000000000000e+05
1.519279000000000000e+06
1.230633000000000000e+06
1.726999000000000000e+06
1.336414000000000000e+06
1.642067000000000000e+06
6.099400000000000000e+05
1.084946000000000000e+06
1.805133000000000000e+06
1.310390000000000000e+05
1.711196000000000000e+06
9.299690000000000000e+05
1.488969000000000000e+06
1.786910000000000000e+05
1.260270000000000000e+06
1.425130000000000000e+05
6.075770000000000000e+05
4.473590000000000000e+05
1.718400000000000000e+05
2.328410000000000000e+05
4.737900000000000000e+04
1.191722000000000000e+06
1.219137000000000000e+06
7.051550000000000000e+05
7.270550000000000000e+05
1.282620000000000000e+05
6.610730000000000000e+05
1.519869000000000000e+06
6.881710000000000000e+05
1.094585000000000000e+06
9.116800000000000000e+04
5.998140000000000000e+05
1.513474000000000000e+06
3.768000000000000000e+04
1.216278000000000000e+06
1.640416000000000000e+06
1.238596000000000000e+06
7.241330000000000000e+05
6.259310000000000000e+05
9.304280000000000000e+05
4.677000000000000000e+03
1.786666000000000000e+06
6.936210000000000000e+05
3.798460000000000000e+05
1.747126000000000000e+06
2.384040000000000000e+05
3.603240000000000000e+05
9.250900000000000000e+04
1.487036000000000000e+06
4.938410000000000000e+05
1.834868000000000000e+06
5.231480000000000000e+05
1.710571000000000000e+06
1.324786000000000000e+06
1.633579000000000000e+06
1.833875000000000000e+06
1.224492000000000000e+06
4.083090000000000000e+05
1.066840000000000000e+06
7.149020000000000000e+05
1.057245000000000000e+06
1.838548000000000000e+06
1.437627000000000000e+06
6.119260000000000000e+05
9.154510000000000000e+05
5.186400000000000000e+05
6.937300000000000000e+04
4.647690000000000000e+05
7.938300000000000000e+04
1.231734000000000000e+06
1.126045000000000000e+06
1.258691000000000000e+06
5.194900000000000000e+05
9.125060000000000000e+05
1.808938000000000000e+06
3.383290000000000000e+05
4.966090000000000000e+05
1.722770000000000000e+06
1.080560000000000000e+05
1.774696000000000000e+06
1.458809000000000000e+06
1.631351000000000000e+06
6.641550000000000000e+05
1.580567000000000000e+06
7.103850000000000000e+05
3.823200000000000000e+04
2.416260000000000000e+05
8.866300000000000000e+04
3.190400000000000000e+05
1.278780000000000000e+06
3.611960000000000000e+05
2.884750000000000000e+05
9.578930000000000000e+05
1.200276000000000000e+06
1.794790000000000000e+06
4.966270000000000000e+05
1.849301000000000000e+06
1.338608000000000000e+06
1.768708000000000000e+06
1.810438000000000000e+06
1.391170000000000000e+05
4.275470000000000000e+05
1.483774000000000000e+06
1.126069000000000000e+06
1.588123000000000000e+06
3.491660000000000000e+05
9.362380000000000000e+05
3.154480000000000000e+05
1.828587000000000000e+06
1.060666000000000000e+06
7.106000000000000000e+03
9.506700000000000000e+04
3.350830000000000000e+05
1.845678000000000000e+06
5.970580000000000000e+05
1.462435000000000000e+06
8.094100000000000000e+04
1.441419000000000000e+06
9.173300000000000000e+05
1.494816000000000000e+06
1.747000000000000000e+03
8.806000000000000000e+04
1.328913000000000000e+06
7.190100000000000000e+04
1.766779000000000000e+06
9.290200000000000000e+05
1.095330000000000000e+06
5.394070000000000000e+05
5.204950000000000000e+05
1.206668000000000000e+06
1.163947000000000000e+06
3.541610000000000000e+05
1.304362000000000000e+06
4.661590000000000000e+05
3.714900000000000000e+04
1.116458000000000000e+06
1.593395000000000000e+06
4.876270000000000000e+05
4.470640000000000000e+05
1.315737000000000000e+06
4.941650000000000000e+05
1.640714000000000000e+06
5.858750000000000000e+05
1.163820000000000000e+06
1.327544000000000000e+06
5.303160000000000000e+05
1.705599000000000000e+06
1.157290000000000000e+06
3.301600000000000000e+05
1.719943000000000000e+06
1.060987000000000000e+06
1.220500000000000000e+06
1.297662000000000000e+06
1.622698000000000000e+06
1.749505000000000000e+06
8.580300000000000000e+04
4.152230000000000000e+05
1.288830000000000000e+05
1.139087000000000000e+06
9.768530000000000000e+05
1.086497000000000000e+06
1.221546000000000000e+06
1.807695000000000000e+06
5.208340000000000000e+05
1.121231000000000000e+06
3.738620000000000000e+05
1.456152000000000000e+06
6.934440000000000000e+05
1.065108000000000000e+06
1.088324000000000000e+06
1.064073000000000000e+06
4.082310000000000000e+05
1.418224000000000000e+06
1.852848000000000000e+06
3.781090000000000000e+05
8.891600000000000000e+04
1.207621000000000000e+06
1.161186000000000000e+06
1.655880000000000000e+06
1.784505000000000000e+06
3.224340000000000000e+05
1.674327000000000000e+06
1.642708000000000000e+06
1.146313000000000000e+06
1.025277000000000000e+06
1.839175000000000000e+06
1.281948000000000000e+06
1.130702000000000000e+06
1.140607000000000000e+06
1.084857000000000000e+06
1.625375000000000000e+06
4.903340000000000000e+05
1.556153000000000000e+06
1.578667000000000000e+06
1.254031000000000000e+06
1.667508000000000000e+06
9.936370000000000000e+05
7.350590000000000000e+05
1.123717000000000000e+06
5.092140000000000000e+05
1.419593000000000000e+06
1.087102000000000000e+06
9.698150000000000000e+05
5.053960000000000000e+05
7.493910000000000000e+05
1.347299000000000000e+06
1.333743000000000000e+06
7.992900000000000000e+04
1.343396000000000000e+06
4.373200000000000000e+04
1.433625000000000000e+06
2.069260000000000000e+05
1.569110000000000000e+05
2.403200000000000000e+05
1.462746000000000000e+06
1.724215000000000000e+06
1.183489000000000000e+06
5.902370000000000000e+05
1.821733000000000000e+06
6.886600000000000000e+05
1.490478000000000000e+06
4.552490000000000000e+05
1.327040000000000000e+06
6.878430000000000000e+05
1.639104000000000000e+06
1.537837000000000000e+06
1.605400000000000000e+06
6.575120000000000000e+05
1.403415000000000000e+06
1.415270000000000000e+05
1.817877000000000000e+06
6.980080000000000000e+05
3.613220000000000000e+05
2.009000000000000000e+03
1.143627000000000000e+06
2.653620000000000000e+05
1.140591000000000000e+06
7.003680000000000000e+05
1.594838000000000000e+06
8.095220000000000000e+05
8.594790000000000000e+05
1.163881000000000000e+06
1.471474000000000000e+06
1.813512000000000000e+06
1.640432000000000000e+06
2.668250000000000000e+05
1.457610000000000000e+06
1.677225000000000000e+06
1.529461000000000000e+06
3.039600000000000000e+04
1.279524000000000000e+06
4.164870000000000000e+05
7.241010000000000000e+05
1.417620000000000000e+05
1.302360000000000000e+05
1.244790000000000000e+06
1.745963000000000000e+06
9.326620000000000000e+05
1.555322000000000000e+06
1.356312000000000000e+06
1.810569000000000000e+06
9.385400000000000000e+04
4.710130000000000000e+05
7.009800000000000000e+04
1.074182000000000000e+06
1.456939000000000000e+06
1.578045000000000000e+06
2.437940000000000000e+05
1.779078000000000000e+06
4.382190000000000000e+05
1.473508000000000000e+06
1.297300000000000000e+05
5.767730000000000000e+05
1.218920000000000000e+05
1.826262000000000000e+06
1.834338000000000000e+06
1.490879000000000000e+06
1.018394000000000000e+06
1.170169000000000000e+06
4.181820000000000000e+05
3.556700000000000000e+04
4.768290000000000000e+05
2.290870000000000000e+05
5.178070000000000000e+05
3.804860000000000000e+05
1.650792000000000000e+06
5.993620000000000000e+05
8.825650000000000000e+05
7.095070000000000000e+05
8.139200000000000000e+05
8.443010000000000000e+05
7.706050000000000000e+05
1.755543000000000000e+06
1.301278000000000000e+06
1.601806000000000000e+06
1.157205000000000000e+06
1.239398000000000000e+06
9.908750000000000000e+05
2.706270000000000000e+05
1.494950000000000000e+06
1.219534000000000000e+06
1.342019000000000000e+06
1.335973000000000000e+06
1.806304000000000000e+06
2.329670000000000000e+05
1.211992000000000000e+06
1.799521000000000000e+06
1.707010000000000000e+05
6.719600000000000000e+05
1.349424000000000000e+06
1.563265000000000000e+06
1.324028000000000000e+06
8.985000000000000000e+05
1.664240000000000000e+05
2.145210000000000000e+05
3.661200000000000000e+05
3.652690000000000000e+05
3.246010000000000000e+05
8.984040000000000000e+05
1.463188000000000000e+06
6.606890000000000000e+05
1.767039000000000000e+06
1.389714000000000000e+06
1.613758000000000000e+06
3.208890000000000000e+05
1.653130000000000000e+06
1.742010000000000000e+06
1.420431000000000000e+06
1.503458000000000000e+06
1.223990000000000000e+06
7.248380000000000000e+05
1.298352000000000000e+06
3.297920000000000000e+05
1.453521000000000000e+06
1.742728000000000000e+06
6.129540000000000000e+05
1.203928000000000000e+06
1.189013000000000000e+06
1.756539000000000000e+06
1.433764000000000000e+06
1.226462000000000000e+06
1.115404000000000000e+06
9.309940000000000000e+05
1.522987000000000000e+06
4.329200000000000000e+05
1.431689000000000000e+06
1.738288000000000000e+06
7.070650000000000000e+05
9.536130000000000000e+05
1.044563000000000000e+06
1.119950000000000000e+05
1.495234000000000000e+06
2.306600000000000000e+04
1.382204000000000000e+06
1.724982000000000000e+06
3.269980000000000000e+05
1.768077000000000000e+06
6.921600000000000000e+05
5.168630000000000000e+05
5.739900000000000000e+05
5.827010000000000000e+05
5.711720000000000000e+05
3.304250000000000000e+05
1.739366000000000000e+06
2.138090000000000000e+05
5.280740000000000000e+05
1.377961000000000000e+06
4.050180000000000000e+05
1.444952000000000000e+06
1.698014000000000000e+06
2.907690000000000000e+05
1.341014000000000000e+06
1.365360000000000000e+06
1.346270000000000000e+05
1.355650000000000000e+05
3.197060000000000000e+05
4.486680000000000000e+05
1.188868000000000000e+06
1.734898000000000000e+06
1.166016000000000000e+06
6.829290000000000000e+05
5.241960000000000000e+05
