8.242540000000000000e+05
7.848940000000000000e+05
8.557710000000000000e+05
8.852360000000000000e+05
9.667180000000000000e+05
7.952630000000000000e+05
8.634340000000000000e+05
9.559420000000000000e+05
9.891380000000000000e+05
1.336736000000000000e+06
1.215723000000000000e+06
8.300950000000000000e+05
9.924350000000000000e+05
8.206690000000000000e+05
7.729720000000000000e+05
8.560570000000000000e+05
9.562920000000000000e+05
1.062116000000000000e+06
8.944160000000000000e+05
7.664400000000000000e+05
9.946620000000000000e+05
8.333580000000000000e+05
1.064677000000000000e+06
1.593096000000000000e+06
9.629230000000000000e+05
9.368350000000000000e+05
3.863240000000000000e+05
1.725474000000000000e+06
8.864910000000000000e+05
9.645930000000000000e+05
1.099017000000000000e+06
8.819850000000000000e+05
1.043918000000000000e+06
7.362940000000000000e+05
7.705560000000000000e+05
1.044652000000000000e+06
1.585078000000000000e+06
8.761330000000000000e+05
4.478060000000000000e+05
2.462600000000000000e+04
1.809594000000000000e+06
7.297880000000000000e+05
7.548890000000000000e+05
9.899270000000000000e+05
8.932790000000000000e+05
1.744408000000000000e+06
1.342586000000000000e+06
1.015564000000000000e+06
8.152220000000000000e+05
8.631200000000000000e+05
7.666680000000000000e+05
1.808140000000000000e+06
1.012299000000000000e+06
1.283438000000000000e+06
1.505960000000000000e+06
8.943470000000000000e+05
7.261690000000000000e+05
1.185718000000000000e+06
1.806403000000000000e+06
1.433765000000000000e+06
1.804917000000000000e+06
9.442680000000000000e+05
1.244784000000000000e+06
1.253224000000000000e+06
1.214621000000000000e+06
1.917070000000000000e+05
1.656912000000000000e+06
1.659979000000000000e+06
1.132171000000000000e+06
7.413350000000000000e+05
1.426979000000000000e+06
3.828050000000000000e+05
1.726040000000000000e+06
1.941520000000000000e+05
8.861230000000000000e+05
9.581450000000000000e+05
8.031600000000000000e+05
8.576230000000000000e+05
7.619080000000000000e+05
3.887000000000000000e+04
1.426902000000000000e+06
1.273820000000000000e+05
9.698490000000000000e+05
1.167056000000000000e+06
1.350960000000000000e+05
3.778030000000000000e+05
1.841759000000000000e+06
7.664370000000000000e+05
7.821250000000000000e+05
8.480380000000000000e+05
3.415590000000000000e+05
1.150914000000000000e+06
1.886780000000000000e+05
1.553555000000000000e+06
1.338344000000000000e+06
1.138955000000000000e+06
1.455636000000000000e+06
7.118820000000000000e+05
3.877780000000000000e+05
1.039380000000000000e+05
7.426010000000000000e+05
9.664840000000000000e+05
3.814240000000000000e+05
5.805300000000000000e+04
7.460470000000000000e+05
1.065705000000000000e+06
9.210780000000000000e+05
3.898900000000000000e+05
1.805025000000000000e+06
4.304980000000000000e+05
1.333624000000000000e+06
5.257330000000000000e+05
8.988560000000000000e+05
1.279538000000000000e+06
9.596410000000000000e+05
1.579968000000000000e+06
7.673840000000000000e+05
1.574334000000000000e+06
6.745180000000000000e+05
1.060954000000000000e+06
1.440657000000000000e+06
1.325475000000000000e+06
9.319320000000000000e+05
1.833148000000000000e+06
1.552112000000000000e+06
1.248771000000000000e+06
1.492203000000000000e+06
1.310486000000000000e+06
9.968270000000000000e+05
1.473534000000000000e+06
8.004470000000000000e+05
1.561285000000000000e+06
8.627100000000000000e+05
4.743910000000000000e+05
1.107416000000000000e+06
1.414793000000000000e+06
1.696249000000000000e+06
8.875400000000000000e+05
1.639481000000000000e+06
1.627588000000000000e+06
1.780623000000000000e+06
8.368600000000000000e+04
1.195285000000000000e+06
2.536550000000000000e+05
1.152587000000000000e+06
1.060278000000000000e+06
1.747369000000000000e+06
9.534580000000000000e+05
5.208960000000000000e+05
3.775070000000000000e+05
1.137793000000000000e+06
1.217674000000000000e+06
1.724042000000000000e+06
2.782760000000000000e+05
1.586877000000000000e+06
1.670178000000000000e+06
1.068049000000000000e+06
1.150662000000000000e+06
7.060020000000000000e+05
1.548122000000000000e+06
9.276400000000000000e+04
5.243120000000000000e+05
7.313200000000000000e+04
8.734900000000000000e+04
5.865820000000000000e+05
1.666783000000000000e+06
1.343427000000000000e+06
1.736728000000000000e+06
1.334330000000000000e+06
3.897060000000000000e+05
1.030980000000000000e+06
1.324469000000000000e+06
3.056600000000000000e+04
1.215883000000000000e+06
1.806614000000000000e+06
5.103700000000000000e+04
1.417214000000000000e+06
7.273890000000000000e+05
1.044250000000000000e+06
9.530470000000000000e+05
4.224270000000000000e+05
8.974610000000000000e+05
9.933440000000000000e+05
1.750460000000000000e+05
1.740880000000000000e+06
1.064760000000000000e+05
1.213644000000000000e+06
7.571210000000000000e+05
1.282613000000000000e+06
1.679384000000000000e+06
1.332614000000000000e+06
9.685010000000000000e+05
9.554770000000000000e+05
1.486274000000000000e+06
1.037390000000000000e+06
3.818660000000000000e+05
1.054831000000000000e+06
4.172530000000000000e+05
1.856373000000000000e+06
8.947660000000000000e+05
8.440840000000000000e+05
7.863860000000000000e+05
1.633923000000000000e+06
2.464530000000000000e+05
1.776132000000000000e+06
1.314623000000000000e+06
1.827337000000000000e+06
1.554579000000000000e+06
7.235380000000000000e+05
9.365700000000000000e+05
1.585168000000000000e+06
1.213582000000000000e+06
1.287521000000000000e+06
1.715635000000000000e+06
1.140019000000000000e+06
1.161210000000000000e+05
1.170567000000000000e+06
1.426390000000000000e+06
8.993600000000000000e+05
5.292140000000000000e+05
1.561962000000000000e+06
1.810359000000000000e+06
9.610610000000000000e+05
1.420381000000000000e+06
