8.394380000000000000e+05
7.967780000000000000e+05
8.715570000000000000e+05
9.667180000000000000e+05
7.668550000000000000e+05
1.216610000000000000e+06
8.059420000000000000e+05
8.623510000000000000e+05
7.729720000000000000e+05
7.952630000000000000e+05
8.634340000000000000e+05
9.670230000000000000e+05
8.333580000000000000e+05
9.643780000000000000e+05
7.564440000000000000e+05
8.899660000000000000e+05
8.864910000000000000e+05
9.622880000000000000e+05
8.934440000000000000e+05
8.152220000000000000e+05
7.814110000000000000e+05
1.063597000000000000e+06
1.101584000000000000e+06
9.933360000000000000e+05
9.905160000000000000e+05
8.548540000000000000e+05
9.610610000000000000e+05
8.300950000000000000e+05
1.334044000000000000e+06
9.457210000000000000e+05
8.761330000000000000e+05
7.664400000000000000e+05
9.360590000000000000e+05
1.044652000000000000e+06
4.483100000000000000e+05
3.861250000000000000e+05
8.943470000000000000e+05
1.216847000000000000e+06
1.350960000000000000e+05
9.520190000000000000e+05
7.360910000000000000e+05
1.806403000000000000e+06
8.875400000000000000e+05
7.555310000000000000e+05
8.004470000000000000e+05
8.627100000000000000e+05
8.319500000000000000e+05
2.463300000000000000e+04
7.667620000000000000e+05
1.766431000000000000e+06
1.553276000000000000e+06
9.670660000000000000e+05
8.445280000000000000e+05
2.361400000000000000e+04
8.433260000000000000e+05
8.087880000000000000e+05
8.943370000000000000e+05
9.953640000000000000e+05
7.662950000000000000e+05
8.556400000000000000e+04
1.217674000000000000e+06
9.523790000000000000e+05
8.961160000000000000e+05
7.512530000000000000e+05
1.244550000000000000e+06
3.984920000000000000e+05
1.098244000000000000e+06
8.931650000000000000e+05
8.703920000000000000e+05
9.958750000000000000e+05
9.538640000000000000e+05
1.099267000000000000e+06
9.666330000000000000e+05
8.954190000000000000e+05
8.979030000000000000e+05
9.329050000000000000e+05
1.215344000000000000e+06
8.353580000000000000e+05
8.008360000000000000e+05
7.627230000000000000e+05
1.414396000000000000e+06
8.802080000000000000e+05
1.420790000000000000e+05
9.374640000000000000e+05
8.910620000000000000e+05
1.767540000000000000e+05
9.349200000000000000e+04
9.792850000000000000e+05
1.461406000000000000e+06
9.373550000000000000e+05
1.034595000000000000e+06
8.976180000000000000e+05
1.549226000000000000e+06
7.702580000000000000e+05
8.003000000000000000e+05
8.417430000000000000e+05
1.065880000000000000e+06
7.676360000000000000e+05
8.947660000000000000e+05
9.452760000000000000e+05
9.690480000000000000e+05
7.993900000000000000e+05
4.480840000000000000e+05
1.061593000000000000e+06
3.359100000000000000e+05
8.659710000000000000e+05
7.821250000000000000e+05
8.177490000000000000e+05
9.891890000000000000e+05
9.506340000000000000e+05
7.613700000000000000e+05
7.374260000000000000e+05
2.433800000000000000e+04
2.379500000000000000e+04
9.922080000000000000e+05
1.744881000000000000e+06
1.667905000000000000e+06
9.555900000000000000e+05
4.632880000000000000e+05
8.394020000000000000e+05
7.366060000000000000e+05
1.357370000000000000e+05
7.673840000000000000e+05
8.216630000000000000e+05
7.885660000000000000e+05
9.949820000000000000e+05
7.420240000000000000e+05
1.052589000000000000e+06
9.698490000000000000e+05
3.354000000000000000e+04
1.050977000000000000e+06
1.053343000000000000e+06
1.067922000000000000e+06
1.325021000000000000e+06
1.057906000000000000e+06
8.956680000000000000e+05
1.335016000000000000e+06
8.981550000000000000e+05
1.096978000000000000e+06
8.464860000000000000e+05
7.950890000000000000e+05
1.189540000000000000e+05
7.142800000000000000e+05
7.245240000000000000e+05
1.101070000000000000e+06
9.243680000000000000e+05
3.044450000000000000e+05
7.478930000000000000e+05
1.707136000000000000e+06
1.730041000000000000e+06
7.393920000000000000e+05
7.307700000000000000e+05
9.381680000000000000e+05
1.138223000000000000e+06
5.181650000000000000e+05
1.440657000000000000e+06
1.807328000000000000e+06
8.130000000000000000e+04
6.998660000000000000e+05
1.213131000000000000e+06
9.906950000000000000e+05
3.819150000000000000e+05
1.044058000000000000e+06
8.058400000000000000e+04
8.332490000000000000e+05
7.842340000000000000e+05
8.684470000000000000e+05
9.211300000000000000e+04
8.806000000000000000e+04
1.000106000000000000e+06
9.330150000000000000e+05
9.340050000000000000e+05
1.060577000000000000e+06
7.347070000000000000e+05
9.575000000000000000e+05
4.498650000000000000e+05
7.524450000000000000e+05
9.905760000000000000e+05
7.611380000000000000e+05
3.836230000000000000e+05
7.927080000000000000e+05
3.897310000000000000e+05
1.224046000000000000e+06
1.098905000000000000e+06
1.342457000000000000e+06
1.342586000000000000e+06
1.805391000000000000e+06
1.053409000000000000e+06
8.744030000000000000e+05
9.204250000000000000e+05
1.098760000000000000e+06
1.029975000000000000e+06
9.528570000000000000e+05
1.058240000000000000e+06
1.770960000000000000e+05
1.640158000000000000e+06
1.406064000000000000e+06
9.000300000000000000e+05
1.070441000000000000e+06
7.777600000000000000e+04
1.008023000000000000e+06
9.494360000000000000e+05
1.496389000000000000e+06
1.554613000000000000e+06
1.242512000000000000e+06
1.725474000000000000e+06
9.851690000000000000e+05
9.916900000000000000e+05
9.543390000000000000e+05
1.422250000000000000e+05
1.086386000000000000e+06
1.018389000000000000e+06
1.245009000000000000e+06
1.216381000000000000e+06
1.055408000000000000e+06
1.116476000000000000e+06
1.416317000000000000e+06
1.301061000000000000e+06
8.942880000000000000e+05
1.348270000000000000e+05
8.745830000000000000e+05
8.030680000000000000e+05
8.672160000000000000e+05
1.158457000000000000e+06
8.112100000000000000e+04
8.996270000000000000e+05
1.556078000000000000e+06
4.619370000000000000e+05
7.577160000000000000e+05
8.720460000000000000e+05
1.422508000000000000e+06
1.217076000000000000e+06
1.554971000000000000e+06
3.583100000000000000e+04
9.587220000000000000e+05
1.068023000000000000e+06
1.037084000000000000e+06
9.304380000000000000e+05
7.283830000000000000e+05
2.447100000000000000e+04
1.352390000000000000e+05
1.150662000000000000e+06
8.968190000000000000e+05
1.333806000000000000e+06
1.056930000000000000e+06
9.078760000000000000e+05
1.138955000000000000e+06
7.919100000000000000e+05
1.933340000000000000e+05
8.678390000000000000e+05
7.132750000000000000e+05
1.267017000000000000e+06
1.058330000000000000e+06
1.056118000000000000e+06
1.217917000000000000e+06
1.063289000000000000e+06
1.097681000000000000e+06
1.338709000000000000e+06
9.435590000000000000e+05
1.554596000000000000e+06
7.256760000000000000e+05
1.103137000000000000e+06
7.256650000000000000e+05
7.152670000000000000e+05
1.456473000000000000e+06
7.316920000000000000e+05
4.361530000000000000e+05
1.511581000000000000e+06
1.338322000000000000e+06
1.213682000000000000e+06
9.007690000000000000e+05
3.874300000000000000e+05
1.057269000000000000e+06
1.342195000000000000e+06
1.007275000000000000e+06
1.337467000000000000e+06
3.306920000000000000e+05
1.428766000000000000e+06
1.417542000000000000e+06
4.828930000000000000e+05
1.758047000000000000e+06
7.873240000000000000e+05
8.570920000000000000e+05
1.689980000000000000e+05
1.514711000000000000e+06
1.036377000000000000e+06
9.657110000000000000e+05
6.913730000000000000e+05
1.637534000000000000e+06
3.898900000000000000e+05
1.766154000000000000e+06
7.288120000000000000e+05
1.225115000000000000e+06
7.046380000000000000e+05
1.625770000000000000e+05
1.094775000000000000e+06
7.235470000000000000e+05
1.115631000000000000e+06
2.443750000000000000e+05
1.723150000000000000e+06
5.208960000000000000e+05
9.112720000000000000e+05
6.710980000000000000e+05
1.441326000000000000e+06
1.093606000000000000e+06
4.490500000000000000e+05
1.049639000000000000e+06
1.135679000000000000e+06
2.357450000000000000e+05
6.543700000000000000e+05
1.245425000000000000e+06
7.102360000000000000e+05
9.126800000000000000e+05
1.097799000000000000e+06
1.064677000000000000e+06
1.001918000000000000e+06
9.951340000000000000e+05
3.085510000000000000e+05
3.828050000000000000e+05
9.095650000000000000e+05
3.473330000000000000e+05
3.437820000000000000e+05
1.190395000000000000e+06
1.060954000000000000e+06
1.065773000000000000e+06
7.181820000000000000e+05
1.941520000000000000e+05
1.228809000000000000e+06
3.365300000000000000e+05
1.206930000000000000e+06
1.222535000000000000e+06
4.459560000000000000e+05
1.215907000000000000e+06
1.217613000000000000e+06
1.288830000000000000e+05
1.160291000000000000e+06
4.493830000000000000e+05
6.549830000000000000e+05
1.605080000000000000e+05
9.340510000000000000e+05
1.414480000000000000e+05
8.740120000000000000e+05
8.879490000000000000e+05
1.182252000000000000e+06
1.756000000000000000e+03
8.966120000000000000e+05
1.298336000000000000e+06
1.256218000000000000e+06
1.773941000000000000e+06
2.410410000000000000e+05
9.748740000000000000e+05
1.455689000000000000e+06
3.375580000000000000e+05
9.412850000000000000e+05
3.780590000000000000e+05
2.756920000000000000e+05
8.239800000000000000e+04
7.773550000000000000e+05
1.126045000000000000e+06
4.152230000000000000e+05
1.743156000000000000e+06
1.766220000000000000e+06
9.296790000000000000e+05
1.391170000000000000e+05
1.788756000000000000e+06
9.949220000000000000e+05
7.232890000000000000e+05
1.795083000000000000e+06
1.001368000000000000e+06
6.987400000000000000e+04
1.458062000000000000e+06
9.637820000000000000e+05
1.066512000000000000e+06
9.802200000000000000e+05
1.339345000000000000e+06
2.952870000000000000e+05
1.429388000000000000e+06
1.668112000000000000e+06
7.310090000000000000e+05
1.100208000000000000e+06
1.348230000000000000e+06
1.247749000000000000e+06
1.422843000000000000e+06
1.221701000000000000e+06
7.905620000000000000e+05
1.166165000000000000e+06
1.107708000000000000e+06
6.367500000000000000e+05
1.559940000000000000e+05
8.384710000000000000e+05
8.045200000000000000e+05
7.094360000000000000e+05
3.830550000000000000e+05
2.234500000000000000e+04
3.878060000000000000e+05
1.520992000000000000e+06
8.916390000000000000e+05
1.462679000000000000e+06
7.393720000000000000e+05
1.718400000000000000e+05
1.307683000000000000e+06
8.165500000000000000e+04
1.094972000000000000e+06
7.532760000000000000e+05
3.227800000000000000e+04
1.766084000000000000e+06
4.457570000000000000e+05
4.634050000000000000e+05
9.437370000000000000e+05
1.437248000000000000e+06
1.118742000000000000e+06
6.884330000000000000e+05
1.107763000000000000e+06
1.095933000000000000e+06
1.548152000000000000e+06
8.052800000000000000e+04
2.298600000000000000e+04
1.037417000000000000e+06
1.242670000000000000e+06
9.360260000000000000e+05
1.416783000000000000e+06
9.380520000000000000e+05
9.751810000000000000e+05
6.872780000000000000e+05
7.152930000000000000e+05
3.818660000000000000e+05
3.286560000000000000e+05
1.765445000000000000e+06
1.061065000000000000e+06
1.553074000000000000e+06
7.379440000000000000e+05
4.315220000000000000e+05
6.944970000000000000e+05
1.206363000000000000e+06
7.246330000000000000e+05
1.800650000000000000e+06
1.425130000000000000e+05
9.124230000000000000e+05
8.070200000000000000e+05
1.101554000000000000e+06
1.744664000000000000e+06
1.455062000000000000e+06
1.016035000000000000e+06
1.026186000000000000e+06
9.254880000000000000e+05
7.235380000000000000e+05
1.738666000000000000e+06
8.216250000000000000e+05
1.337979000000000000e+06
9.967800000000000000e+05
8.677770000000000000e+05
1.297359000000000000e+06
1.828687000000000000e+06
6.273450000000000000e+05
5.621890000000000000e+05
5.238000000000000000e+05
9.647460000000000000e+05
1.275786000000000000e+06
1.042696000000000000e+06
7.400380000000000000e+05
9.598490000000000000e+05
3.875570000000000000e+05
1.490450000000000000e+05
3.458750000000000000e+05
1.266955000000000000e+06
1.678370000000000000e+06
6.855590000000000000e+05
1.161070000000000000e+06
3.886540000000000000e+05
1.399083000000000000e+06
9.411270000000000000e+05
5.541330000000000000e+05
3.779940000000000000e+05
1.105154000000000000e+06
1.462952000000000000e+06
7.220690000000000000e+05
5.239420000000000000e+05
8.999310000000000000e+05
4.010610000000000000e+05
3.883470000000000000e+05
1.160916000000000000e+06
1.602576000000000000e+06
4.959400000000000000e+05
1.515775000000000000e+06
1.809908000000000000e+06
1.149438000000000000e+06
8.974350000000000000e+05
1.353510000000000000e+06
1.550550000000000000e+05
1.412850000000000000e+05
1.081022000000000000e+06
5.590000000000000000e+04
6.271470000000000000e+05
8.887720000000000000e+05
9.497700000000000000e+04
8.352360000000000000e+05
1.651748000000000000e+06
1.577085000000000000e+06
1.585913000000000000e+06
3.888220000000000000e+05
3.056150000000000000e+05
2.459400000000000000e+04
1.095297000000000000e+06
9.202190000000000000e+05
1.555823000000000000e+06
2.520800000000000000e+04
7.249530000000000000e+05
1.214441000000000000e+06
7.170600000000000000e+05
1.134182000000000000e+06
9.310200000000000000e+05
2.449940000000000000e+05
5.840250000000000000e+05
1.217754000000000000e+06
3.364280000000000000e+05
9.278390000000000000e+05
7.620110000000000000e+05
4.958500000000000000e+05
1.626972000000000000e+06
5.794920000000000000e+05
1.461718000000000000e+06
6.878430000000000000e+05
1.374767000000000000e+06
2.469200000000000000e+04
1.218590000000000000e+06
1.100609000000000000e+06
1.180130000000000000e+05
1.630885000000000000e+06
1.426744000000000000e+06
7.287590000000000000e+05
7.920380000000000000e+05
8.219620000000000000e+05
1.479912000000000000e+06
8.987550000000000000e+05
1.206967000000000000e+06
6.797270000000000000e+05
9.309940000000000000e+05
3.877780000000000000e+05
9.559210000000000000e+05
1.156152000000000000e+06
1.059579000000000000e+06
1.005697000000000000e+06
3.897350000000000000e+05
1.416876000000000000e+06
1.476990000000000000e+06
1.342516000000000000e+06
1.180890000000000000e+05
6.701500000000000000e+05
2.668250000000000000e+05
8.522860000000000000e+05
8.022380000000000000e+05
7.706050000000000000e+05
1.415808000000000000e+06
1.633260000000000000e+05
7.391210000000000000e+05
3.911660000000000000e+05
1.206782000000000000e+06
2.961050000000000000e+05
3.274100000000000000e+05
1.147164000000000000e+06
4.036070000000000000e+05
6.443860000000000000e+05
1.253129000000000000e+06
5.988960000000000000e+05
4.273620000000000000e+05
1.790910000000000000e+06
3.001590000000000000e+05
1.324329000000000000e+06
1.328007000000000000e+06
9.941570000000000000e+05
1.413186000000000000e+06
6.978260000000000000e+05
1.529461000000000000e+06
5.564210000000000000e+05
1.766612000000000000e+06
1.052445000000000000e+06
5.316790000000000000e+05
7.717650000000000000e+05
1.285800000000000000e+06
7.051070000000000000e+05
2.891580000000000000e+05
1.029630000000000000e+06
1.007745000000000000e+06
7.426010000000000000e+05
1.089418000000000000e+06
1.303689000000000000e+06
1.669380000000000000e+06
6.638350000000000000e+05
1.098157000000000000e+06
1.267301000000000000e+06
1.281948000000000000e+06
3.995590000000000000e+05
1.455698000000000000e+06
1.785890000000000000e+05
6.169330000000000000e+05
7.149090000000000000e+05
6.931120000000000000e+05
1.133037000000000000e+06
1.827337000000000000e+06
2.237140000000000000e+05
1.027754000000000000e+06
5.970580000000000000e+05
8.961230000000000000e+05
1.215478000000000000e+06
7.601540000000000000e+05
2.875270000000000000e+05
1.223561000000000000e+06
9.546360000000000000e+05
1.030983000000000000e+06
1.107086000000000000e+06
2.720310000000000000e+05
4.498830000000000000e+05
1.559620000000000000e+05
1.073957000000000000e+06
1.532048000000000000e+06
1.113709000000000000e+06
3.918240000000000000e+05
1.758096000000000000e+06
1.244790000000000000e+06
1.631416000000000000e+06
7.187270000000000000e+05
1.423446000000000000e+06
1.235630000000000000e+05
1.752228000000000000e+06
6.975290000000000000e+05
1.666160000000000000e+06
9.275000000000000000e+05
1.753027000000000000e+06
1.656707000000000000e+06
1.416163000000000000e+06
1.458596000000000000e+06
6.873380000000000000e+05
1.694442000000000000e+06
1.329216000000000000e+06
1.030889000000000000e+06
1.739180000000000000e+06
1.214086000000000000e+06
4.476090000000000000e+05
1.856845000000000000e+06
1.215307000000000000e+06
4.876270000000000000e+05
1.461228000000000000e+06
6.955290000000000000e+05
1.340490000000000000e+05
1.244597000000000000e+06
1.437410000000000000e+06
2.926400000000000000e+04
1.782493000000000000e+06
1.152587000000000000e+06
1.520697000000000000e+06
8.333590000000000000e+05
1.246730000000000000e+06
1.778428000000000000e+06
9.859870000000000000e+05
1.300942000000000000e+06
1.737869000000000000e+06
1.343633000000000000e+06
1.464471000000000000e+06
1.224068000000000000e+06
1.025914000000000000e+06
1.039353000000000000e+06
4.564390000000000000e+05
8.456800000000000000e+04
5.255400000000000000e+04
1.218501000000000000e+06
7.068040000000000000e+05
1.788484000000000000e+06
7.356690000000000000e+05
1.180382000000000000e+06
1.329221000000000000e+06
7.556200000000000000e+05
1.411299000000000000e+06
1.161136000000000000e+06
1.799540000000000000e+06
1.231861000000000000e+06
1.081492000000000000e+06
1.462746000000000000e+06
5.722020000000000000e+05
4.472530000000000000e+05
1.549217000000000000e+06
2.750800000000000000e+05
1.977730000000000000e+05
9.291000000000000000e+04
1.377331000000000000e+06
1.541430000000000000e+06
1.378322000000000000e+06
2.122410000000000000e+05
8.888290000000000000e+05
1.339295000000000000e+06
9.364360000000000000e+05
9.039120000000000000e+05
1.213433000000000000e+06
1.749897000000000000e+06
1.371649000000000000e+06
1.827843000000000000e+06
7.314780000000000000e+05
1.309244000000000000e+06
1.073888000000000000e+06
9.754450000000000000e+05
3.284550000000000000e+05
1.451353000000000000e+06
2.057850000000000000e+05
9.283430000000000000e+05
3.274440000000000000e+05
5.856740000000000000e+05
1.424729000000000000e+06
1.087722000000000000e+06
6.384700000000000000e+05
1.826281000000000000e+06
2.962320000000000000e+05
9.494660000000000000e+05
5.878250000000000000e+05
4.379110000000000000e+05
3.300580000000000000e+05
1.825371000000000000e+06
7.134610000000000000e+05
6.626400000000000000e+05
5.080530000000000000e+05
6.256280000000000000e+05
9.347300000000000000e+05
1.707156000000000000e+06
3.826840000000000000e+05
7.185500000000000000e+05
1.104783000000000000e+06
1.204713000000000000e+06
1.511248000000000000e+06
1.182550000000000000e+05
1.009696000000000000e+06
2.057950000000000000e+05
1.324312000000000000e+06
2.644700000000000000e+05
1.800805000000000000e+06
1.332300000000000000e+04
1.382940000000000000e+06
1.805956000000000000e+06
1.830818000000000000e+06
4.509870000000000000e+05
1.025480000000000000e+06
1.709567000000000000e+06
9.539320000000000000e+05
5.048960000000000000e+05
6.650350000000000000e+05
3.090800000000000000e+05
1.516250000000000000e+06
4.980930000000000000e+05
7.270560000000000000e+05
1.343427000000000000e+06
1.200382000000000000e+06
1.156635000000000000e+06
4.701780000000000000e+05
1.778347000000000000e+06
1.030360000000000000e+06
1.147172000000000000e+06
1.155308000000000000e+06
