1.729660000000000000e+05
1.668479000000000000e+06
4.053450000000000000e+05
1.745151000000000000e+06
4.501450000000000000e+05
3.784250000000000000e+05
1.204610000000000000e+05
4.942760000000000000e+05
2.404900000000000000e+05
8.668500000000000000e+04
4.168000000000000000e+05
1.711408000000000000e+06
1.761650000000000000e+05
1.166129000000000000e+06
3.416530000000000000e+05
1.499470000000000000e+05
2.069950000000000000e+05
2.118620000000000000e+05
1.440659000000000000e+06
1.755674000000000000e+06
9.042800000000000000e+04
1.518726000000000000e+06
1.646127000000000000e+06
3.874980000000000000e+05
6.378820000000000000e+05
9.177600000000000000e+04
5.661490000000000000e+05
8.872100000000000000e+04
2.100150000000000000e+05
1.253978000000000000e+06
1.194120000000000000e+05
5.090300000000000000e+05
6.576000000000000000e+04
8.050000000000000000e+04
1.270440000000000000e+06
1.528756000000000000e+06
1.081400000000000000e+04
1.477888000000000000e+06
1.319500000000000000e+04
9.994700000000000000e+04
6.121590000000000000e+05
4.355310000000000000e+05
1.317769000000000000e+06
1.541074000000000000e+06
1.374524000000000000e+06
5.807620000000000000e+05
6.203570000000000000e+05
1.522634000000000000e+06
1.311458000000000000e+06
1.150211000000000000e+06
1.547354000000000000e+06
1.982150000000000000e+05
1.484910000000000000e+06
1.548746000000000000e+06
1.121335000000000000e+06
1.817476000000000000e+06
5.247830000000000000e+05
1.276485000000000000e+06
1.811750000000000000e+06
1.492809000000000000e+06
1.366288000000000000e+06
1.596074000000000000e+06
6.346900000000000000e+04
1.293564000000000000e+06
1.713980000000000000e+05
2.462000000000000000e+04
1.457642000000000000e+06
1.346960000000000000e+05
1.381906000000000000e+06
4.559260000000000000e+05
1.762248000000000000e+06
1.643128000000000000e+06
1.177710000000000000e+05
5.506870000000000000e+05
1.255898000000000000e+06
1.232408000000000000e+06
3.534750000000000000e+05
1.410680000000000000e+06
1.752320000000000000e+05
1.598518000000000000e+06
1.607701000000000000e+06
6.412510000000000000e+05
1.372482000000000000e+06
2.601600000000000000e+04
1.607766000000000000e+06
2.633730000000000000e+05
1.236570000000000000e+05
2.653980000000000000e+05
1.360592000000000000e+06
1.157837000000000000e+06
2.526790000000000000e+05
1.844176000000000000e+06
5.834180000000000000e+05
1.811111000000000000e+06
6.953000000000000000e+04
6.508700000000000000e+04
1.597197000000000000e+06
2.070360000000000000e+05
1.444380000000000000e+05
2.624250000000000000e+05
6.785330000000000000e+05
1.817303000000000000e+06
4.174620000000000000e+05
1.492851000000000000e+06
1.817677000000000000e+06
9.175500000000000000e+04
1.643488000000000000e+06
3.356670000000000000e+05
1.549785000000000000e+06
1.714870000000000000e+05
3.727470000000000000e+05
1.127872000000000000e+06
1.125830000000000000e+05
1.329823000000000000e+06
1.232374000000000000e+06
1.059650000000000000e+06
1.063553000000000000e+06
2.154190000000000000e+05
8.215200000000000000e+04
1.832415000000000000e+06
6.935990000000000000e+05
1.743374000000000000e+06
1.671854000000000000e+06
6.982350000000000000e+05
1.492774000000000000e+06
1.546551000000000000e+06
1.561457000000000000e+06
4.979090000000000000e+05
1.496464000000000000e+06
5.066000000000000000e+04
1.719040000000000000e+05
1.533982000000000000e+06
3.296830000000000000e+05
1.652229000000000000e+06
1.607772000000000000e+06
1.482660000000000000e+06
1.754674000000000000e+06
4.165040000000000000e+05
1.588813000000000000e+06
4.391400000000000000e+04
5.819600000000000000e+05
3.268380000000000000e+05
2.737800000000000000e+05
1.161619000000000000e+06
1.918000000000000000e+03
7.029940000000000000e+05
1.562155000000000000e+06
1.100369000000000000e+06
5.291660000000000000e+05
1.549533000000000000e+06
2.944000000000000000e+05
1.135282000000000000e+06
2.520520000000000000e+05
1.818530000000000000e+06
1.716204000000000000e+06
9.919600000000000000e+04
7.208260000000000000e+05
3.201760000000000000e+05
1.380462000000000000e+06
1.541417000000000000e+06
1.370177000000000000e+06
1.956950000000000000e+05
6.660660000000000000e+05
1.803649000000000000e+06
1.493733000000000000e+06
8.821510000000000000e+05
1.587134000000000000e+06
1.531725000000000000e+06
1.632668000000000000e+06
3.318320000000000000e+05
1.888300000000000000e+04
1.405800000000000000e+06
5.355370000000000000e+05
1.714806000000000000e+06
6.640000000000000000e+04
5.240000000000000000e+03
2.225720000000000000e+05
1.538949000000000000e+06
5.212030000000000000e+05
5.257100000000000000e+05
1.599042000000000000e+06
1.177456000000000000e+06
1.104792000000000000e+06
1.380841000000000000e+06
2.945000000000000000e+05
1.199901000000000000e+06
1.720522000000000000e+06
