1.668479000000000000e+06
4.501450000000000000e+05
1.729660000000000000e+05
2.624250000000000000e+05
2.601600000000000000e+04
1.547354000000000000e+06
1.811111000000000000e+06
1.050100000000000000e+04
7.890900000000000000e+04
2.524520000000000000e+05
1.755674000000000000e+06
1.745151000000000000e+06
1.522634000000000000e+06
4.171310000000000000e+05
4.942760000000000000e+05
1.125830000000000000e+05
6.728000000000000000e+04
6.935990000000000000e+05
4.414400000000000000e+04
1.800138000000000000e+06
4.168000000000000000e+05
8.668500000000000000e+04
1.204610000000000000e+05
5.090300000000000000e+05
1.762248000000000000e+06
1.227693000000000000e+06
1.562155000000000000e+06
1.533982000000000000e+06
7.094500000000000000e+05
5.842530000000000000e+05
2.389130000000000000e+05
1.607781000000000000e+06
1.549785000000000000e+06
7.674790000000000000e+05
1.761650000000000000e+05
4.950910000000000000e+05
1.549533000000000000e+06
1.561300000000000000e+05
1.417544000000000000e+06
1.484910000000000000e+06
1.361704000000000000e+06
3.414370000000000000e+05
1.418020000000000000e+05
6.964070000000000000e+05
1.708314000000000000e+06
2.665200000000000000e+05
1.597197000000000000e+06
3.268380000000000000e+05
1.713980000000000000e+05
3.884350000000000000e+05
1.525600000000000000e+05
7.389000000000000000e+03
2.118620000000000000e+05
1.311458000000000000e+06
1.711408000000000000e+06
1.548746000000000000e+06
5.897570000000000000e+05
1.598506000000000000e+06
7.097600000000000000e+05
1.372482000000000000e+06
1.596074000000000000e+06
1.232408000000000000e+06
7.342400000000000000e+04
9.042800000000000000e+04
5.178050000000000000e+05
5.077770000000000000e+05
8.406000000000000000e+04
1.432694000000000000e+06
1.600483000000000000e+06
1.482808000000000000e+06
1.522907000000000000e+06
7.357380000000000000e+05
1.673008000000000000e+06
1.432140000000000000e+05
6.781830000000000000e+05
2.998500000000000000e+04
1.518726000000000000e+06
7.027550000000000000e+05
1.215153000000000000e+06
1.840470000000000000e+05
1.656291000000000000e+06
1.320300000000000000e+04
5.503520000000000000e+05
6.152770000000000000e+05
2.225720000000000000e+05
1.541074000000000000e+06
1.178297000000000000e+06
1.218844000000000000e+06
1.161595000000000000e+06
2.167000000000000000e+04
1.109240000000000000e+05
1.841221000000000000e+06
5.991240000000000000e+05
5.661490000000000000e+05
6.168780000000000000e+05
1.381906000000000000e+06
1.490450000000000000e+05
1.639216000000000000e+06
1.166129000000000000e+06
2.714500000000000000e+04
6.801990000000000000e+05
2.420450000000000000e+05
1.599042000000000000e+06
1.714200000000000000e+05
1.567140000000000000e+06
1.414437000000000000e+06
1.956420000000000000e+05
1.758431000000000000e+06
1.743374000000000000e+06
2.918350000000000000e+05
3.835250000000000000e+05
1.594748000000000000e+06
4.868990000000000000e+05
7.200900000000000000e+05
1.157730000000000000e+06
4.567900000000000000e+04
5.257100000000000000e+05
5.355370000000000000e+05
3.385440000000000000e+05
1.194120000000000000e+05
1.366288000000000000e+06
1.418800000000000000e+05
1.081400000000000000e+04
1.710007000000000000e+06
1.276485000000000000e+06
1.457642000000000000e+06
1.538949000000000000e+06
2.153530000000000000e+05
1.752280000000000000e+05
3.784250000000000000e+05
1.643128000000000000e+06
7.176180000000000000e+05
5.240760000000000000e+05
1.778702000000000000e+06
5.332810000000000000e+05
6.203570000000000000e+05
1.380462000000000000e+06
1.761829000000000000e+06
6.739240000000000000e+05
5.137070000000000000e+05
1.656895000000000000e+06
1.956950000000000000e+05
1.510985000000000000e+06
1.753408000000000000e+06
1.787072000000000000e+06
1.888300000000000000e+04
1.346960000000000000e+05
4.498250000000000000e+05
1.104441000000000000e+06
1.607766000000000000e+06
3.727470000000000000e+05
1.246170000000000000e+06
8.527600000000000000e+04
1.587134000000000000e+06
1.046503000000000000e+06
1.982150000000000000e+05
2.016110000000000000e+05
2.462000000000000000e+04
6.691460000000000000e+05
1.097380000000000000e+05
5.058600000000000000e+04
1.370177000000000000e+06
1.408588000000000000e+06
1.161393000000000000e+06
6.987760000000000000e+05
1.383247000000000000e+06
4.935800000000000000e+04
5.247830000000000000e+05
1.492774000000000000e+06
1.554265000000000000e+06
3.622000000000000000e+03
1.640988000000000000e+06
1.669754000000000000e+06
1.543199000000000000e+06
6.945340000000000000e+05
5.246820000000000000e+05
1.484815000000000000e+06
3.101480000000000000e+05
4.559260000000000000e+05
1.643488000000000000e+06
1.496464000000000000e+06
2.128060000000000000e+05
4.355310000000000000e+05
5.710700000000000000e+04
1.330333000000000000e+06
1.685771000000000000e+06
7.197450000000000000e+05
9.295300000000000000e+05
1.553706000000000000e+06
1.270448000000000000e+06
6.794520000000000000e+05
1.741497000000000000e+06
1.530397000000000000e+06
