2.752400000000000000e+04
6.576680000000000000e+05
1.465500000000000000e+04
2.393420000000000000e+05
2.504370000000000000e+05
1.500733000000000000e+06
1.236570000000000000e+05
5.335300000000000000e+04
1.478912000000000000e+06
1.716302000000000000e+06
2.310960000000000000e+05
1.285093000000000000e+06
1.587180000000000000e+05
1.610711000000000000e+06
1.626827000000000000e+06
1.686496000000000000e+06
1.804400000000000000e+06
5.148210000000000000e+05
1.498210000000000000e+05
5.484500000000000000e+04
4.476420000000000000e+05
1.282788000000000000e+06
1.192030000000000000e+05
1.204610000000000000e+05
1.138185000000000000e+06
2.461700000000000000e+04
2.665200000000000000e+05
4.471730000000000000e+05
1.755840000000000000e+06
1.366630000000000000e+06
1.842100000000000000e+04
4.470740000000000000e+05
2.308020000000000000e+05
2.862400000000000000e+05
3.866640000000000000e+05
3.742310000000000000e+05
1.471585000000000000e+06
3.966920000000000000e+05
4.746030000000000000e+05
1.378677000000000000e+06
3.772580000000000000e+05
5.282520000000000000e+05
1.598415000000000000e+06
3.062830000000000000e+05
2.852860000000000000e+05
4.457970000000000000e+05
3.697490000000000000e+05
3.368190000000000000e+05
1.408295000000000000e+06
2.330450000000000000e+05
3.753090000000000000e+05
1.668298000000000000e+06
1.431780000000000000e+05
2.601600000000000000e+04
3.384990000000000000e+05
2.408220000000000000e+05
1.125830000000000000e+05
1.534598000000000000e+06
1.128597000000000000e+06
1.369790000000000000e+05
1.335208000000000000e+06
1.487520000000000000e+06
9.922390000000000000e+05
6.164420000000000000e+05
1.480829000000000000e+06
9.936940000000000000e+05
6.880620000000000000e+05
3.737290000000000000e+05
5.245980000000000000e+05
1.297490000000000000e+06
7.768700000000000000e+04
6.622210000000000000e+05
5.755270000000000000e+05
1.828128000000000000e+06
1.495616000000000000e+06
1.409630000000000000e+05
3.329350000000000000e+05
1.620575000000000000e+06
1.178188000000000000e+06
1.743249000000000000e+06
1.939400000000000000e+04
1.630878000000000000e+06
2.405270000000000000e+05
1.372887000000000000e+06
1.986620000000000000e+05
1.566939000000000000e+06
1.373007000000000000e+06
1.788584000000000000e+06
1.285010000000000000e+05
1.419071000000000000e+06
6.376890000000000000e+05
1.487058000000000000e+06
8.423800000000000000e+04
1.416749000000000000e+06
1.319072000000000000e+06
1.504259000000000000e+06
1.528059000000000000e+06
1.713596000000000000e+06
1.500310000000000000e+05
1.497992000000000000e+06
1.660681000000000000e+06
4.429600000000000000e+04
1.797773000000000000e+06
9.493000000000000000e+04
4.559260000000000000e+05
1.645352000000000000e+06
2.883600000000000000e+04
1.024050000000000000e+06
1.100369000000000000e+06
1.761259000000000000e+06
1.723061000000000000e+06
1.691560000000000000e+05
1.600180000000000000e+06
1.523175000000000000e+06
1.689380000000000000e+06
1.232374000000000000e+06
1.497963000000000000e+06
3.640770000000000000e+05
1.218000000000000000e+06
1.639239000000000000e+06
1.991250000000000000e+05
1.647890000000000000e+05
5.650000000000000000e+04
1.761558000000000000e+06
1.360000000000000000e+03
1.277670000000000000e+05
3.407830000000000000e+05
5.077770000000000000e+05
1.249956000000000000e+06
1.607766000000000000e+06
5.808870000000000000e+05
6.116940000000000000e+05
1.489692000000000000e+06
1.485731000000000000e+06
1.833210000000000000e+06
1.371273000000000000e+06
6.422300000000000000e+04
1.378282000000000000e+06
1.393260000000000000e+05
1.257319000000000000e+06
1.194947000000000000e+06
2.588260000000000000e+05
1.315951000000000000e+06
3.758260000000000000e+05
1.575740000000000000e+05
1.540330000000000000e+06
1.594748000000000000e+06
5.659980000000000000e+05
1.135430000000000000e+05
3.449480000000000000e+05
2.804650000000000000e+05
1.802465000000000000e+06
9.042800000000000000e+04
3.700980000000000000e+05
1.530306000000000000e+06
4.662230000000000000e+05
2.271660000000000000e+05
1.581179000000000000e+06
1.598104000000000000e+06
2.354990000000000000e+05
1.511272000000000000e+06
1.659160000000000000e+05
1.713332000000000000e+06
5.831300000000000000e+05
7.001370000000000000e+05
4.563110000000000000e+05
1.633167000000000000e+06
1.527720000000000000e+06
