8.363320000000000000e+05
7.965270000000000000e+05
8.654090000000000000e+05
9.667180000000000000e+05
7.668550000000000000e+05
1.216610000000000000e+06
8.870690000000000000e+05
7.952630000000000000e+05
8.333580000000000000e+05
8.560570000000000000e+05
8.059420000000000000e+05
7.729720000000000000e+05
9.556740000000000000e+05
8.899660000000000000e+05
7.705560000000000000e+05
8.287240000000000000e+05
8.810950000000000000e+05
9.924350000000000000e+05
1.101589000000000000e+06
7.564440000000000000e+05
1.063597000000000000e+06
9.622880000000000000e+05
8.830280000000000000e+05
7.664400000000000000e+05
8.594550000000000000e+05
8.366890000000000000e+05
9.643780000000000000e+05
1.044652000000000000e+06
1.333902000000000000e+06
9.903370000000000000e+05
4.483100000000000000e+05
9.355370000000000000e+05
1.216847000000000000e+06
9.763870000000000000e+05
3.861950000000000000e+05
9.457210000000000000e+05
9.610610000000000000e+05
8.004470000000000000e+05
8.943470000000000000e+05
8.940030000000000000e+05
1.552688000000000000e+06
7.667620000000000000e+05
8.844210000000000000e+05
7.550780000000000000e+05
8.649320000000000000e+05
8.875400000000000000e+05
7.656940000000000000e+05
1.350960000000000000e+05
8.279200000000000000e+05
8.892890000000000000e+05
1.806403000000000000e+06
1.766431000000000000e+06
8.979030000000000000e+05
1.215344000000000000e+06
9.953640000000000000e+05
7.555310000000000000e+05
8.665000000000000000e+04
7.356120000000000000e+05
8.703920000000000000e+05
9.520190000000000000e+05
8.397650000000000000e+05
8.773890000000000000e+05
1.244359000000000000e+06
1.217674000000000000e+06
9.659710000000000000e+05
1.061600000000000000e+06
8.947660000000000000e+05
1.461406000000000000e+06
3.370220000000000000e+05
7.863860000000000000e+05
8.468330000000000000e+05
7.637340000000000000e+05
1.052589000000000000e+06
8.910620000000000000e+05
8.164180000000000000e+05
7.763540000000000000e+05
1.098244000000000000e+06
1.414396000000000000e+06
9.381680000000000000e+05
1.066400000000000000e+06
1.423400000000000000e+05
4.007830000000000000e+05
7.654340000000000000e+05
9.373550000000000000e+05
8.819850000000000000e+05
8.172270000000000000e+05
7.821990000000000000e+05
8.507030000000000000e+05
9.329050000000000000e+05
9.349200000000000000e+04
9.698490000000000000e+05
8.585270000000000000e+05
8.058700000000000000e+05
1.101070000000000000e+06
9.374640000000000000e+05
1.335927000000000000e+06
8.172680000000000000e+05
8.981550000000000000e+05
3.497350000000000000e+05
9.670660000000000000e+05
4.499500000000000000e+05
9.905530000000000000e+05
9.555900000000000000e+05
5.181650000000000000e+05
9.933340000000000000e+05
8.956680000000000000e+05
7.611380000000000000e+05
9.452760000000000000e+05
8.142060000000000000e+05
7.799900000000000000e+05
8.976180000000000000e+05
1.730041000000000000e+06
1.440657000000000000e+06
7.374260000000000000e+05
7.356380000000000000e+05
1.099267000000000000e+06
7.393920000000000000e+05
1.767540000000000000e+05
1.048384000000000000e+06
7.143600000000000000e+05
9.891890000000000000e+05
1.667905000000000000e+06
2.463300000000000000e+04
7.627230000000000000e+05
2.361400000000000000e+04
9.538640000000000000e+05
1.046592000000000000e+06
7.478930000000000000e+05
8.657510000000000000e+05
9.624420000000000000e+05
1.722560000000000000e+06
1.096978000000000000e+06
1.744881000000000000e+06
1.455689000000000000e+06
3.306920000000000000e+05
1.034595000000000000e+06
8.996270000000000000e+05
1.067922000000000000e+06
1.456473000000000000e+06
8.764040000000000000e+05
1.064331000000000000e+06
9.506340000000000000e+05
9.575000000000000000e+05
1.031300000000000000e+06
8.953940000000000000e+05
8.749860000000000000e+05
7.842340000000000000e+05
1.724637000000000000e+06
9.243680000000000000e+05
1.357370000000000000e+05
9.767910000000000000e+05
1.044058000000000000e+06
7.306970000000000000e+05
6.998660000000000000e+05
1.806984000000000000e+06
9.330150000000000000e+05
7.245240000000000000e+05
9.949820000000000000e+05
1.070441000000000000e+06
8.309100000000000000e+05
8.003910000000000000e+05
7.905620000000000000e+05
7.326930000000000000e+05
1.549102000000000000e+06
9.664840000000000000e+05
4.361530000000000000e+05
1.213863000000000000e+06
9.757310000000000000e+05
9.518940000000000000e+05
1.805433000000000000e+06
7.996090000000000000e+05
3.874300000000000000e+05
1.495000000000000000e+06
1.060577000000000000e+06
1.406064000000000000e+06
1.068023000000000000e+06
7.547810000000000000e+05
1.217076000000000000e+06
1.242512000000000000e+06
1.225115000000000000e+06
1.689980000000000000e+05
8.130000000000000000e+04
1.000106000000000000e+06
1.639844000000000000e+06
9.126800000000000000e+05
9.922080000000000000e+05
1.224046000000000000e+06
4.480840000000000000e+05
1.053343000000000000e+06
8.030680000000000000e+05
8.672160000000000000e+05
7.824000000000000000e+05
3.864900000000000000e+05
1.057906000000000000e+06
1.098905000000000000e+06
2.433800000000000000e+04
1.425770000000000000e+05
2.410410000000000000e+05
8.966120000000000000e+05
8.975880000000000000e+05
1.422508000000000000e+06
9.122040000000000000e+05
8.925700000000000000e+05
1.256218000000000000e+06
1.018389000000000000e+06
1.055250000000000000e+06
1.340490000000000000e+05
7.366060000000000000e+05
7.288120000000000000e+05
7.442600000000000000e+05
1.770960000000000000e+05
4.506980000000000000e+05
1.348020000000000000e+05
7.256650000000000000e+05
7.553170000000000000e+05
9.039120000000000000e+05
7.316920000000000000e+05
8.120730000000000000e+05
8.039740000000000000e+05
8.357900000000000000e+05
3.437820000000000000e+05
1.707136000000000000e+06
8.968190000000000000e+05
1.098760000000000000e+06
1.342586000000000000e+06
3.583100000000000000e+04
1.455062000000000000e+06
8.311420000000000000e+05
8.112100000000000000e+04
1.058105000000000000e+06
3.365300000000000000e+05
2.379500000000000000e+04
1.217848000000000000e+06
7.256760000000000000e+05
1.554401000000000000e+06
9.296790000000000000e+05
7.152930000000000000e+05
1.556078000000000000e+06
8.778750000000000000e+05
1.086386000000000000e+06
1.441479000000000000e+06
1.008023000000000000e+06
1.341021000000000000e+06
1.189540000000000000e+05
1.055296000000000000e+06
1.097681000000000000e+06
3.354000000000000000e+04
4.476090000000000000e+05
1.029975000000000000e+06
1.138223000000000000e+06
7.808600000000000000e+04
3.897310000000000000e+05
9.435590000000000000e+05
5.590000000000000000e+04
1.103137000000000000e+06
1.038027000000000000e+06
4.632880000000000000e+05
1.097799000000000000e+06
1.753027000000000000e+06
8.999310000000000000e+05
9.269890000000000000e+05
7.444950000000000000e+05
9.211300000000000000e+04
1.135679000000000000e+06
1.933340000000000000e+05
1.065128000000000000e+06
3.897350000000000000e+05
9.670020000000000000e+05
7.563090000000000000e+05
6.884330000000000000e+05
9.188350000000000000e+05
9.559210000000000000e+05
1.042696000000000000e+06
1.215907000000000000e+06
9.494360000000000000e+05
1.342457000000000000e+06
8.702890000000000000e+05
1.462952000000000000e+06
1.245478000000000000e+06
8.890630000000000000e+05
1.033357000000000000e+06
1.438658000000000000e+06
1.337515000000000000e+06
5.208960000000000000e+05
1.324995000000000000e+06
7.393720000000000000e+05
1.554096000000000000e+06
7.287590000000000000e+05
1.034106000000000000e+06
1.115278000000000000e+06
1.433625000000000000e+06
1.298336000000000000e+06
9.655800000000000000e+04
1.206930000000000000e+06
3.044450000000000000e+05
3.818930000000000000e+05
9.411270000000000000e+05
9.204250000000000000e+05
9.340050000000000000e+05
1.038805000000000000e+06
1.001918000000000000e+06
9.587220000000000000e+05
1.738666000000000000e+06
1.158457000000000000e+06
7.235470000000000000e+05
9.364360000000000000e+05
3.471320000000000000e+05
9.412850000000000000e+05
3.878170000000000000e+05
1.066742000000000000e+06
1.480574000000000000e+06
9.543390000000000000e+05
1.207661000000000000e+06
6.543700000000000000e+05
1.766960000000000000e+06
1.057269000000000000e+06
1.245009000000000000e+06
1.161070000000000000e+06
9.310200000000000000e+05
9.660210000000000000e+05
4.491990000000000000e+05
1.414473000000000000e+06
9.609320000000000000e+05
1.267017000000000000e+06
1.037084000000000000e+06
1.552614000000000000e+06
1.941500000000000000e+05
7.488870000000000000e+05
5.794920000000000000e+05
5.316790000000000000e+05
1.633955000000000000e+06
1.339915000000000000e+06
1.550242000000000000e+06
1.133037000000000000e+06
1.056930000000000000e+06
2.234500000000000000e+04
1.087722000000000000e+06
1.437410000000000000e+06
1.114044000000000000e+06
1.180890000000000000e+05
1.179308000000000000e+06
1.275786000000000000e+06
7.420240000000000000e+05
1.746267000000000000e+06
1.425130000000000000e+05
7.094360000000000000e+05
5.970580000000000000e+05
1.030983000000000000e+06
3.778480000000000000e+05
3.349780000000000000e+05
1.023624000000000000e+06
8.333590000000000000e+05
1.736484000000000000e+06
1.242763000000000000e+06
1.101554000000000000e+06
7.187270000000000000e+05
4.378260000000000000e+05
7.232890000000000000e+05
1.347440000000000000e+05
4.459560000000000000e+05
1.461228000000000000e+06
9.120950000000000000e+05
7.391210000000000000e+05
1.182252000000000000e+06
9.304380000000000000e+05
1.417542000000000000e+06
1.751940000000000000e+06
7.220690000000000000e+05
7.524770000000000000e+05
7.181820000000000000e+05
1.065234000000000000e+06
1.800650000000000000e+06
1.107708000000000000e+06
1.337467000000000000e+06
1.300389000000000000e+06
8.058400000000000000e+04
9.078760000000000000e+05
1.414480000000000000e+05
6.749410000000000000e+05
1.029630000000000000e+06
9.654620000000000000e+05
1.094775000000000000e+06
9.095650000000000000e+05
1.788611000000000000e+06
1.155073000000000000e+06
8.942880000000000000e+05
1.391170000000000000e+05
1.074219000000000000e+06
3.284550000000000000e+05
1.214441000000000000e+06
8.845800000000000000e+04
1.214086000000000000e+06
1.261999000000000000e+06
1.462679000000000000e+06
1.338322000000000000e+06
9.380520000000000000e+05
1.235630000000000000e+05
6.872780000000000000e+05
1.212234000000000000e+06
2.357780000000000000e+05
1.718400000000000000e+05
1.001466000000000000e+06
7.152670000000000000e+05
1.104775000000000000e+06
1.626360000000000000e+05
2.443750000000000000e+05
1.743156000000000000e+06
1.429242000000000000e+06
1.215478000000000000e+06
3.877780000000000000e+05
1.334005000000000000e+06
1.352390000000000000e+05
1.039092000000000000e+06
9.043590000000000000e+05
1.100208000000000000e+06
1.087015000000000000e+06
1.126045000000000000e+06
8.098680000000000000e+05
8.442570000000000000e+05
9.018580000000000000e+05
1.766220000000000000e+06
1.058969000000000000e+06
1.039353000000000000e+06
5.724190000000000000e+05
4.372080000000000000e+05
1.758047000000000000e+06
5.564210000000000000e+05
1.460942000000000000e+06
6.888260000000000000e+05
7.132750000000000000e+05
9.961490000000000000e+05
1.089072000000000000e+06
6.367500000000000000e+05
9.968270000000000000e+05
1.066709000000000000e+06
7.170600000000000000e+05
7.348250000000000000e+05
9.162220000000000000e+05
1.116476000000000000e+06
4.688420000000000000e+05
1.605080000000000000e+05
1.676060000000000000e+05
1.038207000000000000e+06
1.532048000000000000e+06
4.387420000000000000e+05
1.095933000000000000e+06
1.218425000000000000e+06
7.239910000000000000e+05
9.708900000000000000e+04
1.216381000000000000e+06
1.060954000000000000e+06
2.122410000000000000e+05
1.766154000000000000e+06
7.039160000000000000e+05
8.365340000000000000e+05
1.489224000000000000e+06
1.339345000000000000e+06
1.832962000000000000e+06
4.472530000000000000e+05
7.053010000000000000e+05
7.250010000000000000e+05
1.737869000000000000e+06
1.081022000000000000e+06
2.891580000000000000e+05
1.385791000000000000e+06
1.246730000000000000e+06
1.348000000000000000e+06
2.447100000000000000e+04
9.916900000000000000e+05
3.883470000000000000e+05
9.202190000000000000e+05
1.727869000000000000e+06
1.382940000000000000e+06
4.509870000000000000e+05
1.637534000000000000e+06
1.005697000000000000e+06
8.493900000000000000e+04
4.508300000000000000e+05
6.511330000000000000e+05
4.634050000000000000e+05
7.705000000000000000e+05
1.213682000000000000e+06
6.246220000000000000e+05
1.455698000000000000e+06
1.181392000000000000e+06
1.052445000000000000e+06
1.242670000000000000e+06
1.007275000000000000e+06
7.334510000000000000e+05
3.535420000000000000e+05
1.552923000000000000e+06
7.344490000000000000e+05
7.093720000000000000e+05
8.456800000000000000e+04
4.036070000000000000e+05
1.633904000000000000e+06
1.575210000000000000e+05
5.242040000000000000e+05
6.169330000000000000e+05
8.491760000000000000e+05
7.772030000000000000e+05
8.190100000000000000e+05
9.437370000000000000e+05
9.657110000000000000e+05
8.870330000000000000e+05
1.270251000000000000e+06
9.551360000000000000e+05
5.553730000000000000e+05
1.457306000000000000e+06
1.636980000000000000e+06
9.278390000000000000e+05
7.920380000000000000e+05
1.060278000000000000e+06
1.494524000000000000e+06
1.206363000000000000e+06
1.747794000000000000e+06
1.213369000000000000e+06
1.288021000000000000e+06
6.549830000000000000e+05
3.958070000000000000e+05
1.253129000000000000e+06
4.379110000000000000e+05
9.732910000000000000e+05
1.514711000000000000e+06
4.502330000000000000e+05
6.886600000000000000e+05
1.217238000000000000e+06
1.022736000000000000e+06
5.879670000000000000e+05
7.356690000000000000e+05
1.412850000000000000e+05
1.371649000000000000e+06
1.314173000000000000e+06
9.741660000000000000e+05
1.556356000000000000e+06
5.151000000000000000e+05
1.131571000000000000e+06
7.395650000000000000e+05
3.828470000000000000e+05
1.843045000000000000e+06
1.549410000000000000e+06
1.337095000000000000e+06
1.065705000000000000e+06
1.511581000000000000e+06
9.422600000000000000e+04
1.031048000000000000e+06
1.013618000000000000e+06
1.013165000000000000e+06
1.633482000000000000e+06
1.004533000000000000e+06
8.906400000000000000e+05
1.722582000000000000e+06
1.547135000000000000e+06
8.879640000000000000e+05
4.299020000000000000e+05
4.315220000000000000e+05
6.357690000000000000e+05
1.668112000000000000e+06
1.805922000000000000e+06
1.415808000000000000e+06
7.400380000000000000e+05
5.849310000000000000e+05
3.911660000000000000e+05
1.150662000000000000e+06
1.554488000000000000e+06
5.044780000000000000e+05
6.231770000000000000e+05
8.165500000000000000e+04
1.147164000000000000e+06
6.931120000000000000e+05
1.767150000000000000e+05
3.085510000000000000e+05
1.778347000000000000e+06
1.067858000000000000e+06
1.807711000000000000e+06
1.450789000000000000e+06
1.217271000000000000e+06
9.385800000000000000e+04
1.058330000000000000e+06
1.809908000000000000e+06
4.010610000000000000e+05
8.974350000000000000e+05
9.539320000000000000e+05
1.107086000000000000e+06
1.134069000000000000e+06
9.002450000000000000e+05
1.836190000000000000e+05
1.253154000000000000e+06
1.414210000000000000e+05
1.819864000000000000e+06
1.329216000000000000e+06
6.099400000000000000e+05
9.802200000000000000e+05
6.701230000000000000e+05
1.554369000000000000e+06
6.723520000000000000e+05
1.630885000000000000e+06
1.132985000000000000e+06
1.639505000000000000e+06
7.880460000000000000e+05
6.467190000000000000e+05
1.476990000000000000e+06
1.374653000000000000e+06
1.378749000000000000e+06
1.555032000000000000e+06
1.778366000000000000e+06
1.457617000000000000e+06
1.347271000000000000e+06
8.321140000000000000e+05
8.007910000000000000e+05
1.495234000000000000e+06
1.371346000000000000e+06
1.077580000000000000e+06
4.242520000000000000e+05
7.379440000000000000e+05
1.874750000000000000e+05
1.515775000000000000e+06
1.737249000000000000e+06
7.556200000000000000e+05
9.285460000000000000e+05
1.288830000000000000e+05
3.516550000000000000e+05
1.231748000000000000e+06
1.828687000000000000e+06
7.601540000000000000e+05
1.834553000000000000e+06
4.502490000000000000e+05
1.553582000000000000e+06
4.454300000000000000e+05
1.100609000000000000e+06
3.828050000000000000e+05
1.779078000000000000e+06
4.018800000000000000e+05
3.501950000000000000e+05
1.112251000000000000e+06
1.094850000000000000e+06
5.169700000000000000e+05
1.153677000000000000e+06
9.283430000000000000e+05
4.152230000000000000e+05
1.138955000000000000e+06
1.332300000000000000e+04
1.731610000000000000e+05
5.923000000000000000e+03
1.259023000000000000e+06
9.112720000000000000e+05
1.157637000000000000e+06
1.092954000000000000e+06
9.699000000000000000e+05
1.758096000000000000e+06
5.707000000000000000e+03
1.664423000000000000e+06
9.072080000000000000e+05
8.239800000000000000e+04
1.209791000000000000e+06
1.231861000000000000e+06
5.189220000000000000e+05
1.024568000000000000e+06
1.549567000000000000e+06
1.552333000000000000e+06
1.437627000000000000e+06
1.307683000000000000e+06
9.908750000000000000e+05
1.804955000000000000e+06
1.372694000000000000e+06
1.228809000000000000e+06
3.888220000000000000e+05
1.762305000000000000e+06
1.165690000000000000e+05
1.129700000000000000e+06
3.286560000000000000e+05
2.875270000000000000e+05
1.416382000000000000e+06
1.131988000000000000e+06
1.548122000000000000e+06
5.840130000000000000e+05
3.364280000000000000e+05
1.377331000000000000e+06
4.941650000000000000e+05
1.496586000000000000e+06
1.767039000000000000e+06
1.766170000000000000e+05
9.929480000000000000e+05
1.569810000000000000e+05
1.107551000000000000e+06
1.028775000000000000e+06
1.456706000000000000e+06
7.271580000000000000e+05
1.703610000000000000e+05
5.988960000000000000e+05
1.296777000000000000e+06
1.004452000000000000e+06
1.221814000000000000e+06
5.178070000000000000e+05
1.555841000000000000e+06
8.851040000000000000e+05
1.417325000000000000e+06
8.933000000000000000e+04
7.249530000000000000e+05
1.750131000000000000e+06
1.192480000000000000e+05
1.060922000000000000e+06
3.274100000000000000e+05
6.715050000000000000e+05
1.331843000000000000e+06
6.745180000000000000e+05
9.336050000000000000e+05
5.255400000000000000e+04
1.059313000000000000e+06
2.459400000000000000e+04
5.621890000000000000e+05
2.926400000000000000e+04
1.152937000000000000e+06
1.156635000000000000e+06
6.321700000000000000e+05
9.254370000000000000e+05
1.244640000000000000e+05
1.749897000000000000e+06
1.460098000000000000e+06
1.018808000000000000e+06
1.415185000000000000e+06
9.057050000000000000e+05
1.424729000000000000e+06
1.688430000000000000e+05
6.975290000000000000e+05
1.221940000000000000e+06
1.086620000000000000e+06
7.246330000000000000e+05
3.898900000000000000e+05
1.765233000000000000e+06
1.152160000000000000e+06
1.267301000000000000e+06
5.050390000000000000e+05
1.694873000000000000e+06
4.382440000000000000e+05
6.723150000000000000e+05
1.553701000000000000e+06
1.666160000000000000e+06
1.602352000000000000e+06
1.362182000000000000e+06
1.063567000000000000e+06
5.859790000000000000e+05
7.170740000000000000e+05
1.120390000000000000e+06
1.265730000000000000e+06
1.065996000000000000e+06
1.220473000000000000e+06
1.082319000000000000e+06
1.550550000000000000e+05
1.211192000000000000e+06
1.130468000000000000e+06
1.722412000000000000e+06
1.208610000000000000e+06
1.856845000000000000e+06
8.670300000000000000e+05
9.347300000000000000e+05
1.265458000000000000e+06
1.282323000000000000e+06
6.859300000000000000e+05
1.246435000000000000e+06
9.022970000000000000e+05
1.180780000000000000e+05
4.328850000000000000e+05
1.344441000000000000e+06
8.570920000000000000e+05
7.873240000000000000e+05
9.192560000000000000e+05
1.327445000000000000e+06
3.873750000000000000e+05
1.850429000000000000e+06
5.972490000000000000e+05
1.056265000000000000e+06
1.788484000000000000e+06
1.025893000000000000e+06
1.180130000000000000e+05
1.347495000000000000e+06
1.766084000000000000e+06
1.133575000000000000e+06
4.226140000000000000e+05
1.287370000000000000e+06
1.342226000000000000e+06
8.738730000000000000e+05
1.206343000000000000e+06
1.795083000000000000e+06
7.046110000000000000e+05
4.543950000000000000e+05
1.256693000000000000e+06
8.301520000000000000e+05
4.000070000000000000e+05
1.095297000000000000e+06
1.581310000000000000e+06
2.854760000000000000e+05
1.136352000000000000e+06
1.393254000000000000e+06
3.835550000000000000e+05
4.510580000000000000e+05
1.778920000000000000e+05
9.360260000000000000e+05
9.806900000000000000e+04
1.158239000000000000e+06
1.324312000000000000e+06
4.342050000000000000e+05
5.878250000000000000e+05
6.630400000000000000e+05
9.004080000000000000e+05
1.767561000000000000e+06
4.537460000000000000e+05
5.816100000000000000e+04
9.045740000000000000e+05
1.680495000000000000e+06
1.084957000000000000e+06
1.335973000000000000e+06
1.166165000000000000e+06
5.033230000000000000e+05
7.225520000000000000e+05
1.639944000000000000e+06
5.263350000000000000e+05
1.411637000000000000e+06
1.809548000000000000e+06
1.556015000000000000e+06
1.455161000000000000e+06
4.564390000000000000e+05
1.062770000000000000e+06
1.087289000000000000e+06
7.149090000000000000e+05
7.045610000000000000e+05
1.790479000000000000e+06
4.089920000000000000e+05
1.116458000000000000e+06
1.244790000000000000e+06
1.012299000000000000e+06
5.171380000000000000e+05
1.335063000000000000e+06
3.192410000000000000e+05
1.822546000000000000e+06
4.475150000000000000e+05
1.511248000000000000e+06
1.136976000000000000e+06
1.406551000000000000e+06
1.269782000000000000e+06
1.290121000000000000e+06
3.861010000000000000e+05
1.528079000000000000e+06
3.779940000000000000e+05
1.944840000000000000e+05
3.692940000000000000e+05
3.154480000000000000e+05
2.520800000000000000e+04
4.004380000000000000e+05
1.030890000000000000e+06
1.470164000000000000e+06
1.019100000000000000e+04
1.335146000000000000e+06
1.422109000000000000e+06
7.167590000000000000e+05
9.171620000000000000e+05
7.149020000000000000e+05
5.476910000000000000e+05
4.977150000000000000e+05
1.218432000000000000e+06
1.064449000000000000e+06
1.082903000000000000e+06
1.297359000000000000e+06
1.085631000000000000e+06
7.834600000000000000e+04
1.243813000000000000e+06
1.081492000000000000e+06
2.586300000000000000e+05
1.215359000000000000e+06
5.541330000000000000e+05
7.471510000000000000e+05
1.807742000000000000e+06
2.292300000000000000e+04
1.763693000000000000e+06
1.054792000000000000e+06
1.180358000000000000e+06
3.375580000000000000e+05
1.059452000000000000e+06
1.550536000000000000e+06
1.766779000000000000e+06
3.001590000000000000e+05
9.598490000000000000e+05
1.413109000000000000e+06
7.235380000000000000e+05
9.276640000000000000e+05
1.772322000000000000e+06
1.118742000000000000e+06
4.770040000000000000e+05
3.015350000000000000e+05
1.408965000000000000e+06
7.569150000000000000e+05
1.328007000000000000e+06
9.941570000000000000e+05
6.881500000000000000e+04
1.707156000000000000e+06
1.830104000000000000e+06
1.849301000000000000e+06
1.158116000000000000e+06
1.102950000000000000e+06
7.834700000000000000e+04
1.479912000000000000e+06
7.292280000000000000e+05
4.511300000000000000e+05
6.274710000000000000e+05
1.507645000000000000e+06
1.632906000000000000e+06
9.929280000000000000e+05
1.722770000000000000e+06
7.759690000000000000e+05
1.367162000000000000e+06
1.315737000000000000e+06
8.763740000000000000e+05
1.384386000000000000e+06
1.551393000000000000e+06
5.149560000000000000e+05
1.164773000000000000e+06
1.299963000000000000e+06
6.259310000000000000e+05
5.592690000000000000e+05
1.339482000000000000e+06
1.412852000000000000e+06
1.444439000000000000e+06
5.092140000000000000e+05
1.081005000000000000e+06
1.425780000000000000e+06
1.461709000000000000e+06
1.427063000000000000e+06
1.492769000000000000e+06
1.204328000000000000e+06
7.075200000000000000e+04
5.151840000000000000e+05
4.083090000000000000e+05
1.457165000000000000e+06
3.690200000000000000e+04
1.219289000000000000e+06
6.599740000000000000e+05
1.136992000000000000e+06
1.426744000000000000e+06
1.417861000000000000e+06
9.252730000000000000e+05
1.189282000000000000e+06
1.251215000000000000e+06
1.028773000000000000e+06
1.231130000000000000e+05
1.585168000000000000e+06
1.796430000000000000e+05
1.136787000000000000e+06
1.703657000000000000e+06
3.769610000000000000e+05
5.395020000000000000e+05
6.546120000000000000e+05
1.548952000000000000e+06
1.098157000000000000e+06
3.243310000000000000e+05
1.852848000000000000e+06
4.493830000000000000e+05
1.825417000000000000e+06
2.719980000000000000e+05
1.556592000000000000e+06
1.711240000000000000e+05
1.839875000000000000e+06
2.911940000000000000e+05
1.808140000000000000e+06
7.706050000000000000e+05
8.215510000000000000e+05
6.799370000000000000e+05
1.023598000000000000e+06
1.471474000000000000e+06
1.037630000000000000e+06
1.576609000000000000e+06
1.206782000000000000e+06
1.629239000000000000e+06
2.057850000000000000e+05
3.735790000000000000e+05
4.960380000000000000e+05
1.807256000000000000e+06
1.075029000000000000e+06
1.710790000000000000e+05
1.731247000000000000e+06
1.399083000000000000e+06
1.068158000000000000e+06
1.349790000000000000e+05
1.140019000000000000e+06
1.809416000000000000e+06
1.411722000000000000e+06
1.096940000000000000e+06
1.843488000000000000e+06
1.332614000000000000e+06
2.583650000000000000e+05
1.807282000000000000e+06
1.553029000000000000e+06
1.462746000000000000e+06
1.844943000000000000e+06
2.655750000000000000e+05
1.768708000000000000e+06
6.119260000000000000e+05
1.541430000000000000e+06
9.297940000000000000e+05
1.321000000000000000e+06
4.876270000000000000e+05
2.112780000000000000e+05
4.520980000000000000e+05
1.135557000000000000e+06
1.244597000000000000e+06
9.214500000000000000e+04
1.284753000000000000e+06
3.772910000000000000e+05
1.413255000000000000e+06
1.767328000000000000e+06
5.023690000000000000e+05
2.952870000000000000e+05
1.242818000000000000e+06
1.217804000000000000e+06
1.928910000000000000e+05
1.303689000000000000e+06
7.645480000000000000e+05
5.040460000000000000e+05
