1.465500000000000000e+04
2.504370000000000000e+05
2.752400000000000000e+04
1.500704000000000000e+06
1.285093000000000000e+06
5.430300000000000000e+04
1.626827000000000000e+06
2.330450000000000000e+05
1.192030000000000000e+05
1.334551000000000000e+06
1.828128000000000000e+06
1.480553000000000000e+06
4.476420000000000000e+05
1.478912000000000000e+06
1.487520000000000000e+06
1.714806000000000000e+06
1.716302000000000000e+06
7.241630000000000000e+05
1.498210000000000000e+05
4.471760000000000000e+05
1.600600000000000000e+06
6.576680000000000000e+05
3.753010000000000000e+05
1.620575000000000000e+06
2.393420000000000000e+05
1.630878000000000000e+06
1.468500000000000000e+05
5.819890000000000000e+05
1.713332000000000000e+06
8.755710000000000000e+05
1.232374000000000000e+06
1.471585000000000000e+06
1.508575000000000000e+06
5.642580000000000000e+05
1.125830000000000000e+05
1.713218000000000000e+06
1.856002000000000000e+06
1.283770000000000000e+06
2.719070000000000000e+05
1.939400000000000000e+04
1.986620000000000000e+05
1.486247000000000000e+06
1.788719000000000000e+06
3.772580000000000000e+05
1.443168000000000000e+06
1.249956000000000000e+06
1.686496000000000000e+06
6.116940000000000000e+05
1.689380000000000000e+06
2.408220000000000000e+05
7.001370000000000000e+05
6.622210000000000000e+05
1.743249000000000000e+06
8.322150000000000000e+05
7.865850000000000000e+05
7.149000000000000000e+05
1.232330000000000000e+05
9.499870000000000000e+05
1.523175000000000000e+06
1.240014000000000000e+06
1.419071000000000000e+06
3.368190000000000000e+05
1.335591000000000000e+06
2.862830000000000000e+05
1.608466000000000000e+06
6.376890000000000000e+05
1.842100000000000000e+04
1.236570000000000000e+05
2.439860000000000000e+05
1.529800000000000000e+05
3.697490000000000000e+05
1.660681000000000000e+06
2.886800000000000000e+04
1.015177000000000000e+06
5.282520000000000000e+05
6.881120000000000000e+05
1.381419000000000000e+06
1.343340000000000000e+05
9.710600000000000000e+04
1.714622000000000000e+06
4.455490000000000000e+05
1.365040000000000000e+05
1.194200000000000000e+05
1.280552000000000000e+06
1.627493000000000000e+06
2.010960000000000000e+05
5.755270000000000000e+05
1.624126000000000000e+06
1.892020000000000000e+05
1.128947000000000000e+06
1.755402000000000000e+06
1.355359000000000000e+06
1.031808000000000000e+06
1.125751000000000000e+06
1.137470000000000000e+06
1.121611000000000000e+06
1.647890000000000000e+05
3.391610000000000000e+05
3.689940000000000000e+05
2.281060000000000000e+05
2.604400000000000000e+04
1.379571000000000000e+06
1.317220000000000000e+05
1.773518000000000000e+06
7.204180000000000000e+05
1.371273000000000000e+06
1.431780000000000000e+05
1.743086000000000000e+06
1.502604000000000000e+06
1.659160000000000000e+05
1.484355000000000000e+06
1.451600000000000000e+04
6.002850000000000000e+05
1.599622000000000000e+06
1.625080000000000000e+05
6.413020000000000000e+05
1.205385000000000000e+06
2.876440000000000000e+05
1.721774000000000000e+06
1.385727000000000000e+06
1.500310000000000000e+05
6.589820000000000000e+05
6.921750000000000000e+05
1.587180000000000000e+05
9.372340000000000000e+05
1.898710000000000000e+05
5.077770000000000000e+05
1.666262000000000000e+06
5.897570000000000000e+05
2.872280000000000000e+05
1.724246000000000000e+06
4.675300000000000000e+05
6.511210000000000000e+05
2.804650000000000000e+05
5.325380000000000000e+05
1.501292000000000000e+06
1.447620000000000000e+05
4.592090000000000000e+05
4.746030000000000000e+05
1.315211000000000000e+06
7.279480000000000000e+05
1.137038000000000000e+06
1.529133000000000000e+06
1.191297000000000000e+06
1.366630000000000000e+06
1.479059000000000000e+06
1.397563000000000000e+06
1.154398000000000000e+06
1.575740000000000000e+05
1.725612000000000000e+06
2.326490000000000000e+05
1.378250000000000000e+05
1.345113000000000000e+06
3.062190000000000000e+05
6.402470000000000000e+05
2.356370000000000000e+05
4.612900000000000000e+04
7.511000000000000000e+03
1.633167000000000000e+06
1.568074000000000000e+06
5.856280000000000000e+05
8.574500000000000000e+04
2.298700000000000000e+04
1.566280000000000000e+05
1.383122000000000000e+06
1.340113000000000000e+06
2.295900000000000000e+04
1.870400000000000000e+05
