7.808600000000000000e+05
8.600960000000000000e+05
8.191790000000000000e+05
9.667180000000000000e+05
8.905590000000000000e+05
1.216610000000000000e+06
7.952630000000000000e+05
8.634340000000000000e+05
7.548890000000000000e+05
8.333580000000000000e+05
8.899660000000000000e+05
1.100219000000000000e+06
8.634570000000000000e+05
7.883430000000000000e+05
8.206690000000000000e+05
8.152220000000000000e+05
7.814110000000000000e+05
9.622880000000000000e+05
9.905160000000000000e+05
8.300950000000000000e+05
8.548540000000000000e+05
8.830280000000000000e+05
9.668540000000000000e+05
9.643780000000000000e+05
9.355870000000000000e+05
7.555330000000000000e+05
7.664370000000000000e+05
7.802870000000000000e+05
8.627100000000000000e+05
1.063597000000000000e+06
1.044652000000000000e+06
3.862980000000000000e+05
9.457210000000000000e+05
8.943470000000000000e+05
4.483100000000000000e+05
9.610610000000000000e+05
8.942320000000000000e+05
7.510350000000000000e+05
1.552978000000000000e+06
1.333902000000000000e+06
9.932320000000000000e+05
8.961160000000000000e+05
8.947660000000000000e+05
8.979030000000000000e+05
1.216847000000000000e+06
8.933330000000000000e+05
9.958750000000000000e+05
4.007830000000000000e+05
9.374640000000000000e+05
1.350960000000000000e+05
8.649320000000000000e+05
7.512530000000000000e+05
7.908550000000000000e+05
9.338100000000000000e+04
7.637340000000000000e+05
1.806403000000000000e+06
8.768400000000000000e+04
7.662950000000000000e+05
8.627410000000000000e+05
8.181890000000000000e+05
8.981550000000000000e+05
8.931650000000000000e+05
8.319500000000000000e+05
7.411600000000000000e+05
7.555310000000000000e+05
8.703920000000000000e+05
9.381680000000000000e+05
3.349690000000000000e+05
8.657510000000000000e+05
9.905760000000000000e+05
7.767330000000000000e+05
8.353580000000000000e+05
1.101294000000000000e+06
7.647460000000000000e+05
9.632030000000000000e+05
9.555900000000000000e+05
1.215344000000000000e+06
2.463300000000000000e+04
8.195640000000000000e+05
9.690410000000000000e+05
8.943370000000000000e+05
9.953640000000000000e+05
1.767220000000000000e+06
7.143600000000000000e+05
8.996270000000000000e+05
1.217674000000000000e+06
1.461406000000000000e+06
1.061610000000000000e+06
8.910620000000000000e+05
8.802080000000000000e+05
8.309100000000000000e+05
8.003910000000000000e+05
9.329050000000000000e+05
9.520190000000000000e+05
1.098244000000000000e+06
9.373550000000000000e+05
1.066400000000000000e+06
7.716030000000000000e+05
8.227160000000000000e+05
8.523340000000000000e+05
8.745830000000000000e+05
1.413346000000000000e+06
9.891890000000000000e+05
8.424280000000000000e+05
7.913050000000000000e+05
9.624420000000000000e+05
7.611380000000000000e+05
1.724637000000000000e+06
1.549249000000000000e+06
1.730041000000000000e+06
9.946620000000000000e+05
1.052589000000000000e+06
8.956680000000000000e+05
1.034595000000000000e+06
9.792850000000000000e+05
8.976180000000000000e+05
3.494920000000000000e+05
9.670660000000000000e+05
7.374260000000000000e+05
1.063476000000000000e+06
1.723150000000000000e+06
8.142060000000000000e+05
7.799900000000000000e+05
1.099267000000000000e+06
8.758780000000000000e+05
1.096978000000000000e+06
7.821020000000000000e+05
1.050832000000000000e+06
1.067922000000000000e+06
7.802730000000000000e+05
1.440657000000000000e+06
1.639844000000000000e+06
1.456473000000000000e+06
7.996090000000000000e+05
3.302620000000000000e+05
8.333590000000000000e+05
1.357370000000000000e+05
4.499500000000000000e+05
9.330150000000000000e+05
1.044058000000000000e+06
1.155073000000000000e+06
4.369610000000000000e+05
2.433800000000000000e+04
8.749860000000000000e+05
9.949820000000000000e+05
7.905620000000000000e+05
9.411270000000000000e+05
8.332490000000000000e+05
7.842340000000000000e+05
8.684470000000000000e+05
1.087722000000000000e+06
8.720460000000000000e+05
1.002543000000000000e+06
9.539130000000000000e+05
7.315290000000000000e+05
9.469090000000000000e+05
4.632880000000000000e+05
1.244550000000000000e+06
9.575000000000000000e+05
8.130890000000000000e+05
9.851190000000000000e+05
6.246220000000000000e+05
8.968190000000000000e+05
9.654620000000000000e+05
5.181650000000000000e+05
7.413350000000000000e+05
7.349580000000000000e+05
1.215907000000000000e+06
1.455689000000000000e+06
7.256650000000000000e+05
9.122040000000000000e+05
8.130000000000000000e+04
2.379500000000000000e+04
8.311420000000000000e+05
9.518940000000000000e+05
1.805433000000000000e+06
6.998660000000000000e+05
8.672160000000000000e+05
9.126800000000000000e+05
4.378260000000000000e+05
1.834553000000000000e+06
2.361400000000000000e+04
7.562270000000000000e+05
1.098760000000000000e+06
8.966120000000000000e+05
8.112100000000000000e+04
9.834570000000000000e+05
1.744881000000000000e+06
3.874300000000000000e+05
1.420790000000000000e+05
8.339110000000000000e+05
7.306970000000000000e+05
9.664840000000000000e+05
9.660210000000000000e+05
1.046592000000000000e+06
1.667905000000000000e+06
7.563270000000000000e+05
8.747910000000000000e+05
4.491990000000000000e+05
6.865350000000000000e+05
1.067259000000000000e+06
7.393920000000000000e+05
1.030213000000000000e+06
1.495000000000000000e+06
1.070441000000000000e+06
8.678390000000000000e+05
9.039120000000000000e+05
9.754450000000000000e+05
1.101966000000000000e+06
1.038449000000000000e+06
1.054846000000000000e+06
8.975880000000000000e+05
7.288120000000000000e+05
9.494360000000000000e+05
7.245240000000000000e+05
7.239910000000000000e+05
1.105428000000000000e+06
9.593850000000000000e+05
1.213863000000000000e+06
1.767270000000000000e+05
1.416317000000000000e+06
1.036377000000000000e+06
1.441479000000000000e+06
1.455062000000000000e+06
1.342586000000000000e+06
7.039910000000000000e+05
1.224110000000000000e+06
7.287590000000000000e+05
1.217076000000000000e+06
1.806984000000000000e+06
8.999310000000000000e+05
9.903730000000000000e+05
1.098905000000000000e+06
1.040221000000000000e+06
9.078760000000000000e+05
1.064652000000000000e+06
1.336011000000000000e+06
8.365340000000000000e+05
7.379440000000000000e+05
9.960240000000000000e+05
1.060577000000000000e+06
1.707136000000000000e+06
9.473000000000000000e+04
4.480840000000000000e+05
1.100208000000000000e+06
3.318650000000000000e+05
1.008643000000000000e+06
7.132750000000000000e+05
9.269890000000000000e+05
1.135679000000000000e+06
9.748740000000000000e+05
3.836230000000000000e+05
3.897350000000000000e+05
1.554401000000000000e+06
1.007275000000000000e+06
1.406064000000000000e+06
1.057910000000000000e+06
1.114044000000000000e+06
1.055496000000000000e+06
1.055296000000000000e+06
1.189510000000000000e+05
7.220690000000000000e+05
1.217917000000000000e+06
1.009361000000000000e+06
9.243680000000000000e+05
9.364360000000000000e+05
1.765445000000000000e+06
9.741540000000000000e+05
1.097799000000000000e+06
1.005757000000000000e+06
1.018556000000000000e+06
9.956300000000000000e+05
1.207661000000000000e+06
3.911660000000000000e+05
9.637820000000000000e+05
1.118804000000000000e+06
1.386203000000000000e+06
8.865540000000000000e+05
1.064346000000000000e+06
7.234460000000000000e+05
1.066709000000000000e+06
1.218501000000000000e+06
1.102704000000000000e+06
7.102360000000000000e+05
9.506340000000000000e+05
1.206930000000000000e+06
1.055261000000000000e+06
1.167606000000000000e+06
7.288100000000000000e+05
8.425150000000000000e+05
7.971790000000000000e+05
1.630885000000000000e+06
8.916390000000000000e+05
1.094775000000000000e+06
1.043387000000000000e+06
7.256760000000000000e+05
1.640656000000000000e+06
7.094360000000000000e+05
7.181820000000000000e+05
7.170600000000000000e+05
1.215478000000000000e+06
1.004533000000000000e+06
1.556078000000000000e+06
8.890630000000000000e+05
9.045740000000000000e+05
1.107086000000000000e+06
1.703610000000000000e+05
1.414686000000000000e+06
4.459560000000000000e+05
4.688420000000000000e+05
3.925800000000000000e+05
1.030983000000000000e+06
1.060556000000000000e+06
5.208960000000000000e+05
3.354000000000000000e+04
3.583100000000000000e+04
9.953410000000000000e+05
3.778480000000000000e+05
1.023624000000000000e+06
1.062212000000000000e+06
1.072666000000000000e+06
9.741660000000000000e+05
1.235630000000000000e+05
1.029581000000000000e+06
8.942880000000000000e+05
9.634380000000000000e+05
9.340050000000000000e+05
1.059579000000000000e+06
1.008023000000000000e+06
9.670210000000000000e+05
5.590000000000000000e+04
1.206782000000000000e+06
1.133575000000000000e+06
1.216381000000000000e+06
7.266450000000000000e+05
1.057269000000000000e+06
1.256218000000000000e+06
1.038027000000000000e+06
1.047277000000000000e+06
1.217271000000000000e+06
9.310200000000000000e+05
1.037084000000000000e+06
4.020410000000000000e+05
7.405390000000000000e+05
4.387420000000000000e+05
7.433610000000000000e+05
1.441816000000000000e+06
1.738666000000000000e+06
5.913000000000000000e+03
1.220473000000000000e+06
1.065996000000000000e+06
8.251460000000000000e+05
9.543430000000000000e+05
1.181778000000000000e+06
1.042696000000000000e+06
1.552333000000000000e+06
9.539320000000000000e+05
1.425770000000000000e+05
3.894940000000000000e+05
8.793150000000000000e+05
1.429242000000000000e+06
4.354130000000000000e+05
1.067629000000000000e+06
1.462295000000000000e+06
1.061065000000000000e+06
4.502330000000000000e+05
3.463170000000000000e+05
7.311150000000000000e+05
7.270560000000000000e+05
1.056930000000000000e+06
7.420240000000000000e+05
1.158116000000000000e+06
9.296790000000000000e+05
1.214441000000000000e+06
1.554596000000000000e+06
7.388000000000000000e+03
1.073806000000000000e+06
4.372080000000000000e+05
1.157637000000000000e+06
9.380520000000000000e+05
6.543700000000000000e+05
9.459690000000000000e+05
1.438610000000000000e+06
4.283150000000000000e+05
8.384710000000000000e+05
8.045200000000000000e+05
1.060954000000000000e+06
7.152670000000000000e+05
1.689980000000000000e+05
7.344490000000000000e+05
6.231770000000000000e+05
8.058400000000000000e+04
8.750770000000000000e+05
1.040847000000000000e+06
8.239800000000000000e+04
1.455161000000000000e+06
9.188350000000000000e+05
9.211300000000000000e+04
4.685540000000000000e+05
7.366060000000000000e+05
4.634050000000000000e+05
1.107708000000000000e+06
1.104775000000000000e+06
1.094029000000000000e+06
1.022187000000000000e+06
9.415540000000000000e+05
1.161070000000000000e+06
7.620110000000000000e+05
1.285020000000000000e+05
9.317480000000000000e+05
7.808600000000000000e+04
7.264960000000000000e+05
7.310190000000000000e+05
9.968270000000000000e+05
9.120950000000000000e+05
1.158457000000000000e+06
2.122410000000000000e+05
1.337515000000000000e+06
9.412850000000000000e+05
1.223947000000000000e+06
1.158686000000000000e+06
1.556313000000000000e+06
1.737869000000000000e+06
1.348020000000000000e+05
1.000119000000000000e+06
1.550669000000000000e+06
1.037630000000000000e+06
1.086386000000000000e+06
1.713205000000000000e+06
1.225115000000000000e+06
8.415720000000000000e+05
7.776800000000000000e+05
7.152930000000000000e+05
1.052445000000000000e+06
1.024568000000000000e+06
1.450789000000000000e+06
9.861080000000000000e+05
9.210780000000000000e+05
4.342050000000000000e+05
3.327970000000000000e+05
1.334005000000000000e+06
9.278390000000000000e+05
9.376290000000000000e+05
3.008580000000000000e+05
1.417542000000000000e+06
2.234500000000000000e+04
2.443750000000000000e+05
9.043590000000000000e+05
1.206363000000000000e+06
1.352390000000000000e+05
6.723520000000000000e+05
1.138955000000000000e+06
3.875240000000000000e+05
9.565580000000000000e+05
4.033190000000000000e+05
1.098157000000000000e+06
1.554369000000000000e+06
1.182154000000000000e+06
1.138223000000000000e+06
8.981180000000000000e+05
4.315220000000000000e+05
1.289986000000000000e+06
1.548152000000000000e+06
1.722813000000000000e+06
1.340999000000000000e+06
9.038530000000000000e+05
9.095650000000000000e+05
1.180780000000000000e+05
4.662830000000000000e+05
3.819150000000000000e+05
1.553029000000000000e+06
1.292906000000000000e+06
9.252730000000000000e+05
1.332614000000000000e+06
1.058452000000000000e+06
1.751908000000000000e+06
3.437820000000000000e+05
3.874940000000000000e+05
4.089920000000000000e+05
1.552695000000000000e+06
1.133037000000000000e+06
6.271810000000000000e+05
1.298336000000000000e+06
7.397590000000000000e+05
3.044450000000000000e+05
9.751810000000000000e+05
1.065234000000000000e+06
9.204250000000000000e+05
1.012569000000000000e+06
4.508300000000000000e+05
1.766147000000000000e+06
1.245478000000000000e+06
6.367500000000000000e+05
1.346264000000000000e+06
2.462000000000000000e+04
5.773890000000000000e+05
1.116476000000000000e+06
1.804541000000000000e+06
4.454300000000000000e+05
7.235380000000000000e+05
1.136992000000000000e+06
1.016743000000000000e+06
1.102950000000000000e+06
1.437410000000000000e+06
4.412210000000000000e+05
9.951340000000000000e+05
1.338344000000000000e+06
9.908020000000000000e+05
1.840423000000000000e+06
4.368260000000000000e+05
1.116486000000000000e+06
7.801610000000000000e+05
1.494524000000000000e+06
5.955810000000000000e+05
9.857670000000000000e+05
2.447100000000000000e+04
1.020976000000000000e+06
1.182252000000000000e+06
8.937480000000000000e+05
1.342457000000000000e+06
7.395650000000000000e+05
1.748855000000000000e+06
3.001590000000000000e+05
1.030899000000000000e+06
4.103940000000000000e+05
1.203466000000000000e+06
3.481740000000000000e+05
8.493900000000000000e+04
1.761919000000000000e+06
1.066725000000000000e+06
1.550474000000000000e+06
8.456800000000000000e+04
9.220840000000000000e+05
9.248420000000000000e+05
7.187270000000000000e+05
3.294860000000000000e+05
1.299286000000000000e+06
7.417130000000000000e+05
3.877250000000000000e+05
1.378749000000000000e+06
5.409250000000000000e+05
3.690200000000000000e+04
1.313676000000000000e+06
1.094868000000000000e+06
1.218432000000000000e+06
4.019060000000000000e+05
1.005697000000000000e+06
1.103357000000000000e+06
3.784740000000000000e+05
3.878170000000000000e+05
1.339345000000000000e+06
9.214500000000000000e+04
1.248290000000000000e+06
1.086620000000000000e+06
3.391680000000000000e+05
4.492490000000000000e+05
8.570920000000000000e+05
7.873240000000000000e+05
1.132985000000000000e+06
9.456890000000000000e+05
1.805922000000000000e+06
1.406383000000000000e+06
3.845000000000000000e+04
3.898900000000000000e+05
9.355240000000000000e+05
3.946150000000000000e+05
1.231861000000000000e+06
1.152340000000000000e+06
9.297940000000000000e+05
1.025893000000000000e+06
6.586680000000000000e+05
7.279670000000000000e+05
3.452740000000000000e+05
1.025167000000000000e+06
1.058330000000000000e+06
7.643170000000000000e+05
1.766138000000000000e+06
7.118820000000000000e+05
9.102830000000000000e+05
1.666160000000000000e+06
1.301061000000000000e+06
9.598490000000000000e+05
1.008197000000000000e+06
4.483770000000000000e+05
8.166060000000000000e+05
1.135733000000000000e+06
5.794920000000000000e+05
9.802200000000000000e+05
6.888260000000000000e+05
1.180890000000000000e+05
1.342540000000000000e+06
1.152367000000000000e+06
4.506680000000000000e+05
1.767231000000000000e+06
3.828470000000000000e+05
1.733409000000000000e+06
4.636760000000000000e+05
1.457306000000000000e+06
1.069421000000000000e+06
7.271580000000000000e+05
4.283710000000000000e+05
9.254370000000000000e+05
1.441649000000000000e+06
1.730004000000000000e+06
1.412852000000000000e+06
3.516470000000000000e+05
3.115700000000000000e+05
1.348418000000000000e+06
2.415160000000000000e+05
8.417800000000000000e+04
4.740210000000000000e+05
1.404767000000000000e+06
1.339482000000000000e+06
1.204680000000000000e+05
1.262171000000000000e+06
1.153472000000000000e+06
8.283300000000000000e+05
8.628840000000000000e+05
1.117024000000000000e+06
1.223561000000000000e+06
1.065128000000000000e+06
7.285260000000000000e+05
4.770040000000000000e+05
1.160916000000000000e+06
3.397110000000000000e+05
5.796330000000000000e+05
7.391210000000000000e+05
8.578100000000000000e+05
7.865460000000000000e+05
9.656080000000000000e+05
1.134069000000000000e+06
1.150662000000000000e+06
7.353550000000000000e+05
1.215307000000000000e+06
3.828050000000000000e+05
1.737249000000000000e+06
3.366150000000000000e+05
1.153677000000000000e+06
1.131689000000000000e+06
4.475150000000000000e+05
1.087131000000000000e+06
7.570750000000000000e+05
7.152550000000000000e+05
1.081022000000000000e+06
1.337467000000000000e+06
1.256729000000000000e+06
4.697120000000000000e+05
8.845100000000000000e+04
1.100609000000000000e+06
6.985010000000000000e+05
1.443341000000000000e+06
1.767326000000000000e+06
1.153438000000000000e+06
1.097681000000000000e+06
1.060836000000000000e+06
5.592690000000000000e+05
9.385800000000000000e+04
4.007600000000000000e+05
9.123830000000000000e+05
1.347958000000000000e+06
1.264259000000000000e+06
9.362600000000000000e+04
7.167590000000000000e+05
9.594110000000000000e+05
1.417325000000000000e+06
1.550536000000000000e+06
1.778347000000000000e+06
7.560190000000000000e+05
1.549034000000000000e+06
1.145560000000000000e+06
1.244597000000000000e+06
1.085670000000000000e+06
1.015676000000000000e+06
1.460942000000000000e+06
1.384386000000000000e+06
4.753660000000000000e+05
1.855620000000000000e+06
6.553340000000000000e+05
1.833988000000000000e+06
1.074178000000000000e+06
8.925620000000000000e+05
1.218038000000000000e+06
6.701230000000000000e+05
1.150600000000000000e+06
9.659170000000000000e+05
1.549139000000000000e+06
1.208610000000000000e+06
1.638911000000000000e+06
1.631714000000000000e+06
9.022970000000000000e+05
3.459160000000000000e+05
7.225520000000000000e+05
4.226140000000000000e+05
5.195680000000000000e+05
9.162220000000000000e+05
1.087289000000000000e+06
1.727307000000000000e+06
9.000040000000000000e+05
1.082562000000000000e+06
1.031351000000000000e+06
3.520820000000000000e+05
6.750720000000000000e+05
1.770740000000000000e+05
1.270080000000000000e+06
3.861010000000000000e+05
5.242900000000000000e+05
1.221364000000000000e+06
7.576260000000000000e+05
1.554384000000000000e+06
1.753027000000000000e+06
1.488491000000000000e+06
1.245009000000000000e+06
8.514420000000000000e+05
7.967100000000000000e+05
4.004380000000000000e+05
1.637534000000000000e+06
1.329216000000000000e+06
9.535120000000000000e+05
1.708760000000000000e+06
1.029630000000000000e+06
1.456706000000000000e+06
9.283430000000000000e+05
1.119698000000000000e+06
1.025480000000000000e+06
1.112251000000000000e+06
1.422109000000000000e+06
9.325800000000000000e+04
6.627130000000000000e+05
1.342199000000000000e+06
1.024020000000000000e+06
1.261999000000000000e+06
1.461765000000000000e+06
7.354800000000000000e+05
1.731089000000000000e+06
1.100572000000000000e+06
3.349780000000000000e+05
1.256693000000000000e+06
6.211770000000000000e+05
4.126890000000000000e+05
1.778428000000000000e+06
5.235240000000000000e+05
1.555308000000000000e+06
3.423830000000000000e+05
6.503950000000000000e+05
1.837314000000000000e+06
8.859770000000000000e+05
1.075029000000000000e+06
1.097807000000000000e+06
1.552944000000000000e+06
5.451280000000000000e+05
1.055004000000000000e+06
3.917360000000000000e+05
1.385031000000000000e+06
1.724220000000000000e+05
7.886610000000000000e+05
1.007600000000000000e+06
1.183751000000000000e+06
9.241780000000000000e+05
1.412136000000000000e+06
8.985120000000000000e+05
7.274500000000000000e+05
8.094200000000000000e+04
1.383569000000000000e+06
6.314780000000000000e+05
3.393700000000000000e+05
1.028773000000000000e+06
3.989100000000000000e+05
6.943640000000000000e+05
9.202190000000000000e+05
1.030357000000000000e+06
1.223950000000000000e+06
1.767525000000000000e+06
2.891580000000000000e+05
8.967120000000000000e+05
6.191130000000000000e+05
6.250720000000000000e+05
9.437370000000000000e+05
1.297690000000000000e+05
1.422508000000000000e+06
1.810385000000000000e+06
1.729924000000000000e+06
8.736160000000000000e+05
1.267301000000000000e+06
3.842760000000000000e+05
1.217754000000000000e+06
7.264550000000000000e+05
5.004530000000000000e+05
9.269270000000000000e+05
3.692940000000000000e+05
1.461266000000000000e+06
7.104370000000000000e+05
6.703680000000000000e+05
9.534030000000000000e+05
9.425430000000000000e+05
5.564210000000000000e+05
1.349790000000000000e+05
1.085671000000000000e+06
8.971580000000000000e+05
1.242763000000000000e+06
3.044600000000000000e+04
1.631979000000000000e+06
2.747140000000000000e+05
1.460615000000000000e+06
8.945410000000000000e+05
1.723602000000000000e+06
5.169700000000000000e+05
9.422600000000000000e+04
1.209496000000000000e+06
9.959770000000000000e+05
4.382440000000000000e+05
7.240000000000000000e+05
4.004700000000000000e+05
3.243310000000000000e+05
6.099400000000000000e+05
7.851000000000000000e+03
1.441544000000000000e+06
7.045610000000000000e+05
7.170740000000000000e+05
8.918500000000000000e+04
1.427063000000000000e+06
6.156000000000000000e+03
1.119983000000000000e+06
1.673882000000000000e+06
1.325021000000000000e+06
1.849348000000000000e+06
1.656794000000000000e+06
1.433754000000000000e+06
1.804607000000000000e+06
1.382940000000000000e+06
1.091048000000000000e+06
1.758047000000000000e+06
6.855590000000000000e+05
1.276661000000000000e+06
6.738000000000000000e+03
1.778675000000000000e+06
1.213792000000000000e+06
1.489638000000000000e+06
9.060150000000000000e+05
4.502650000000000000e+05
1.108714000000000000e+06
1.349390000000000000e+05
6.975290000000000000e+05
1.415909000000000000e+06
1.192480000000000000e+05
4.158960000000000000e+05
1.194925000000000000e+06
2.944140000000000000e+05
7.608000000000000000e+03
1.496982000000000000e+06
1.667341000000000000e+06
1.668112000000000000e+06
1.031048000000000000e+06
3.990500000000000000e+05
9.579150000000000000e+05
1.333010000000000000e+06
7.033940000000000000e+05
1.379057000000000000e+06
4.429430000000000000e+05
1.816452000000000000e+06
7.799290000000000000e+05
8.227350000000000000e+05
9.500970000000000000e+05
1.469666000000000000e+06
1.189282000000000000e+06
1.199040000000000000e+06
1.633904000000000000e+06
1.136787000000000000e+06
7.249530000000000000e+05
5.255340000000000000e+05
1.208386000000000000e+06
1.371635000000000000e+06
3.785650000000000000e+05
4.299020000000000000e+05
4.668030000000000000e+05
1.206343000000000000e+06
1.809548000000000000e+06
1.507645000000000000e+06
3.437490000000000000e+05
1.147567000000000000e+06
1.462679000000000000e+06
1.422843000000000000e+06
6.966800000000000000e+04
4.287860000000000000e+05
9.258130000000000000e+05
9.556580000000000000e+05
5.988960000000000000e+05
1.409683000000000000e+06
3.877780000000000000e+05
4.653530000000000000e+05
1.342248000000000000e+06
1.830818000000000000e+06
1.096940000000000000e+06
3.751380000000000000e+05
1.465963000000000000e+06
8.563530000000000000e+05
1.443209000000000000e+06
4.533340000000000000e+05
1.413186000000000000e+06
9.303200000000000000e+04
1.175125000000000000e+06
1.451353000000000000e+06
1.199829000000000000e+06
1.532048000000000000e+06
1.251510000000000000e+06
1.026509000000000000e+06
1.070871000000000000e+06
9.336680000000000000e+05
6.999860000000000000e+05
3.888220000000000000e+05
1.033552000000000000e+06
4.641330000000000000e+05
1.743230000000000000e+05
5.879700000000000000e+05
1.760657000000000000e+06
1.214129000000000000e+06
1.242646000000000000e+06
3.704030000000000000e+05
1.298106000000000000e+06
5.988740000000000000e+05
7.880460000000000000e+05
3.857360000000000000e+05
7.049000000000000000e+05
1.438523000000000000e+06
4.006260000000000000e+05
5.013270000000000000e+05
5.972490000000000000e+05
1.549217000000000000e+06
1.081385000000000000e+06
6.826500000000000000e+05
2.998010000000000000e+05
3.535420000000000000e+05
1.727869000000000000e+06
1.389308000000000000e+06
1.259023000000000000e+06
1.314173000000000000e+06
3.866690000000000000e+05
1.632906000000000000e+06
4.502490000000000000e+05
4.018800000000000000e+05
9.757320000000000000e+05
7.839700000000000000e+04
9.401480000000000000e+05
1.836338000000000000e+06
7.063580000000000000e+05
9.347300000000000000e+05
1.265930000000000000e+05
7.196150000000000000e+05
7.377160000000000000e+05
1.218141000000000000e+06
1.221631000000000000e+06
1.636980000000000000e+06
1.333299000000000000e+06
1.565701000000000000e+06
5.311960000000000000e+05
7.496820000000000000e+05
1.391170000000000000e+05
3.410720000000000000e+05
4.867520000000000000e+05
1.736484000000000000e+06
4.602000000000000000e+05
1.457165000000000000e+06
1.711240000000000000e+05
6.619570000000000000e+05
1.286191000000000000e+06
1.011557000000000000e+06
1.097710000000000000e+06
3.721000000000000000e+05
1.594838000000000000e+06
1.782250000000000000e+05
4.510580000000000000e+05
1.750458000000000000e+06
9.313990000000000000e+05
9.857500000000000000e+04
1.219137000000000000e+06
1.320389000000000000e+06
1.767504000000000000e+06
1.843045000000000000e+06
3.015350000000000000e+05
8.650600000000000000e+04
3.303990000000000000e+05
1.231636000000000000e+06
1.102897000000000000e+06
2.292300000000000000e+04
8.810300000000000000e+04
1.769350000000000000e+05
1.354696000000000000e+06
1.602241000000000000e+06
1.409933000000000000e+06
1.296777000000000000e+06
7.048010000000000000e+05
1.058240000000000000e+06
1.833190000000000000e+06
9.592970000000000000e+05
1.139540000000000000e+06
1.115481000000000000e+06
1.055541000000000000e+06
3.012630000000000000e+05
4.868810000000000000e+05
7.038830000000000000e+05
4.476090000000000000e+05
1.123494000000000000e+06
1.115989000000000000e+06
1.165690000000000000e+05
1.766165000000000000e+06
1.674110000000000000e+06
1.552894000000000000e+06
1.282323000000000000e+06
9.383030000000000000e+05
1.220401000000000000e+06
4.564390000000000000e+05
1.457526000000000000e+06
1.807282000000000000e+06
1.294691000000000000e+06
1.219289000000000000e+06
1.521210000000000000e+06
1.340490000000000000e+05
1.157636000000000000e+06
8.673500000000000000e+04
1.529461000000000000e+06
1.174632000000000000e+06
1.136058000000000000e+06
1.058318000000000000e+06
1.161101000000000000e+06
1.073100000000000000e+05
4.639500000000000000e+05
8.283690000000000000e+05
1.145537000000000000e+06
1.127568000000000000e+06
9.957740000000000000e+05
7.053010000000000000e+05
7.244560000000000000e+05
1.044603000000000000e+06
6.119260000000000000e+05
1.447024000000000000e+06
1.772322000000000000e+06
6.398530000000000000e+05
1.129348000000000000e+06
1.217804000000000000e+06
1.507199000000000000e+06
5.189220000000000000e+05
1.718400000000000000e+05
1.368840000000000000e+05
8.891170000000000000e+05
1.161428000000000000e+06
1.288052000000000000e+06
1.084957000000000000e+06
1.213682000000000000e+06
1.549468000000000000e+06
1.307683000000000000e+06
1.209137000000000000e+06
1.607982000000000000e+06
1.230633000000000000e+06
9.360260000000000000e+05
9.936180000000000000e+05
3.471500000000000000e+04
1.139557000000000000e+06
1.028611000000000000e+06
1.766612000000000000e+06
4.426530000000000000e+05
3.284550000000000000e+05
1.093180000000000000e+06
1.414695000000000000e+06
1.805133000000000000e+06
4.398240000000000000e+05
1.253187000000000000e+06
1.343633000000000000e+06
6.745180000000000000e+05
1.290121000000000000e+06
5.713850000000000000e+05
2.912320000000000000e+05
1.338436000000000000e+06
3.887580000000000000e+05
1.129700000000000000e+06
6.955290000000000000e+05
1.150904000000000000e+06
6.675400000000000000e+05
1.186049000000000000e+06
1.194417000000000000e+06
9.474760000000000000e+05
1.042494000000000000e+06
1.838548000000000000e+06
5.876130000000000000e+05
1.555841000000000000e+06
1.349130000000000000e+05
3.731000000000000000e+04
1.196279000000000000e+06
1.357826000000000000e+06
1.400072000000000000e+06
4.961130000000000000e+05
1.068252000000000000e+06
1.113709000000000000e+06
1.453767000000000000e+06
3.375580000000000000e+05
1.396579000000000000e+06
1.058437000000000000e+06
2.939790000000000000e+05
1.492769000000000000e+06
1.103225000000000000e+06
1.287370000000000000e+06
1.215953000000000000e+06
6.511330000000000000e+05
1.270251000000000000e+06
6.564000000000000000e+03
2.907690000000000000e+05
4.701780000000000000e+05
1.779078000000000000e+06
1.082903000000000000e+06
3.512020000000000000e+05
7.075200000000000000e+04
1.305546000000000000e+06
5.605140000000000000e+05
1.694748000000000000e+06
1.707156000000000000e+06
1.211192000000000000e+06
7.048890000000000000e+05
1.432034000000000000e+06
4.609870000000000000e+05
3.274100000000000000e+05
9.597800000000000000e+04
1.403430000000000000e+06
1.441136000000000000e+06
1.207590000000000000e+06
4.498830000000000000e+05
3.189400000000000000e+04
7.992900000000000000e+04
1.283090000000000000e+05
1.640757000000000000e+06
5.879670000000000000e+05
1.199400000000000000e+06
1.213540000000000000e+06
1.537919000000000000e+06
3.933840000000000000e+05
7.232890000000000000e+05
1.100966000000000000e+06
1.639944000000000000e+06
2.854760000000000000e+05
1.854121000000000000e+06
1.194559000000000000e+06
1.722929000000000000e+06
1.854506000000000000e+06
7.292280000000000000e+05
1.766164000000000000e+06
1.461856000000000000e+06
1.756900000000000000e+06
4.777470000000000000e+05
5.172150000000000000e+05
2.302900000000000000e+04
4.959400000000000000e+05
1.254174000000000000e+06
1.799521000000000000e+06
2.224400000000000000e+04
7.601540000000000000e+05
1.244640000000000000e+05
1.588123000000000000e+06
9.914600000000000000e+04
1.075208000000000000e+06
1.082905000000000000e+06
1.723167000000000000e+06
1.136352000000000000e+06
1.278780000000000000e+06
1.710790000000000000e+05
4.744840000000000000e+05
7.169660000000000000e+05
1.494733000000000000e+06
1.514544000000000000e+06
7.780690000000000000e+05
1.553555000000000000e+06
7.246330000000000000e+05
3.323960000000000000e+05
7.412230000000000000e+05
5.968530000000000000e+05
5.787250000000000000e+05
1.709360000000000000e+05
7.167700000000000000e+05
1.216384000000000000e+06
1.083452000000000000e+06
1.994480000000000000e+05
1.456109000000000000e+06
7.663700000000000000e+04
1.254022000000000000e+06
1.440134000000000000e+06
4.196300000000000000e+04
1.027850000000000000e+06
4.240900000000000000e+04
6.819990000000000000e+05
1.328007000000000000e+06
6.685830000000000000e+05
1.642776000000000000e+06
1.556015000000000000e+06
1.761832000000000000e+06
3.290510000000000000e+05
1.094227000000000000e+06
9.323870000000000000e+05
2.406380000000000000e+05
1.451257000000000000e+06
1.433928000000000000e+06
3.823510000000000000e+05
1.546732000000000000e+06
1.836851000000000000e+06
1.271401000000000000e+06
2.782800000000000000e+05
1.206668000000000000e+06
1.078607000000000000e+06
1.095933000000000000e+06
9.600950000000000000e+05
1.839292000000000000e+06
1.771240000000000000e+05
1.074294000000000000e+06
5.568700000000000000e+04
1.795083000000000000e+06
3.829110000000000000e+05
2.251700000000000000e+04
1.060666000000000000e+06
7.172670000000000000e+05
1.229370000000000000e+05
1.483199000000000000e+06
1.642708000000000000e+06
3.061510000000000000e+05
6.868680000000000000e+05
2.517440000000000000e+05
1.337095000000000000e+06
1.624345000000000000e+06
1.309480000000000000e+06
7.314780000000000000e+05
1.148200000000000000e+05
1.519974000000000000e+06
4.876270000000000000e+05
1.164813000000000000e+06
1.548699000000000000e+06
2.075850000000000000e+05
1.101033000000000000e+06
1.268204000000000000e+06
1.379016000000000000e+06
1.969760000000000000e+05
4.768290000000000000e+05
1.458969000000000000e+06
6.167820000000000000e+05
9.316740000000000000e+05
5.368150000000000000e+05
7.349650000000000000e+05
1.765546000000000000e+06
4.010610000000000000e+05
1.343120000000000000e+05
4.735670000000000000e+05
9.498630000000000000e+05
2.469200000000000000e+04
3.292770000000000000e+05
3.821900000000000000e+04
1.612573000000000000e+06
1.099281000000000000e+06
1.519869000000000000e+06
4.387350000000000000e+05
1.455257000000000000e+06
1.492090000000000000e+05
1.321000000000000000e+06
1.215172000000000000e+06
1.217647000000000000e+06
8.283500000000000000e+04
1.856161000000000000e+06
7.535350000000000000e+05
1.483774000000000000e+06
1.377605000000000000e+06
1.200382000000000000e+06
1.214182000000000000e+06
3.877410000000000000e+05
1.636740000000000000e+05
1.453521000000000000e+06
1.248182000000000000e+06
9.549950000000000000e+05
1.726888000000000000e+06
1.935360000000000000e+05
7.184760000000000000e+05
1.476141000000000000e+06
1.209791000000000000e+06
6.217270000000000000e+05
2.654600000000000000e+04
4.065680000000000000e+05
5.974100000000000000e+05
1.112359000000000000e+06
9.162060000000000000e+05
1.377152000000000000e+06
6.878400000000000000e+04
1.194582000000000000e+06
1.276844000000000000e+06
1.073899000000000000e+06
5.865740000000000000e+05
1.115040000000000000e+06
1.439449000000000000e+06
1.631416000000000000e+06
1.064978000000000000e+06
3.826840000000000000e+05
1.600594000000000000e+06
1.452450000000000000e+06
1.059400000000000000e+06
1.224059000000000000e+06
2.680110000000000000e+05
5.241240000000000000e+05
3.843860000000000000e+05
3.152530000000000000e+05
1.149438000000000000e+06
1.637348000000000000e+06
4.737900000000000000e+04
1.087430000000000000e+06
1.117387000000000000e+06
7.977340000000000000e+05
7.149090000000000000e+05
3.769610000000000000e+05
5.249860000000000000e+05
1.555322000000000000e+06
1.767355000000000000e+06
7.056630000000000000e+05
1.577557000000000000e+06
7.356690000000000000e+05
1.755705000000000000e+06
4.181820000000000000e+05
5.549200000000000000e+05
4.592000000000000000e+03
5.770110000000000000e+05
1.626360000000000000e+05
1.852374000000000000e+06
9.912730000000000000e+05
1.057282000000000000e+06
1.195285000000000000e+06
6.185980000000000000e+05
5.844790000000000000e+05
1.161344000000000000e+06
4.146450000000000000e+05
5.231480000000000000e+05
1.655880000000000000e+06
1.221539000000000000e+06
1.554117000000000000e+06
1.666783000000000000e+06
1.146313000000000000e+06
1.974010000000000000e+05
2.451890000000000000e+05
1.760704000000000000e+06
7.784560000000000000e+05
9.029480000000000000e+05
7.426120000000000000e+05
7.099970000000000000e+05
1.840756000000000000e+06
1.450566000000000000e+06
1.794790000000000000e+06
1.165702000000000000e+06
1.211356000000000000e+06
1.207782000000000000e+06
6.378080000000000000e+05
1.768708000000000000e+06
7.135930000000000000e+05
1.157290000000000000e+06
5.602890000000000000e+05
1.203386000000000000e+06
1.548252000000000000e+06
1.625375000000000000e+06
1.059129000000000000e+06
1.335181000000000000e+06
1.215683000000000000e+06
9.427300000000000000e+05
7.662760000000000000e+05
1.442619000000000000e+06
5.827010000000000000e+05
3.847660000000000000e+05
1.565494000000000000e+06
1.417210000000000000e+06
1.095297000000000000e+06
9.299690000000000000e+05
1.624514000000000000e+06
1.189020000000000000e+05
1.112873000000000000e+06
5.100770000000000000e+05
4.860580000000000000e+05
1.028496000000000000e+06
1.106659000000000000e+06
1.758966000000000000e+06
4.057430000000000000e+05
1.062770000000000000e+06
5.840130000000000000e+05
1.339580000000000000e+06
4.204020000000000000e+05
1.019070000000000000e+06
6.605120000000000000e+05
1.111324000000000000e+06
1.328913000000000000e+06
1.095354000000000000e+06
1.043402000000000000e+06
3.830550000000000000e+05
3.613220000000000000e+05
1.756539000000000000e+06
2.442500000000000000e+04
6.976740000000000000e+05
1.535616000000000000e+06
1.259971000000000000e+06
1.676410000000000000e+05
9.698150000000000000e+05
2.231300000000000000e+04
9.238250000000000000e+05
1.361862000000000000e+06
1.288830000000000000e+05
4.792700000000000000e+04
3.039600000000000000e+04
1.224980000000000000e+06
1.116458000000000000e+06
1.284753000000000000e+06
5.238500000000000000e+05
1.451480000000000000e+06
2.009000000000000000e+03
1.247934000000000000e+06
1.074600000000000000e+06
5.424840000000000000e+05
4.083090000000000000e+05
1.414480000000000000e+05
9.118090000000000000e+05
1.131649000000000000e+06
1.667508000000000000e+06
5.213090000000000000e+05
5.970580000000000000e+05
6.169330000000000000e+05
9.311530000000000000e+05
9.263530000000000000e+05
1.834868000000000000e+06
3.491660000000000000e+05
1.352626000000000000e+06
1.335614000000000000e+06
1.778920000000000000e+05
1.706545000000000000e+06
4.647690000000000000e+05
1.848307000000000000e+06
9.781000000000000000e+03
1.360130000000000000e+05
1.455788000000000000e+06
2.384040000000000000e+05
4.262100000000000000e+05
1.086938000000000000e+06
1.220504000000000000e+06
1.250595000000000000e+06
3.119390000000000000e+05
5.856740000000000000e+05
5.168630000000000000e+05
3.481140000000000000e+05
5.311500000000000000e+05
1.343902000000000000e+06
1.811071000000000000e+06
1.556592000000000000e+06
1.626157000000000000e+06
1.438916000000000000e+06
2.155790000000000000e+05
1.053464000000000000e+06
1.085297000000000000e+06
1.010917000000000000e+06
1.143649000000000000e+06
1.197322000000000000e+06
1.071544000000000000e+06
1.347311000000000000e+06
8.983950000000000000e+05
4.619370000000000000e+05
9.284460000000000000e+05
1.556153000000000000e+06
4.437030000000000000e+05
1.212234000000000000e+06
1.451166000000000000e+06
3.226670000000000000e+05
3.738620000000000000e+05
6.951670000000000000e+05
7.834600000000000000e+04
1.115404000000000000e+06
6.641550000000000000e+05
2.522960000000000000e+05
1.571980000000000000e+05
1.656890000000000000e+06
1.731859000000000000e+06
4.118550000000000000e+05
1.054213000000000000e+06
3.883470000000000000e+05
6.899100000000000000e+04
8.963950000000000000e+05
4.849720000000000000e+05
1.261199000000000000e+06
1.385727000000000000e+06
1.151391000000000000e+06
3.679380000000000000e+05
1.083590000000000000e+05
1.163947000000000000e+06
5.249780000000000000e+05
1.297662000000000000e+06
6.397840000000000000e+05
1.075053000000000000e+06
1.333933000000000000e+06
1.433711000000000000e+06
1.150283000000000000e+06
1.202436000000000000e+06
4.382610000000000000e+05
5.570410000000000000e+05
1.275786000000000000e+06
1.493450000000000000e+05
1.243813000000000000e+06
1.140019000000000000e+06
1.764123000000000000e+06
1.848193000000000000e+06
1.807742000000000000e+06
2.000000000000000000e+02
1.570160000000000000e+05
1.585913000000000000e+06
1.158845000000000000e+06
3.334040000000000000e+05
1.087031000000000000e+06
2.433390000000000000e+05
1.597720000000000000e+05
1.416382000000000000e+06
1.814617000000000000e+06
9.039330000000000000e+05
1.057535000000000000e+06
1.165058000000000000e+06
1.103525000000000000e+06
4.751100000000000000e+04
7.874100000000000000e+04
1.491103000000000000e+06
1.591437000000000000e+06
1.224609000000000000e+06
1.749505000000000000e+06
6.555350000000000000e+05
5.677590000000000000e+05
5.142080000000000000e+05
1.709740000000000000e+05
1.679000000000000000e+04
4.470640000000000000e+05
1.589146000000000000e+06
4.666950000000000000e+05
1.833875000000000000e+06
1.324786000000000000e+06
1.043054000000000000e+06
1.733900000000000000e+05
1.335717000000000000e+06
1.130702000000000000e+06
1.805200000000000000e+06
2.740190000000000000e+05
1.393852000000000000e+06
1.231696000000000000e+06
9.259300000000000000e+04
1.640432000000000000e+06
1.574274000000000000e+06
1.483659000000000000e+06
8.941000000000000000e+04
1.821733000000000000e+06
1.850384000000000000e+06
1.089228000000000000e+06
5.793950000000000000e+05
4.540840000000000000e+05
1.749796000000000000e+06
1.140591000000000000e+06
1.793290000000000000e+05
8.913200000000000000e+04
1.419924000000000000e+06
9.271100000000000000e+05
1.433625000000000000e+06
7.241010000000000000e+05
1.099919000000000000e+06
1.744128000000000000e+06
1.849301000000000000e+06
3.876150000000000000e+05
7.206240000000000000e+05
1.339915000000000000e+06
1.064073000000000000e+06
1.253129000000000000e+06
1.801273000000000000e+06
1.756464000000000000e+06
2.065830000000000000e+05
1.272102000000000000e+06
4.535660000000000000e+05
5.190390000000000000e+05
1.288723000000000000e+06
1.631563000000000000e+06
1.691409000000000000e+06
1.418984000000000000e+06
1.417620000000000000e+05
1.243154000000000000e+06
7.554700000000000000e+04
9.345500000000000000e+04
1.208608000000000000e+06
7.043770000000000000e+05
1.212920000000000000e+06
2.416260000000000000e+05
1.766779000000000000e+06
1.340684000000000000e+06
1.651447000000000000e+06
1.460114000000000000e+06
3.518730000000000000e+05
5.205470000000000000e+05
3.460000000000000000e+04
9.770090000000000000e+05
1.044563000000000000e+06
3.154480000000000000e+05
9.122050000000000000e+05
7.003680000000000000e+05
5.092140000000000000e+05
1.828380000000000000e+06
1.428238000000000000e+06
1.633207000000000000e+06
9.799680000000000000e+05
1.082962000000000000e+06
1.279524000000000000e+06
1.556356000000000000e+06
1.806304000000000000e+06
1.605080000000000000e+05
1.166165000000000000e+06
6.853300000000000000e+05
2.966270000000000000e+05
6.878430000000000000e+05
1.383753000000000000e+06
3.783860000000000000e+05
1.228996000000000000e+06
1.284005000000000000e+06
1.335973000000000000e+06
5.948450000000000000e+05
6.639730000000000000e+05
4.141410000000000000e+05
4.382190000000000000e+05
1.732196000000000000e+06
9.057050000000000000e+05
8.677770000000000000e+05
1.163820000000000000e+06
1.125213000000000000e+06
4.677000000000000000e+03
3.406060000000000000e+05
4.517760000000000000e+05
1.075785000000000000e+06
2.194500000000000000e+04
1.348385000000000000e+06
1.162295000000000000e+06
1.274104000000000000e+06
1.756080000000000000e+06
3.260560000000000000e+05
1.894470000000000000e+05
7.051390000000000000e+05
4.816970000000000000e+05
1.298352000000000000e+06
1.334560000000000000e+06
1.571292000000000000e+06
5.853590000000000000e+05
4.971600000000000000e+05
7.221200000000000000e+04
2.668250000000000000e+05
1.222865000000000000e+06
1.726999000000000000e+06
1.156635000000000000e+06
7.168720000000000000e+05
1.204614000000000000e+06
1.553681000000000000e+06
1.653130000000000000e+06
6.859300000000000000e+05
1.786700000000000000e+05
1.083587000000000000e+06
1.190638000000000000e+06
1.275490000000000000e+05
4.644970000000000000e+05
3.509250000000000000e+05
1.122722000000000000e+06
6.934440000000000000e+05
1.634038000000000000e+06
3.301600000000000000e+05
5.466370000000000000e+05
1.549410000000000000e+06
1.743156000000000000e+06
1.697545000000000000e+06
4.436860000000000000e+05
4.152230000000000000e+05
3.011800000000000000e+04
1.385223000000000000e+06
1.331843000000000000e+06
7.149020000000000000e+05
1.232265000000000000e+06
1.673190000000000000e+06
1.672890000000000000e+05
1.271071000000000000e+06
1.561520000000000000e+05
6.170160000000000000e+05
4.399570000000000000e+05
1.105236000000000000e+06
1.385532000000000000e+06
1.683248000000000000e+06
1.156315000000000000e+06
2.911940000000000000e+05
5.394070000000000000e+05
3.069900000000000000e+04
1.578045000000000000e+06
1.373873000000000000e+06
8.264000000000000000e+03
5.724190000000000000e+05
1.086993000000000000e+06
9.166440000000000000e+05
3.444760000000000000e+05
4.424360000000000000e+05
1.082143000000000000e+06
3.707040000000000000e+05
2.246000000000000000e+03
6.872780000000000000e+05
1.452270000000000000e+06
1.256459000000000000e+06
3.277860000000000000e+05
2.706270000000000000e+05
9.132910000000000000e+05
3.611960000000000000e+05
8.302000000000000000e+04
4.280420000000000000e+05
1.264498000000000000e+06
1.224206000000000000e+06
1.415210000000000000e+05
1.135169000000000000e+06
6.823400000000000000e+05
1.363720000000000000e+05
7.221440000000000000e+05
1.751303000000000000e+06
1.554337000000000000e+06
1.806994000000000000e+06
1.138251000000000000e+06
1.032623000000000000e+06
4.018050000000000000e+05
4.116670000000000000e+05
3.748970000000000000e+05
1.152084000000000000e+06
1.807695000000000000e+06
1.622698000000000000e+06
1.085866000000000000e+06
1.175568000000000000e+06
1.297010000000000000e+05
1.731561000000000000e+06
1.473508000000000000e+06
3.008410000000000000e+05
1.650105000000000000e+06
1.488969000000000000e+06
1.295305000000000000e+06
6.259310000000000000e+05
1.851349000000000000e+06
1.206402000000000000e+06
1.246435000000000000e+06
1.136150000000000000e+05
1.516332000000000000e+06
1.425130000000000000e+05
1.297058000000000000e+06
5.327320000000000000e+05
1.356185000000000000e+06
1.103388000000000000e+06
1.276907000000000000e+06
5.050390000000000000e+05
1.607350000000000000e+06
1.069430000000000000e+05
1.489710000000000000e+06
1.409680000000000000e+06
1.320812000000000000e+06
1.226003000000000000e+06
1.902270000000000000e+05
1.088097000000000000e+06
1.689204000000000000e+06
1.372350000000000000e+05
2.268580000000000000e+05
9.941640000000000000e+05
1.767039000000000000e+06
5.007740000000000000e+05
1.494816000000000000e+06
9.125060000000000000e+05
1.491451000000000000e+06
9.506700000000000000e+04
1.463188000000000000e+06
1.444565000000000000e+06
2.939080000000000000e+05
8.580300000000000000e+04
1.874750000000000000e+05
1.630769000000000000e+06
1.849920000000000000e+05
1.514443000000000000e+06
1.525622000000000000e+06
1.747226000000000000e+06
2.472200000000000000e+04
1.037789000000000000e+06
1.727594000000000000e+06
1.212616000000000000e+06
1.186141000000000000e+06
1.295076000000000000e+06
1.523347000000000000e+06
1.140607000000000000e+06
1.639104000000000000e+06
9.136520000000000000e+05
1.474684000000000000e+06
1.082746000000000000e+06
1.068442000000000000e+06
3.541610000000000000e+05
3.106420000000000000e+05
3.804860000000000000e+05
1.143323000000000000e+06
1.176791000000000000e+06
1.786666000000000000e+06
9.578930000000000000e+05
5.699570000000000000e+05
1.746545000000000000e+06
1.660516000000000000e+06
5.053960000000000000e+05
1.563197000000000000e+06
9.655800000000000000e+04
7.009800000000000000e+04
6.631090000000000000e+05
2.403730000000000000e+05
1.809416000000000000e+06
1.123110000000000000e+05
5.151000000000000000e+05
5.204950000000000000e+05
1.809707000000000000e+06
3.090800000000000000e+05
1.020094000000000000e+06
5.908880000000000000e+05
2.133280000000000000e+05
1.762829000000000000e+06
1.933340000000000000e+05
1.568546000000000000e+06
1.805792000000000000e+06
8.684000000000000000e+03
1.215359000000000000e+06
6.630400000000000000e+05
1.303670000000000000e+05
1.060987000000000000e+06
1.088902000000000000e+06
1.346413000000000000e+06
3.200970000000000000e+05
9.340210000000000000e+05
3.319070000000000000e+05
1.433764000000000000e+06
1.513093000000000000e+06
7.185500000000000000e+05
1.709170000000000000e+05
1.413140000000000000e+05
5.897710000000000000e+05
9.936370000000000000e+05
1.321794000000000000e+06
1.148283000000000000e+06
1.415049000000000000e+06
2.578600000000000000e+04
1.433446000000000000e+06
2.062240000000000000e+05
1.069149000000000000e+06
2.327370000000000000e+05
1.138246000000000000e+06
7.082590000000000000e+05
1.495234000000000000e+06
1.380760000000000000e+06
1.316070000000000000e+06
