8.522010000000000000e+05
7.768150000000000000e+05
9.660730000000000000e+05
8.225020000000000000e+05
8.824500000000000000e+05
1.216610000000000000e+06
8.722840000000000000e+05
8.142500000000000000e+05
8.333580000000000000e+05
7.952630000000000000e+05
8.634340000000000000e+05
7.548890000000000000e+05
9.897770000000000000e+05
1.099836000000000000e+06
8.458600000000000000e+05
8.059420000000000000e+05
8.300950000000000000e+05
9.622880000000000000e+05
7.814110000000000000e+05
7.729720000000000000e+05
8.846960000000000000e+05
9.556740000000000000e+05
9.355370000000000000e+05
9.924350000000000000e+05
9.726150000000000000e+05
8.627100000000000000e+05
8.004470000000000000e+05
7.555330000000000000e+05
7.664370000000000000e+05
8.812880000000000000e+05
1.062116000000000000e+06
3.862980000000000000e+05
1.333849000000000000e+06
8.943470000000000000e+05
8.942320000000000000e+05
1.044652000000000000e+06
9.412480000000000000e+05
7.550780000000000000e+05
9.603130000000000000e+05
9.763870000000000000e+05
9.338100000000000000e+04
1.552978000000000000e+06
8.947660000000000000e+05
8.961160000000000000e+05
9.374640000000000000e+05
8.933330000000000000e+05
4.483230000000000000e+05
8.875400000000000000e+05
1.216847000000000000e+06
8.979030000000000000e+05
1.350960000000000000e+05
4.007830000000000000e+05
8.649320000000000000e+05
7.613700000000000000e+05
7.908550000000000000e+05
3.349690000000000000e+05
7.512530000000000000e+05
1.806403000000000000e+06
8.653370000000000000e+05
7.662950000000000000e+05
9.957170000000000000e+05
9.520190000000000000e+05
9.698490000000000000e+05
7.555310000000000000e+05
8.319500000000000000e+05
7.411600000000000000e+05
9.908680000000000000e+05
9.555900000000000000e+05
1.215344000000000000e+06
3.494920000000000000e+05
1.101432000000000000e+06
1.413346000000000000e+06
1.098244000000000000e+06
8.007560000000000000e+05
9.666330000000000000e+05
7.802730000000000000e+05
1.061610000000000000e+06
8.683890000000000000e+05
8.773600000000000000e+04
2.463300000000000000e+04
7.767330000000000000e+05
8.440840000000000000e+05
8.956680000000000000e+05
7.821250000000000000e+05
9.953640000000000000e+05
7.143600000000000000e+05
7.647460000000000000e+05
8.276540000000000000e+05
1.217674000000000000e+06
8.943370000000000000e+05
1.461406000000000000e+06
9.383530000000000000e+05
9.373550000000000000e+05
9.624420000000000000e+05
8.745830000000000000e+05
7.374260000000000000e+05
7.927080000000000000e+05
8.657510000000000000e+05
1.766431000000000000e+06
1.456473000000000000e+06
8.981550000000000000e+05
8.910620000000000000e+05
9.933340000000000000e+05
9.329050000000000000e+05
7.713950000000000000e+05
1.725474000000000000e+06
8.263010000000000000e+05
8.585270000000000000e+05
1.096978000000000000e+06
8.672160000000000000e+05
8.659740000000000000e+05
8.628270000000000000e+05
8.044890000000000000e+05
8.067870000000000000e+05
7.673840000000000000e+05
8.003910000000000000e+05
8.309100000000000000e+05
8.990420000000000000e+05
1.730041000000000000e+06
8.971170000000000000e+05
8.976180000000000000e+05
1.549249000000000000e+06
1.064331000000000000e+06
8.758780000000000000e+05
1.440657000000000000e+06
7.611380000000000000e+05
9.330150000000000000e+05
1.357370000000000000e+05
1.723150000000000000e+06
2.433800000000000000e+04
2.379500000000000000e+04
1.099267000000000000e+06
4.499500000000000000e+05
1.048384000000000000e+06
4.369610000000000000e+05
1.455689000000000000e+06
9.575000000000000000e+05
1.066849000000000000e+06
9.670660000000000000e+05
1.040665000000000000e+06
9.946620000000000000e+05
8.216630000000000000e+05
7.799900000000000000e+05
9.952720000000000000e+05
9.639130000000000000e+05
1.098760000000000000e+06
1.640298000000000000e+06
9.573750000000000000e+05
3.302620000000000000e+05
9.518940000000000000e+05
1.034595000000000000e+06
7.352680000000000000e+05
1.012329000000000000e+06
2.361400000000000000e+04
8.740120000000000000e+05
8.333590000000000000e+05
1.495000000000000000e+06
9.469090000000000000e+05
8.365140000000000000e+05
4.378260000000000000e+05
8.120730000000000000e+05
1.087722000000000000e+06
9.122040000000000000e+05
1.834553000000000000e+06
8.702890000000000000e+05
3.874300000000000000e+05
7.326930000000000000e+05
8.966120000000000000e+05
1.414473000000000000e+06
1.067922000000000000e+06
9.754450000000000000e+05
8.357900000000000000e+05
7.247310000000000000e+05
1.744408000000000000e+06
7.905620000000000000e+05
9.539130000000000000e+05
1.044058000000000000e+06
1.805433000000000000e+06
1.101966000000000000e+06
9.755650000000000000e+05
9.834570000000000000e+05
8.975880000000000000e+05
3.318650000000000000e+05
1.244550000000000000e+06
7.235470000000000000e+05
7.287590000000000000e+05
6.246220000000000000e+05
5.181650000000000000e+05
9.903730000000000000e+05
8.219620000000000000e+05
1.000106000000000000e+06
1.215907000000000000e+06
1.213863000000000000e+06
8.953940000000000000e+05
7.306970000000000000e+05
1.114044000000000000e+06
7.562270000000000000e+05
6.865350000000000000e+05
7.842340000000000000e+05
8.332490000000000000e+05
1.100208000000000000e+06
9.559400000000000000e+05
8.759230000000000000e+05
7.256650000000000000e+05
9.517390000000000000e+05
6.998660000000000000e+05
7.256760000000000000e+05
7.413350000000000000e+05
1.155073000000000000e+06
3.837900000000000000e+05
9.126800000000000000e+05
8.379270000000000000e+05
1.707136000000000000e+06
7.245240000000000000e+05
1.630885000000000000e+06
4.632880000000000000e+05
1.765445000000000000e+06
1.336034000000000000e+06
1.757150000000000000e+05
7.288120000000000000e+05
1.007275000000000000e+06
1.053343000000000000e+06
9.473000000000000000e+04
9.660210000000000000e+05
9.380520000000000000e+05
1.040221000000000000e+06
1.001918000000000000e+06
1.181040000000000000e+06
8.968190000000000000e+05
1.342586000000000000e+06
1.217917000000000000e+06
1.057269000000000000e+06
1.009361000000000000e+06
9.039120000000000000e+05
7.094360000000000000e+05
1.441326000000000000e+06
1.461927000000000000e+06
8.778750000000000000e+05
8.865540000000000000e+05
1.030213000000000000e+06
1.008643000000000000e+06
7.272070000000000000e+05
7.393920000000000000e+05
8.351030000000000000e+05
7.883280000000000000e+05
3.575800000000000000e+04
9.273670000000000000e+05
7.132750000000000000e+05
1.406064000000000000e+06
9.364360000000000000e+05
1.420790000000000000e+05
7.379440000000000000e+05
8.112100000000000000e+04
1.455062000000000000e+06
9.496790000000000000e+05
7.172270000000000000e+05
1.667905000000000000e+06
3.897350000000000000e+05
1.105428000000000000e+06
9.036410000000000000e+05
1.098905000000000000e+06
1.217076000000000000e+06
3.894910000000000000e+05
1.038449000000000000e+06
8.942880000000000000e+05
1.055700000000000000e+06
7.220690000000000000e+05
1.215478000000000000e+06
7.250010000000000000e+05
1.046592000000000000e+06
8.890630000000000000e+05
9.506340000000000000e+05
1.207661000000000000e+06
8.916390000000000000e+05
9.637820000000000000e+05
3.911660000000000000e+05
4.688420000000000000e+05
9.340050000000000000e+05
1.116486000000000000e+06
1.070441000000000000e+06
8.652210000000000000e+05
8.225350000000000000e+05
1.806984000000000000e+06
7.039160000000000000e+05
9.956300000000000000e+05
5.913000000000000000e+03
4.685540000000000000e+05
1.115631000000000000e+06
8.130000000000000000e+04
8.617660000000000000e+05
1.224110000000000000e+06
9.494360000000000000e+05
7.316920000000000000e+05
1.036377000000000000e+06
7.181820000000000000e+05
1.703610000000000000e+05
1.064342000000000000e+06
4.491990000000000000e+05
9.741660000000000000e+05
1.102750000000000000e+06
1.018556000000000000e+06
9.678110000000000000e+05
1.206930000000000000e+06
7.549700000000000000e+05
9.243680000000000000e+05
1.415808000000000000e+06
1.438610000000000000e+06
1.005757000000000000e+06
1.554401000000000000e+06
7.388000000000000000e+03
4.459560000000000000e+05
1.029975000000000000e+06
3.463170000000000000e+05
1.005697000000000000e+06
1.337515000000000000e+06
1.064652000000000000e+06
1.233640000000000000e+05
9.565580000000000000e+05
1.107086000000000000e+06
3.778480000000000000e+05
1.216381000000000000e+06
1.018339000000000000e+06
1.425770000000000000e+05
1.055631000000000000e+06
7.366060000000000000e+05
7.344490000000000000e+05
1.751908000000000000e+06
3.391680000000000000e+05
1.055496000000000000e+06
9.539320000000000000e+05
1.441816000000000000e+06
1.206363000000000000e+06
8.999310000000000000e+05
1.094775000000000000e+06
9.188350000000000000e+05
3.690200000000000000e+04
1.190530000000000000e+05
1.838868000000000000e+06
4.480840000000000000e+05
1.008023000000000000e+06
1.136992000000000000e+06
7.243260000000000000e+05
1.770960000000000000e+05
3.874940000000000000e+05
7.433610000000000000e+05
8.745440000000000000e+05
1.455161000000000000e+06
1.059591000000000000e+06
5.590000000000000000e+04
7.420240000000000000e+05
9.634380000000000000e+05
9.273080000000000000e+05
3.397110000000000000e+05
1.115989000000000000e+06
9.459690000000000000e+05
1.220473000000000000e+06
9.412850000000000000e+05
1.346264000000000000e+06
1.255896000000000000e+06
1.217271000000000000e+06
9.929480000000000000e+05
9.857670000000000000e+05
1.133575000000000000e+06
2.447100000000000000e+04
1.639671000000000000e+06
1.074083000000000000e+06
1.058082000000000000e+06
7.594380000000000000e+05
1.022187000000000000e+06
1.806031000000000000e+06
3.366150000000000000e+05
1.060556000000000000e+06
1.182154000000000000e+06
7.102180000000000000e+05
4.342050000000000000e+05
1.722831000000000000e+06
1.107416000000000000e+06
1.552333000000000000e+06
1.059579000000000000e+06
6.543700000000000000e+05
1.067811000000000000e+06
2.234500000000000000e+04
7.570750000000000000e+05
1.054776000000000000e+06
1.020976000000000000e+06
1.556078000000000000e+06
9.211300000000000000e+04
3.850700000000000000e+04
1.138955000000000000e+06
4.381810000000000000e+05
7.079270000000000000e+05
1.117024000000000000e+06
7.271580000000000000e+05
1.058330000000000000e+06
7.187270000000000000e+05
9.120950000000000000e+05
4.372080000000000000e+05
9.751810000000000000e+05
1.104775000000000000e+06
1.182252000000000000e+06
1.135679000000000000e+06
9.362600000000000000e+04
7.310090000000000000e+05
1.055296000000000000e+06
7.152670000000000000e+05
9.355240000000000000e+05
6.367500000000000000e+05
7.270560000000000000e+05
1.206782000000000000e+06
1.037084000000000000e+06
4.283150000000000000e+05
9.715020000000000000e+05
1.012569000000000000e+06
9.310200000000000000e+05
7.152930000000000000e+05
1.334122000000000000e+06
1.386203000000000000e+06
1.218501000000000000e+06
2.122410000000000000e+05
1.550669000000000000e+06
9.296790000000000000e+05
1.689980000000000000e+05
6.943050000000000000e+05
1.097799000000000000e+06
1.065128000000000000e+06
1.450789000000000000e+06
4.103940000000000000e+05
1.348020000000000000e+05
4.020410000000000000e+05
1.023624000000000000e+06
7.395650000000000000e+05
6.553340000000000000e+05
1.047277000000000000e+06
1.337467000000000000e+06
1.044202000000000000e+06
9.802200000000000000e+05
1.066709000000000000e+06
8.239800000000000000e+04
1.086386000000000000e+06
1.038027000000000000e+06
1.015676000000000000e+06
9.543430000000000000e+05
1.024568000000000000e+06
1.767238000000000000e+06
9.278390000000000000e+05
8.163450000000000000e+05
1.060954000000000000e+06
1.352390000000000000e+05
1.341347000000000000e+06
1.183751000000000000e+06
9.043590000000000000e+05
1.457832000000000000e+06
8.736160000000000000e+05
1.457167000000000000e+06
8.945410000000000000e+05
5.208960000000000000e+05
4.089920000000000000e+05
1.069421000000000000e+06
1.087225000000000000e+06
1.062212000000000000e+06
1.037630000000000000e+06
1.556313000000000000e+06
1.738666000000000000e+06
4.353940000000000000e+05
7.700720000000000000e+05
1.133707000000000000e+06
1.008197000000000000e+06
9.210780000000000000e+05
8.243170000000000000e+05
7.919400000000000000e+05
1.167606000000000000e+06
6.723520000000000000e+05
1.103357000000000000e+06
7.901550000000000000e+05
9.659170000000000000e+05
9.562130000000000000e+05
3.437820000000000000e+05
9.250460000000000000e+05
1.299286000000000000e+06
5.794920000000000000e+05
4.411690000000000000e+05
1.338344000000000000e+06
3.354000000000000000e+04
7.354780000000000000e+05
1.429242000000000000e+06
9.927440000000000000e+05
3.878060000000000000e+05
9.968270000000000000e+05
1.003464000000000000e+06
1.256529000000000000e+06
1.406877000000000000e+06
5.955810000000000000e+05
1.073806000000000000e+06
3.875240000000000000e+05
9.347300000000000000e+05
3.927830000000000000e+05
9.336050000000000000e+05
4.504970000000000000e+05
1.371635000000000000e+06
1.214441000000000000e+06
8.981180000000000000e+05
1.004533000000000000e+06
1.138223000000000000e+06
9.376290000000000000e+05
3.888220000000000000e+05
1.213792000000000000e+06
3.327970000000000000e+05
1.087289000000000000e+06
9.038530000000000000e+05
1.552695000000000000e+06
5.195680000000000000e+05
1.098157000000000000e+06
9.248420000000000000e+05
1.028986000000000000e+06
9.408340000000000000e+05
8.965100000000000000e+05
1.313676000000000000e+06
3.115700000000000000e+05
1.766147000000000000e+06
1.112251000000000000e+06
4.508300000000000000e+05
1.152367000000000000e+06
8.925620000000000000e+05
7.576260000000000000e+05
2.462000000000000000e+04
1.727307000000000000e+06
1.025767000000000000e+06
7.808600000000000000e+04
6.701230000000000000e+05
1.223947000000000000e+06
6.985010000000000000e+05
1.456706000000000000e+06
1.054792000000000000e+06
9.345500000000000000e+04
6.619570000000000000e+05
6.819990000000000000e+05
3.877780000000000000e+05
1.102950000000000000e+06
1.443341000000000000e+06
6.231770000000000000e+05
4.315220000000000000e+05
1.101033000000000000e+06
7.264550000000000000e+05
1.094868000000000000e+06
9.385800000000000000e+04
1.553029000000000000e+06
1.028773000000000000e+06
3.516550000000000000e+05
1.081022000000000000e+06
1.054953000000000000e+06
1.026186000000000000e+06
1.036218000000000000e+06
1.731089000000000000e+06
3.784740000000000000e+05
7.873240000000000000e+05
3.497950000000000000e+05
1.332614000000000000e+06
9.963380000000000000e+05
1.157637000000000000e+06
6.888260000000000000e+05
9.123830000000000000e+05
1.766138000000000000e+06
1.348904000000000000e+06
9.861080000000000000e+05
5.773890000000000000e+05
3.828470000000000000e+05
1.058216000000000000e+06
1.025167000000000000e+06
1.011557000000000000e+06
1.550474000000000000e+06
6.627130000000000000e+05
1.494524000000000000e+06
1.631737000000000000e+06
1.339345000000000000e+06
1.215307000000000000e+06
1.767231000000000000e+06
1.638970000000000000e+06
1.441649000000000000e+06
1.116476000000000000e+06
1.378898000000000000e+06
3.119390000000000000e+05
1.208386000000000000e+06
7.391210000000000000e+05
9.656080000000000000e+05
1.058452000000000000e+06
7.048890000000000000e+05
4.033190000000000000e+05
1.438523000000000000e+06
1.417542000000000000e+06
3.917360000000000000e+05
4.126890000000000000e+05
1.074178000000000000e+06
1.119698000000000000e+06
6.271810000000000000e+05
1.086620000000000000e+06
1.248290000000000000e+06
9.220840000000000000e+05
9.908020000000000000e+05
9.489070000000000000e+05
1.025480000000000000e+06
6.966800000000000000e+04
8.380400000000000000e+04
1.158686000000000000e+06
7.056630000000000000e+05
4.502330000000000000e+05
1.753027000000000000e+06
1.285020000000000000e+05
6.750720000000000000e+05
1.085670000000000000e+06
1.461266000000000000e+06
7.373240000000000000e+05
1.554314000000000000e+06
1.087430000000000000e+06
1.342457000000000000e+06
1.554384000000000000e+06
1.335614000000000000e+06
1.706545000000000000e+06
7.377160000000000000e+05
1.758047000000000000e+06
1.150662000000000000e+06
3.692940000000000000e+05
1.076040000000000000e+06
1.172997000000000000e+06
1.181130000000000000e+05
1.333299000000000000e+06
9.556580000000000000e+05
4.010610000000000000e+05
1.072666000000000000e+06
9.252730000000000000e+05
9.202190000000000000e+05
1.666471000000000000e+06
1.855620000000000000e+06
4.019060000000000000e+05
6.511330000000000000e+05
1.748855000000000000e+06
3.008580000000000000e+05
1.246730000000000000e+06
1.761919000000000000e+06
9.360260000000000000e+05
1.384386000000000000e+06
4.498830000000000000e+05
8.793150000000000000e+05
9.204250000000000000e+05
3.520820000000000000e+05
7.222720000000000000e+05
9.325800000000000000e+04
1.031351000000000000e+06
1.437261000000000000e+06
3.891450000000000000e+05
1.218432000000000000e+06
1.065996000000000000e+06
1.413186000000000000e+06
6.799370000000000000e+05
1.158457000000000000e+06
9.297940000000000000e+05
9.012400000000000000e+05
1.342540000000000000e+06
1.019376000000000000e+06
8.918500000000000000e+04
7.405390000000000000e+05
1.131689000000000000e+06
1.737249000000000000e+06
1.289904000000000000e+06
1.097681000000000000e+06
5.205470000000000000e+05
1.194559000000000000e+06
7.270950000000000000e+05
1.066725000000000000e+06
8.578100000000000000e+05
8.158400000000000000e+05
7.310190000000000000e+05
9.263530000000000000e+05
7.274500000000000000e+05
7.170740000000000000e+05
8.301520000000000000e+05
7.886330000000000000e+05
7.349650000000000000e+05
5.796330000000000000e+05
1.068530000000000000e+06
7.285260000000000000e+05
1.349790000000000000e+05
1.552944000000000000e+06
1.342248000000000000e+06
5.972490000000000000e+05
9.311530000000000000e+05
1.136787000000000000e+06
6.975290000000000000e+05
7.801600000000000000e+05
8.510110000000000000e+05
9.456890000000000000e+05
4.283710000000000000e+05
1.145560000000000000e+06
1.764163000000000000e+06
3.818930000000000000e+05
1.213417000000000000e+06
7.169660000000000000e+05
3.785650000000000000e+05
9.500970000000000000e+05
1.466215000000000000e+06
1.769350000000000000e+05
3.877410000000000000e+05
9.425430000000000000e+05
1.469563000000000000e+06
1.334923000000000000e+06
1.555054000000000000e+06
3.294860000000000000e+05
4.649590000000000000e+05
1.439449000000000000e+06
4.735670000000000000e+05
5.263350000000000000e+05
3.821900000000000000e+04
1.806994000000000000e+06
7.426120000000000000e+05
1.713205000000000000e+06
1.804541000000000000e+06
1.135766000000000000e+06
1.406383000000000000e+06
1.301061000000000000e+06
1.194925000000000000e+06
6.330640000000000000e+05
5.592690000000000000e+05
9.548000000000000000e+05
4.465530000000000000e+05
1.285095000000000000e+06
1.158116000000000000e+06
1.218038000000000000e+06
3.898710000000000000e+05
1.730004000000000000e+06
1.075208000000000000e+06
1.175125000000000000e+06
1.194417000000000000e+06
6.400900000000000000e+05
3.418320000000000000e+05
7.167590000000000000e+05
4.370620000000000000e+05
3.044450000000000000e+05
4.502650000000000000e+05
1.550536000000000000e+06
1.186049000000000000e+06
7.398620000000000000e+05
1.206343000000000000e+06
3.406910000000000000e+05
9.610620000000000000e+05
1.089072000000000000e+06
1.061065000000000000e+06
1.767328000000000000e+06
3.410720000000000000e+05
9.162220000000000000e+05
1.427063000000000000e+06
8.456800000000000000e+04
1.414717000000000000e+06
1.750458000000000000e+06
1.153677000000000000e+06
1.134069000000000000e+06
6.310950000000000000e+05
1.163929000000000000e+06
1.203466000000000000e+06
8.999720000000000000e+05
7.608000000000000000e+03
3.452740000000000000e+05
1.354696000000000000e+06
2.939790000000000000e+05
7.496820000000000000e+05
9.348200000000000000e+04
7.426010000000000000e+05
6.503950000000000000e+05
3.333760000000000000e+05
1.024085000000000000e+06
1.101002000000000000e+06
4.609870000000000000e+05
3.731000000000000000e+04
3.842760000000000000e+05
1.160916000000000000e+06
1.733409000000000000e+06
7.558120000000000000e+05
9.000040000000000000e+05
7.295180000000000000e+05
9.594110000000000000e+05
9.254370000000000000e+05
1.352626000000000000e+06
1.462679000000000000e+06
1.211192000000000000e+06
5.713850000000000000e+05
7.535900000000000000e+05
9.379660000000000000e+05
6.745180000000000000e+05
1.114835000000000000e+06
1.731561000000000000e+06
1.062770000000000000e+06
3.383290000000000000e+05
1.723602000000000000e+06
4.475150000000000000e+05
1.084957000000000000e+06
1.041240000000000000e+06
1.549217000000000000e+06
1.342195000000000000e+06
1.736021000000000000e+06
1.192480000000000000e+05
1.225115000000000000e+06
1.224206000000000000e+06
1.103225000000000000e+06
3.748120000000000000e+05
1.060836000000000000e+06
1.339482000000000000e+06
1.153438000000000000e+06
1.830818000000000000e+06
9.534030000000000000e+05
1.415049000000000000e+06
1.099281000000000000e+06
2.946350000000000000e+05
1.631979000000000000e+06
1.389308000000000000e+06
7.060660000000000000e+05
1.208608000000000000e+06
5.879670000000000000e+05
1.271071000000000000e+06
1.095354000000000000e+06
1.055004000000000000e+06
7.387290000000000000e+05
1.114668000000000000e+06
3.828050000000000000e+05
4.697120000000000000e+05
9.814050000000000000e+05
1.385031000000000000e+06
1.088599000000000000e+06
1.221814000000000000e+06
1.409683000000000000e+06
3.933840000000000000e+05
1.737593000000000000e+06
1.110339000000000000e+06
7.240000000000000000e+05
7.880460000000000000e+05
1.199829000000000000e+06
1.085671000000000000e+06
4.483770000000000000e+05
7.190100000000000000e+04
3.061510000000000000e+05
6.586680000000000000e+05
1.132985000000000000e+06
2.224400000000000000e+04
9.914600000000000000e+04
1.552894000000000000e+06
4.634050000000000000e+05
1.333010000000000000e+06
3.721000000000000000e+05
9.623790000000000000e+05
1.554369000000000000e+06
1.223561000000000000e+06
1.297300000000000000e+05
9.415510000000000000e+05
1.254022000000000000e+06
1.732196000000000000e+06
2.415160000000000000e+05
1.576609000000000000e+06
1.123494000000000000e+06
1.265930000000000000e+05
9.022970000000000000e+05
9.498630000000000000e+05
9.549950000000000000e+05
9.283430000000000000e+05
4.687320000000000000e+05
1.724417000000000000e+06
7.225520000000000000e+05
3.044600000000000000e+04
1.199400000000000000e+06
6.951670000000000000e+05
1.215498000000000000e+06
1.635597000000000000e+06
1.139557000000000000e+06
1.103525000000000000e+06
1.488969000000000000e+06
9.494730000000000000e+05
7.184770000000000000e+05
1.337095000000000000e+06
5.169700000000000000e+05
1.297690000000000000e+05
8.355540000000000000e+05
7.920710000000000000e+05
9.318900000000000000e+05
6.854590000000000000e+05
1.216384000000000000e+06
1.729924000000000000e+06
1.441544000000000000e+06
1.288723000000000000e+06
1.496982000000000000e+06
4.606000000000000000e+05
3.225920000000000000e+05
7.682790000000000000e+05
1.199040000000000000e+06
1.065108000000000000e+06
8.904350000000000000e+05
4.226140000000000000e+05
1.196982000000000000e+06
1.213433000000000000e+06
1.473555000000000000e+06
3.861010000000000000e+05
4.007600000000000000e+05
1.119983000000000000e+06
1.097561000000000000e+06
8.967120000000000000e+05
9.592970000000000000e+05
5.451280000000000000e+05
1.668112000000000000e+06
1.640822000000000000e+06
1.244597000000000000e+06
1.854121000000000000e+06
4.510580000000000000e+05
1.379689000000000000e+06
1.108714000000000000e+06
3.858340000000000000e+05
6.999860000000000000e+05
6.110000000000000000e+03
1.456576000000000000e+06
1.476141000000000000e+06
1.767525000000000000e+06
3.491410000000000000e+05
1.555841000000000000e+06
1.139087000000000000e+06
1.046861000000000000e+06
1.676350000000000000e+05
1.095933000000000000e+06
1.033552000000000000e+06
7.051070000000000000e+05
5.950780000000000000e+05
1.247437000000000000e+06
7.152550000000000000e+05
4.000070000000000000e+05
9.313990000000000000e+05
4.004700000000000000e+05
9.914450000000000000e+05
1.217804000000000000e+06
3.349780000000000000e+05
1.100609000000000000e+06
1.059400000000000000e+06
1.220125000000000000e+06
1.115481000000000000e+06
3.843860000000000000e+05
1.161070000000000000e+06
1.854506000000000000e+06
1.214742000000000000e+06
1.157636000000000000e+06
4.502490000000000000e+05
1.136158000000000000e+06
7.049000000000000000e+05
1.231696000000000000e+06
1.218141000000000000e+06
1.563197000000000000e+06
9.116530000000000000e+05
9.941640000000000000e+05
6.870160000000000000e+05
4.012070000000000000e+05
4.262100000000000000e+05
5.564210000000000000e+05
1.211356000000000000e+06
1.630891000000000000e+06
1.782250000000000000e+05
1.639944000000000000e+06
1.275490000000000000e+05
1.043402000000000000e+06
1.650105000000000000e+06
6.595980000000000000e+05
6.396160000000000000e+05
1.488491000000000000e+06
6.156000000000000000e+03
1.153472000000000000e+06
7.104370000000000000e+05
1.724220000000000000e+05
1.102897000000000000e+06
8.094200000000000000e+04
3.260560000000000000e+05
1.093180000000000000e+06
1.514544000000000000e+06
3.454420000000000000e+05
1.624357000000000000e+06
1.214205000000000000e+06
5.409250000000000000e+05
7.038830000000000000e+05
1.150600000000000000e+06
1.262296000000000000e+06
1.433754000000000000e+06
1.215953000000000000e+06
1.833988000000000000e+06
7.663700000000000000e+04
2.891580000000000000e+05
1.807282000000000000e+06
9.057050000000000000e+05
1.320389000000000000e+06
7.206240000000000000e+05
8.845100000000000000e+04
1.382940000000000000e+06
8.985000000000000000e+05
1.548699000000000000e+06
1.549468000000000000e+06
4.293390000000000000e+05
9.060150000000000000e+05
1.767299000000000000e+06
7.221440000000000000e+05
1.814617000000000000e+06
1.288028000000000000e+06
1.209496000000000000e+06
3.303990000000000000e+05
8.985120000000000000e+05
8.601000000000000000e+04
9.904980000000000000e+05
7.292280000000000000e+05
7.601540000000000000e+05
2.251700000000000000e+04
1.287428000000000000e+06
4.476090000000000000e+05
1.437052000000000000e+06
1.239398000000000000e+06
1.834338000000000000e+06
1.784242000000000000e+06
1.634038000000000000e+06
6.998790000000000000e+05
1.182538000000000000e+06
1.058437000000000000e+06
1.264498000000000000e+06
5.004530000000000000e+05
3.714600000000000000e+04
1.400072000000000000e+06
1.217754000000000000e+06
1.180890000000000000e+05
1.834770000000000000e+06
1.452270000000000000e+06
5.241190000000000000e+05
1.219137000000000000e+06
8.058400000000000000e+04
1.823835000000000000e+06
1.231636000000000000e+06
1.460592000000000000e+06
7.412230000000000000e+05
4.740210000000000000e+05
3.769610000000000000e+05
4.378510000000000000e+05
1.082703000000000000e+06
1.083590000000000000e+05
1.161428000000000000e+06
9.613790000000000000e+05
1.455788000000000000e+06
1.549137000000000000e+06
1.828310000000000000e+06
1.135169000000000000e+06
1.298336000000000000e+06
4.738900000000000000e+04
1.251510000000000000e+06
1.161344000000000000e+06
1.841844000000000000e+06
1.328007000000000000e+06
1.779154000000000000e+06
1.140534000000000000e+06
1.215359000000000000e+06
1.082903000000000000e+06
5.988740000000000000e+05
1.673882000000000000e+06
1.849348000000000000e+06
1.245478000000000000e+06
1.414695000000000000e+06
1.305546000000000000e+06
1.087031000000000000e+06
1.632906000000000000e+06
4.382440000000000000e+05
1.772322000000000000e+06
1.269160000000000000e+05
1.276661000000000000e+06
2.075850000000000000e+05
4.382610000000000000e+05
1.415210000000000000e+05
4.140150000000000000e+05
1.756080000000000000e+06
4.770040000000000000e+05
1.204680000000000000e+05
9.316740000000000000e+05
1.461856000000000000e+06
1.135772000000000000e+06
7.232890000000000000e+05
1.165702000000000000e+06
9.957740000000000000e+05
1.044595000000000000e+06
1.549034000000000000e+06
1.642776000000000000e+06
7.029200000000000000e+05
3.903060000000000000e+05
1.268204000000000000e+06
4.429430000000000000e+05
1.132386000000000000e+06
1.667341000000000000e+06
7.266980000000000000e+05
9.936180000000000000e+05
9.336680000000000000e+05
1.633904000000000000e+06
6.868330000000000000e+05
9.242310000000000000e+05
1.816452000000000000e+06
1.267301000000000000e+06
1.314173000000000000e+06
3.704030000000000000e+05
1.456109000000000000e+06
4.116670000000000000e+05
1.070871000000000000e+06
3.989100000000000000e+05
2.517440000000000000e+05
3.877250000000000000e+05
3.829110000000000000e+05
9.482560000000000000e+05
1.088439000000000000e+06
7.172670000000000000e+05
9.912730000000000000e+05
1.744128000000000000e+06
9.238250000000000000e+05
1.214850000000000000e+06
1.238596000000000000e+06
1.418074000000000000e+06
1.216278000000000000e+06
6.971060000000000000e+05
1.691409000000000000e+06
3.001590000000000000e+05
3.866690000000000000e+05
4.753660000000000000e+05
1.210594000000000000e+06
9.450860000000000000e+05
5.991800000000000000e+05
6.570990000000000000e+05
1.856627000000000000e+06
9.205000000000000000e+05
1.726999000000000000e+06
1.343633000000000000e+06
3.274100000000000000e+05
5.549200000000000000e+05
1.080840000000000000e+06
7.977340000000000000e+05
3.375660000000000000e+05
1.765546000000000000e+06
6.829900000000000000e+04
1.460942000000000000e+06
4.373200000000000000e+04
4.435890000000000000e+05
1.453767000000000000e+06
1.458036000000000000e+06
1.019070000000000000e+06
4.287860000000000000e+05
8.305700000000000000e+04
9.096380000000000000e+05
1.242818000000000000e+06
3.290510000000000000e+05
1.357826000000000000e+06
1.136150000000000000e+05
1.189282000000000000e+06
1.344890000000000000e+06
1.340490000000000000e+05
4.398240000000000000e+05
1.186141000000000000e+06
6.738000000000000000e+03
2.306600000000000000e+04
1.057282000000000000e+06
1.810385000000000000e+06
3.407150000000000000e+05
7.033940000000000000e+05
1.241444000000000000e+06
1.262430000000000000e+05
1.059642000000000000e+06
1.444527000000000000e+06
1.166165000000000000e+06
4.959400000000000000e+05
5.044780000000000000e+05
1.229370000000000000e+05
3.509250000000000000e+05
1.122722000000000000e+06
1.095297000000000000e+06
1.054121000000000000e+06
1.561520000000000000e+05
7.191130000000000000e+05
1.217647000000000000e+06
5.879010000000000000e+05
7.246330000000000000e+05
1.451353000000000000e+06
1.230938000000000000e+06
1.168082000000000000e+06
9.118090000000000000e+05
1.083587000000000000e+06
1.372350000000000000e+05
3.735790000000000000e+05
4.157470000000000000e+05
1.221539000000000000e+06
1.756768000000000000e+06
1.284005000000000000e+06
1.804607000000000000e+06
9.250900000000000000e+04
7.048010000000000000e+05
1.711240000000000000e+05
1.262200000000000000e+06
1.085866000000000000e+06
1.310425000000000000e+06
1.788467000000000000e+06
1.838548000000000000e+06
7.196150000000000000e+05
1.138252000000000000e+06
1.401096000000000000e+06
1.254031000000000000e+06
4.972080000000000000e+05
1.209791000000000000e+06
4.979700000000000000e+05
1.471906000000000000e+06
1.282323000000000000e+06
9.258130000000000000e+05
1.336414000000000000e+06
1.806304000000000000e+06
4.245930000000000000e+05
1.287370000000000000e+06
1.494816000000000000e+06
1.708760000000000000e+06
6.868680000000000000e+05
1.631416000000000000e+06
1.292906000000000000e+06
4.966090000000000000e+05
1.325021000000000000e+06
3.039600000000000000e+04
8.765620000000000000e+05
1.164400000000000000e+05
1.443209000000000000e+06
1.242512000000000000e+06
1.224492000000000000e+06
1.548152000000000000e+06
9.908750000000000000e+05
1.221631000000000000e+06
4.641330000000000000e+05
1.223950000000000000e+06
1.708366000000000000e+06
7.053010000000000000e+05
9.136520000000000000e+05
4.961130000000000000e+05
7.089200000000000000e+05
1.519974000000000000e+06
1.440134000000000000e+06
1.252945000000000000e+06
3.224340000000000000e+05
5.208340000000000000e+05
1.038570000000000000e+06
1.542535000000000000e+06
4.701780000000000000e+05
8.094100000000000000e+04
1.546732000000000000e+06
8.017390000000000000e+05
6.979280000000000000e+05
1.553555000000000000e+06
9.506700000000000000e+04
4.948100000000000000e+04
2.384040000000000000e+05
1.082143000000000000e+06
1.270251000000000000e+06
1.162494000000000000e+06
1.131880000000000000e+06
1.149438000000000000e+06
3.823510000000000000e+05
1.488618000000000000e+06
9.268990000000000000e+05
1.444565000000000000e+06
4.564390000000000000e+05
1.150283000000000000e+06
4.668030000000000000e+05
1.766779000000000000e+06
1.176791000000000000e+06
1.731859000000000000e+06
1.028496000000000000e+06
3.876150000000000000e+05
1.366330000000000000e+05
5.876130000000000000e+05
1.060666000000000000e+06
1.271011000000000000e+06
1.215683000000000000e+06
1.054213000000000000e+06
5.382440000000000000e+05
1.075053000000000000e+06
5.100770000000000000e+05
1.296777000000000000e+06
6.795700000000000000e+04
5.963660000000000000e+05
1.127568000000000000e+06
2.912320000000000000e+05
2.194500000000000000e+04
1.852374000000000000e+06
6.878430000000000000e+05
1.786700000000000000e+05
1.151391000000000000e+06
1.624514000000000000e+06
6.685830000000000000e+05
2.548080000000000000e+05
1.161101000000000000e+06
1.324312000000000000e+06
6.185980000000000000e+05
1.213938000000000000e+06
1.190198000000000000e+06
9.122050000000000000e+05
6.664160000000000000e+05
1.556356000000000000e+06
3.990500000000000000e+05
1.778675000000000000e+06
1.707156000000000000e+06
1.369727000000000000e+06
5.867170000000000000e+05
1.338436000000000000e+06
2.443750000000000000e+05
1.764123000000000000e+06
1.434114000000000000e+06
6.899100000000000000e+04
7.241010000000000000e+05
3.751380000000000000e+05
4.454300000000000000e+05
1.064978000000000000e+06
5.856740000000000000e+05
1.139431000000000000e+06
7.864800000000000000e+04
1.161186000000000000e+06
3.427040000000000000e+05
6.431160000000000000e+05
1.821733000000000000e+06
1.208610000000000000e+06
9.154510000000000000e+05
6.718030000000000000e+05
1.807410000000000000e+06
1.807742000000000000e+06
1.736637000000000000e+06
1.418721000000000000e+06
1.743156000000000000e+06
1.535616000000000000e+06
1.631563000000000000e+06
1.385727000000000000e+06
1.027738000000000000e+06
4.619370000000000000e+05
9.385400000000000000e+04
2.663160000000000000e+05
1.565494000000000000e+06
7.244560000000000000e+05
1.494733000000000000e+06
1.106659000000000000e+06
1.129348000000000000e+06
1.342019000000000000e+06
9.335620000000000000e+05
1.194465000000000000e+06
5.013270000000000000e+05
3.108000000000000000e+04
1.761816000000000000e+06
1.231861000000000000e+06
7.183470000000000000e+05
1.457165000000000000e+06
1.244640000000000000e+05
1.180358000000000000e+06
5.602890000000000000e+05
1.095330000000000000e+06
9.179990000000000000e+05
7.168720000000000000e+05
1.200382000000000000e+06
2.296600000000000000e+04
1.650967000000000000e+06
1.409680000000000000e+06
3.772300000000000000e+05
1.189419000000000000e+06
1.320957000000000000e+06
1.507645000000000000e+06
9.928580000000000000e+05
2.062240000000000000e+05
2.452430000000000000e+05
1.137507000000000000e+06
4.537460000000000000e+05
2.884270000000000000e+05
4.334800000000000000e+04
1.228996000000000000e+06
1.164500000000000000e+06
6.274120000000000000e+05
1.846131000000000000e+06
9.864150000000000000e+05
7.106000000000000000e+03
1.490879000000000000e+06
7.009800000000000000e+04
1.807575000000000000e+06
6.873380000000000000e+05
1.131649000000000000e+06
8.859770000000000000e+05
1.349390000000000000e+05
1.167280000000000000e+06
1.489638000000000000e+06
9.029480000000000000e+05
3.350830000000000000e+05
1.032623000000000000e+06
1.313580000000000000e+06
1.580359000000000000e+06
1.007531000000000000e+06
1.454967000000000000e+06
9.590610000000000000e+05
1.585913000000000000e+06
5.782710000000000000e+05
3.459190000000000000e+05
7.422000000000000000e+05
6.956870000000000000e+05
2.406380000000000000e+05
7.185500000000000000e+05
1.224551000000000000e+06
1.537919000000000000e+06
2.065830000000000000e+05
8.417800000000000000e+04
6.617930000000000000e+05
1.103388000000000000e+06
3.706260000000000000e+05
1.102059000000000000e+06
2.061300000000000000e+05
1.297662000000000000e+06
1.836851000000000000e+06
3.323960000000000000e+05
5.998140000000000000e+05
1.767900000000000000e+05
9.251240000000000000e+05
7.197560000000000000e+05
5.311960000000000000e+05
1.105236000000000000e+06
5.787250000000000000e+05
1.635769000000000000e+06
4.636760000000000000e+05
9.299690000000000000e+05
1.051318000000000000e+06
1.204744000000000000e+06
1.019923000000000000e+06
1.113730000000000000e+06
1.254174000000000000e+06
1.793290000000000000e+05
1.709360000000000000e+05
1.194582000000000000e+06
2.522960000000000000e+05
2.746040000000000000e+05
1.456939000000000000e+06
8.351910000000000000e+05
3.152530000000000000e+05
7.099970000000000000e+05
4.535660000000000000e+05
9.326620000000000000e+05
1.826262000000000000e+06
1.030649000000000000e+06
9.304280000000000000e+05
2.654600000000000000e+04
1.452450000000000000e+06
1.282620000000000000e+05
1.245797000000000000e+06
1.495234000000000000e+06
9.173100000000000000e+04
1.204769000000000000e+06
1.301812000000000000e+06
4.231600000000000000e+04
1.189013000000000000e+06
1.136352000000000000e+06
1.830176000000000000e+06
1.248720000000000000e+06
2.745100000000000000e+05
8.891600000000000000e+04
5.168630000000000000e+05
1.565701000000000000e+06
1.553800000000000000e+06
1.553582000000000000e+06
1.224980000000000000e+06
1.460523000000000000e+06
1.490478000000000000e+06
1.666783000000000000e+06
3.535420000000000000e+05
1.057535000000000000e+06
1.082962000000000000e+06
4.335640000000000000e+05
3.679380000000000000e+05
1.355650000000000000e+05
1.710790000000000000e+05
8.825650000000000000e+05
5.390320000000000000e+05
1.177453000000000000e+06
8.990980000000000000e+05
1.377152000000000000e+06
1.633579000000000000e+06
1.770079000000000000e+06
1.212616000000000000e+06
1.674110000000000000e+06
1.811071000000000000e+06
3.844960000000000000e+05
5.770860000000000000e+05
1.491103000000000000e+06
1.347958000000000000e+06
6.649320000000000000e+05
3.783860000000000000e+05
3.412460000000000000e+05
5.242900000000000000e+05
1.074294000000000000e+06
9.430560000000000000e+05
1.571213000000000000e+06
9.517290000000000000e+05
9.220000000000000000e+04
1.333933000000000000e+06
1.843045000000000000e+06
1.312978000000000000e+06
6.675400000000000000e+05
1.261999000000000000e+06
1.419593000000000000e+06
6.400350000000000000e+05
1.248958000000000000e+06
5.620400000000000000e+05
8.941000000000000000e+04
1.094621000000000000e+06
1.218590000000000000e+06
1.822546000000000000e+06
4.688160000000000000e+05
9.521250000000000000e+05
1.451482000000000000e+06
1.260755000000000000e+06
1.742728000000000000e+06
1.346554000000000000e+06
1.785233000000000000e+06
1.283090000000000000e+05
1.058318000000000000e+06
4.860580000000000000e+05
1.647610000000000000e+06
2.131720000000000000e+05
4.775700000000000000e+04
1.569110000000000000e+05
1.578667000000000000e+06
3.154480000000000000e+05
1.086938000000000000e+06
1.728308000000000000e+06
1.066457000000000000e+06
1.039235000000000000e+06
7.851000000000000000e+03
6.585810000000000000e+05
3.830550000000000000e+05
9.401480000000000000e+05
4.057430000000000000e+05
9.578930000000000000e+05
1.556015000000000000e+06
2.469200000000000000e+04
1.181911000000000000e+06
1.467945000000000000e+06
1.353510000000000000e+06
7.270550000000000000e+05
1.084857000000000000e+06
1.792050000000000000e+05
1.804955000000000000e+06
1.742842000000000000e+06
1.422109000000000000e+06
5.172150000000000000e+05
1.755543000000000000e+06
1.617720000000000000e+05
5.987580000000000000e+05
4.365470000000000000e+05
1.283438000000000000e+06
6.240750000000000000e+05
1.399922000000000000e+06
4.976610000000000000e+05
4.666950000000000000e+05
1.831540000000000000e+06
6.721630000000000000e+05
5.968530000000000000e+05
7.980600000000000000e+05
8.314340000000000000e+05
1.854102000000000000e+06
9.307720000000000000e+05
1.111324000000000000e+06
9.615870000000000000e+05
5.231480000000000000e+05
1.368840000000000000e+05
1.433928000000000000e+06
1.511248000000000000e+06
1.820469000000000000e+06
1.601607000000000000e+06
1.571292000000000000e+06
1.275786000000000000e+06
1.207621000000000000e+06
1.209137000000000000e+06
1.129700000000000000e+06
6.398530000000000000e+05
1.081492000000000000e+06
1.730235000000000000e+06
5.993620000000000000e+05
1.638657000000000000e+06
1.458596000000000000e+06
3.858460000000000000e+05
2.664400000000000000e+04
1.641670000000000000e+05
1.581127000000000000e+06
1.491451000000000000e+06
5.241960000000000000e+05
2.933700000000000000e+04
1.743565000000000000e+06
1.199124000000000000e+06
1.753422000000000000e+06
6.982350000000000000e+05
7.076570000000000000e+05
3.652690000000000000e+05
5.570410000000000000e+05
7.033280000000000000e+05
1.630769000000000000e+06
1.213682000000000000e+06
5.151000000000000000e+05
9.173300000000000000e+05
6.242700000000000000e+05
3.284550000000000000e+05
5.235240000000000000e+05
1.371492000000000000e+06
3.714900000000000000e+04
1.809548000000000000e+06
1.832265000000000000e+06
9.346300000000000000e+04
9.199380000000000000e+05
9.309280000000000000e+05
1.451480000000000000e+06
8.283690000000000000e+05
1.339580000000000000e+06
2.793400000000000000e+04
1.832203000000000000e+06
6.324050000000000000e+05
1.248367000000000000e+06
1.433789000000000000e+06
1.202436000000000000e+06
2.966420000000000000e+05
3.189400000000000000e+04
1.445984000000000000e+06
7.117990000000000000e+05
1.845678000000000000e+06
1.141390000000000000e+05
6.217270000000000000e+05
1.096441000000000000e+06
1.471859000000000000e+06
2.998010000000000000e+05
6.800140000000000000e+05
1.136641000000000000e+06
1.025226000000000000e+06
4.732380000000000000e+05
5.800410000000000000e+05
4.849720000000000000e+05
1.242670000000000000e+06
1.636810000000000000e+05
1.333743000000000000e+06
1.718400000000000000e+05
1.008912000000000000e+06
1.354211000000000000e+06
1.470571000000000000e+06
1.203386000000000000e+06
7.244680000000000000e+05
1.088902000000000000e+06
1.010917000000000000e+06
9.362380000000000000e+05
1.125213000000000000e+06
3.502270000000000000e+05
1.548252000000000000e+06
3.847660000000000000e+05
6.075770000000000000e+05
1.820566000000000000e+06
7.248380000000000000e+05
4.941650000000000000e+05
3.907020000000000000e+05
1.497554000000000000e+06
2.740190000000000000e+05
1.655880000000000000e+06
1.206402000000000000e+06
1.094145000000000000e+06
8.449180000000000000e+05
8.074760000000000000e+05
7.706050000000000000e+05
5.219700000000000000e+05
1.453822000000000000e+06
9.236700000000000000e+04
5.352880000000000000e+05
9.900140000000000000e+05
6.733900000000000000e+05
5.912340000000000000e+05
8.810300000000000000e+04
1.469431000000000000e+06
6.386030000000000000e+05
4.592000000000000000e+03
9.537260000000000000e+05
1.212920000000000000e+06
1.074889000000000000e+06
1.834868000000000000e+06
1.207590000000000000e+06
1.037789000000000000e+06
1.743230000000000000e+05
3.243310000000000000e+05
1.723167000000000000e+06
1.145537000000000000e+06
1.085298000000000000e+06
6.887250000000000000e+05
4.903340000000000000e+05
1.591437000000000000e+06
5.222550000000000000e+05
4.794220000000000000e+05
9.155800000000000000e+04
4.470640000000000000e+05
9.486080000000000000e+05
1.810438000000000000e+06
1.648643000000000000e+06
1.077453000000000000e+06
1.758966000000000000e+06
4.280420000000000000e+05
1.327445000000000000e+06
1.272102000000000000e+06
3.747780000000000000e+05
1.139210000000000000e+06
1.249431000000000000e+06
1.260947000000000000e+06
9.132910000000000000e+05
1.152084000000000000e+06
4.683280000000000000e+05
1.707105000000000000e+06
1.602241000000000000e+06
3.298900000000000000e+05
5.189220000000000000e+05
3.823200000000000000e+04
9.303200000000000000e+04
1.069430000000000000e+05
1.706816000000000000e+06
1.856810000000000000e+06
1.854452000000000000e+06
1.417210000000000000e+06
1.089123000000000000e+06
1.320812000000000000e+06
4.082310000000000000e+05
7.184520000000000000e+05
1.094525000000000000e+06
1.192945000000000000e+06
1.673190000000000000e+06
6.921600000000000000e+05
1.217856000000000000e+06
6.247600000000000000e+05
1.091217000000000000e+06
1.347295000000000000e+06
1.222865000000000000e+06
6.396240000000000000e+05
9.436700000000000000e+04
1.298352000000000000e+06
1.220504000000000000e+06
1.441240000000000000e+06
1.055541000000000000e+06
1.761710000000000000e+06
1.445071000000000000e+06
4.702570000000000000e+05
4.685480000000000000e+05
1.788484000000000000e+06
3.847040000000000000e+05
1.613830000000000000e+05
4.517760000000000000e+05
1.068252000000000000e+06
2.520800000000000000e+04
7.982700000000000000e+04
1.350953000000000000e+06
1.224515000000000000e+06
1.064073000000000000e+06
1.642708000000000000e+06
1.143649000000000000e+06
2.873670000000000000e+05
5.254770000000000000e+05
1.071340000000000000e+06
1.310390000000000000e+05
3.661200000000000000e+05
4.566990000000000000e+05
1.288830000000000000e+05
7.249530000000000000e+05
7.554700000000000000e+04
1.037062000000000000e+06
3.518730000000000000e+05
8.656720000000000000e+05
1.686557000000000000e+06
1.605400000000000000e+06
1.447516000000000000e+06
7.297600000000000000e+04
4.943310000000000000e+05
1.637534000000000000e+06
1.303670000000000000e+05
1.383569000000000000e+06
1.327544000000000000e+06
1.488275000000000000e+06
8.333950000000000000e+05
1.052609000000000000e+06
6.167820000000000000e+05
3.818900000000000000e+04
1.214357000000000000e+06
1.817877000000000000e+06
5.795670000000000000e+05
6.782200000000000000e+05
2.328770000000000000e+05
1.750419000000000000e+06
1.127905000000000000e+06
1.461084000000000000e+06
6.710100000000000000e+05
4.869760000000000000e+05
1.338299000000000000e+06
1.121231000000000000e+06
1.841130000000000000e+06
6.511500000000000000e+04
1.075029000000000000e+06
1.744990000000000000e+06
1.605790000000000000e+05
3.779940000000000000e+05
1.194912000000000000e+06
1.626360000000000000e+05
5.249860000000000000e+05
1.335181000000000000e+06
1.152340000000000000e+06
1.463188000000000000e+06
9.157450000000000000e+05
1.554034000000000000e+06
1.425130000000000000e+05
6.641550000000000000e+05
2.904880000000000000e+05
1.767039000000000000e+06
5.303140000000000000e+05
1.335717000000000000e+06
1.773941000000000000e+06
1.157290000000000000e+06
1.085297000000000000e+06
1.554488000000000000e+06
1.523266000000000000e+06
1.270080000000000000e+06
1.422508000000000000e+06
2.782800000000000000e+05
1.085526000000000000e+06
1.377605000000000000e+06
1.593395000000000000e+06
1.084946000000000000e+06
1.324786000000000000e+06
1.722929000000000000e+06
1.208991000000000000e+06
1.138246000000000000e+06
1.150904000000000000e+06
1.079072000000000000e+06
1.492675000000000000e+06
1.426251000000000000e+06
1.349130000000000000e+05
6.127100000000000000e+05
1.694740000000000000e+06
1.284753000000000000e+06
1.732714000000000000e+06
6.603770000000000000e+05
1.215351000000000000e+06
7.655200000000000000e+04
8.650600000000000000e+04
1.455257000000000000e+06
1.086497000000000000e+06
1.270332000000000000e+06
1.215951000000000000e+06
1.821529000000000000e+06
3.728730000000000000e+05
3.106420000000000000e+05
1.414480000000000000e+05
1.462435000000000000e+06
1.656776000000000000e+06
7.043770000000000000e+05
1.244334000000000000e+06
3.826840000000000000e+05
1.080560000000000000e+05
1.974010000000000000e+05
2.531970000000000000e+05
4.401770000000000000e+05
2.365560000000000000e+05
1.415270000000000000e+05
4.118550000000000000e+05
3.274910000000000000e+05
1.727594000000000000e+06
2.560350000000000000e+05
1.462092000000000000e+06
1.163947000000000000e+06
4.993950000000000000e+05
1.551310000000000000e+05
5.293760000000000000e+05
1.425990000000000000e+06
9.290200000000000000e+05
1.459986000000000000e+06
1.417620000000000000e+05
1.199653000000000000e+06
3.607050000000000000e+05
1.356080000000000000e+06
1.459726000000000000e+06
4.677000000000000000e+03
1.746805000000000000e+06
6.170160000000000000e+05
1.177210000000000000e+05
1.115040000000000000e+06
1.474684000000000000e+06
1.200276000000000000e+06
1.067701000000000000e+06
4.520300000000000000e+05
1.751416000000000000e+06
1.126045000000000000e+06
7.186680000000000000e+05
1.182508000000000000e+06
1.799521000000000000e+06
2.123440000000000000e+05
1.126140000000000000e+06
1.741619000000000000e+06
1.736804000000000000e+06
1.626157000000000000e+06
3.471500000000000000e+04
1.221454000000000000e+06
1.543350000000000000e+06
1.593291000000000000e+06
6.729000000000000000e+05
1.467763000000000000e+06
1.666482000000000000e+06
2.573090000000000000e+05
1.840756000000000000e+06
1.751801000000000000e+06
1.493450000000000000e+05
1.202437000000000000e+06
1.805133000000000000e+06
1.259023000000000000e+06
1.445925000000000000e+06
1.227520000000000000e+05
1.389714000000000000e+06
5.526720000000000000e+05
1.194386000000000000e+06
3.518630000000000000e+05
1.086993000000000000e+06
3.389890000000000000e+05
1.252421000000000000e+06
1.751786000000000000e+06
1.418224000000000000e+06
1.766165000000000000e+06
2.480400000000000000e+04
3.301760000000000000e+05
5.311500000000000000e+05
8.332000000000000000e+04
2.488500000000000000e+04
4.387350000000000000e+05
1.087550000000000000e+05
6.666800000000000000e+05
1.535650000000000000e+05
2.111390000000000000e+05
7.149020000000000000e+05
5.463230000000000000e+05
1.766275000000000000e+06
3.292770000000000000e+05
8.925450000000000000e+05
5.688950000000000000e+05
1.015479000000000000e+06
2.231300000000000000e+04
1.086346000000000000e+06
1.817387000000000000e+06
1.298001000000000000e+06
1.747000000000000000e+03
4.473590000000000000e+05
1.380321000000000000e+06
1.705643000000000000e+06
7.195460000000000000e+05
3.994430000000000000e+05
1.278416000000000000e+06
1.419260000000000000e+06
1.138996000000000000e+06
1.230750000000000000e+06
1.354210000000000000e+06
4.278520000000000000e+05
1.747126000000000000e+06
6.648440000000000000e+05
1.758384000000000000e+06
1.766637000000000000e+06
3.304250000000000000e+05
1.429896000000000000e+06
6.575120000000000000e+05
3.399670000000000000e+05
1.347195000000000000e+06
1.739366000000000000e+06
1.168472000000000000e+06
1.791423000000000000e+06
5.227110000000000000e+05
1.431689000000000000e+06
1.442820000000000000e+06
1.343120000000000000e+05
1.043054000000000000e+06
6.977550000000000000e+05
3.541610000000000000e+05
5.178070000000000000e+05
3.392420000000000000e+05
1.214746000000000000e+06
1.418089000000000000e+06
1.756168000000000000e+06
1.391170000000000000e+05
1.018394000000000000e+06
3.481140000000000000e+05
5.330710000000000000e+05
1.224068000000000000e+06
4.018800000000000000e+05
1.726888000000000000e+06
1.650452000000000000e+06
1.401326000000000000e+06
1.256264000000000000e+06
1.661260000000000000e+06
1.659884000000000000e+06
1.656890000000000000e+06
1.766612000000000000e+06
6.613330000000000000e+05
1.085390000000000000e+06
1.845008000000000000e+06
4.876270000000000000e+05
1.825371000000000000e+06
1.092856000000000000e+06
1.762428000000000000e+06
1.845825000000000000e+06
3.229900000000000000e+05
2.604570000000000000e+05
1.164210000000000000e+05
2.699040000000000000e+05
1.655711000000000000e+06
7.763100000000000000e+04
1.454995000000000000e+06
1.670422000000000000e+06
1.221546000000000000e+06
1.242763000000000000e+06
5.699570000000000000e+05
1.588123000000000000e+06
1.261199000000000000e+06
1.851349000000000000e+06
9.328420000000000000e+05
1.502587000000000000e+06
1.801273000000000000e+06
3.460000000000000000e+04
1.463720000000000000e+05
1.514443000000000000e+06
1.768630000000000000e+05
7.920620000000000000e+05
1.356853000000000000e+06
1.413109000000000000e+06
1.332981000000000000e+06
1.449885000000000000e+06
1.492270000000000000e+05
7.177220000000000000e+05
4.504720000000000000e+05
9.299620000000000000e+05
4.661590000000000000e+05
1.319452000000000000e+06
8.984040000000000000e+05
1.393852000000000000e+06
1.164773000000000000e+06
1.119950000000000000e+05
1.082172000000000000e+06
1.724323000000000000e+06
5.213090000000000000e+05
1.805347000000000000e+06
1.664011000000000000e+06
1.556592000000000000e+06
3.863600000000000000e+05
2.309900000000000000e+04
6.494060000000000000e+05
1.117387000000000000e+06
8.891420000000000000e+05
3.393860000000000000e+05
1.203909000000000000e+06
3.156940000000000000e+05
1.674327000000000000e+06
4.938410000000000000e+05
2.907690000000000000e+05
1.487162000000000000e+06
8.088560000000000000e+05
8.408820000000000000e+05
2.326920000000000000e+05
1.776210000000000000e+06
9.950650000000000000e+05
9.365130000000000000e+05
1.094585000000000000e+06
6.541640000000000000e+05
4.639160000000000000e+05
6.667130000000000000e+05
1.349484000000000000e+06
1.760657000000000000e+06
1.851525000000000000e+06
1.429005000000000000e+06
7.607400000000000000e+04
1.066840000000000000e+06
1.469977000000000000e+06
9.421680000000000000e+05
7.241330000000000000e+05
1.800155000000000000e+06
5.618920000000000000e+05
3.164090000000000000e+05
1.598321000000000000e+06
1.562276000000000000e+06
1.699144000000000000e+06
8.866300000000000000e+04
1.206668000000000000e+06
1.795083000000000000e+06
1.235960000000000000e+06
1.589146000000000000e+06
1.390633000000000000e+06
1.073370000000000000e+05
1.849920000000000000e+05
1.143259000000000000e+06
4.868810000000000000e+05
6.129540000000000000e+05
1.724883000000000000e+06
5.550100000000000000e+04
1.357375000000000000e+06
3.172120000000000000e+05
1.696240000000000000e+05
5.525670000000000000e+05
1.733900000000000000e+05
1.389183000000000000e+06
5.811840000000000000e+05
3.888880000000000000e+05
1.571980000000000000e+05
1.158845000000000000e+06
7.175210000000000000e+05
3.246010000000000000e+05
1.594838000000000000e+06
3.005700000000000000e+05
1.372503000000000000e+06
1.155277000000000000e+06
2.356110000000000000e+05
1.503458000000000000e+06
5.884420000000000000e+05
9.105600000000000000e+05
1.471474000000000000e+06
1.431120000000000000e+06
6.829290000000000000e+05
1.778428000000000000e+06
1.416368000000000000e+06
1.347914000000000000e+06
1.559002000000000000e+06
1.632158000000000000e+06
9.311000000000000000e+05
5.956150000000000000e+05
1.365335000000000000e+06
9.207550000000000000e+05
1.969760000000000000e+05
1.570160000000000000e+05
1.440303000000000000e+06
5.510490000000000000e+05
3.195440000000000000e+05
1.367162000000000000e+06
1.206329000000000000e+06
1.627615000000000000e+06
1.126444000000000000e+06
1.767504000000000000e+06
4.710130000000000000e+05
3.611960000000000000e+05
1.380760000000000000e+06
1.232041000000000000e+06
1.250595000000000000e+06
1.276654000000000000e+06
1.195341000000000000e+06
1.213641000000000000e+06
1.060199000000000000e+06
1.295539000000000000e+06
1.226003000000000000e+06
5.579500000000000000e+05
6.368660000000000000e+05
6.879310000000000000e+05
9.259300000000000000e+04
1.390665000000000000e+06
9.072080000000000000e+05
1.126764000000000000e+06
1.833330000000000000e+06
9.304700000000000000e+05
1.261576000000000000e+06
2.139700000000000000e+05
1.257875000000000000e+06
3.154680000000000000e+05
5.046860000000000000e+05
6.663930000000000000e+05
2.069260000000000000e+05
6.031420000000000000e+05
6.859300000000000000e+05
3.646870000000000000e+05
1.522987000000000000e+06
1.732847000000000000e+06
1.345406000000000000e+06
1.696681000000000000e+06
3.406200000000000000e+04
1.469428000000000000e+06
1.062525000000000000e+06
1.532048000000000000e+06
9.947000000000000000e+04
4.674130000000000000e+05
7.834600000000000000e+04
1.784307000000000000e+06
1.143945000000000000e+06
1.774850000000000000e+05
6.609780000000000000e+05
2.901470000000000000e+05
5.865740000000000000e+05
4.004380000000000000e+05
1.410500000000000000e+04
5.327320000000000000e+05
4.304630000000000000e+05
4.119310000000000000e+05
1.112873000000000000e+06
6.518480000000000000e+05
1.068600000000000000e+06
1.529461000000000000e+06
1.721149000000000000e+06
5.605140000000000000e+05
1.437853000000000000e+06
3.738620000000000000e+05
1.667508000000000000e+06
1.134116000000000000e+06
1.813649000000000000e+06
1.555322000000000000e+06
3.869850000000000000e+05
1.756464000000000000e+06
9.309940000000000000e+05
1.753344000000000000e+06
1.341014000000000000e+06
1.367529000000000000e+06
1.221310000000000000e+06
1.708149000000000000e+06
6.596780000000000000e+05
5.142080000000000000e+05
1.711590000000000000e+05
4.424360000000000000e+05
1.639586000000000000e+06
7.174800000000000000e+05
1.385223000000000000e+06
1.771913000000000000e+06
1.023604000000000000e+06
4.382660000000000000e+05
3.208890000000000000e+05
1.491116000000000000e+06
3.567660000000000000e+05
4.653530000000000000e+05
1.805200000000000000e+06
1.378337000000000000e+06
1.774696000000000000e+06
1.093413000000000000e+06
1.551855000000000000e+06
1.767618000000000000e+06
1.603005000000000000e+06
8.813110000000000000e+05
7.502000000000000000e+04
9.322000000000000000e+05
5.343830000000000000e+05
6.931120000000000000e+05
9.116800000000000000e+04
1.261740000000000000e+06
5.970580000000000000e+05
9.786000000000000000e+03
6.656100000000000000e+04
1.274104000000000000e+06
9.161380000000000000e+05
1.556153000000000000e+06
1.874750000000000000e+05
1.134182000000000000e+06
2.825570000000000000e+05
1.708235000000000000e+06
9.302740000000000000e+05
1.248470000000000000e+05
3.048540000000000000e+05
1.419233000000000000e+06
1.352572000000000000e+06
1.494950000000000000e+06
3.325150000000000000e+05
2.534920000000000000e+05
1.149481000000000000e+06
4.561120000000000000e+05
1.155502000000000000e+06
1.669757000000000000e+06
5.527240000000000000e+05
3.277860000000000000e+05
4.164870000000000000e+05
1.235255000000000000e+06
1.342225000000000000e+06
4.873450000000000000e+05
1.082007000000000000e+06
1.442619000000000000e+06
5.760880000000000000e+05
1.060987000000000000e+06
6.859810000000000000e+05
1.485357000000000000e+06
1.082660000000000000e+05
1.513474000000000000e+06
1.760219000000000000e+06
1.420431000000000000e+06
1.668302000000000000e+06
1.935360000000000000e+05
1.351814000000000000e+06
1.825865000000000000e+06
1.085211000000000000e+06
8.057400000000000000e+04
1.143768000000000000e+06
9.536130000000000000e+05
1.631335000000000000e+06
1.601806000000000000e+06
1.518041000000000000e+06
9.311190000000000000e+05
3.888020000000000000e+05
1.373873000000000000e+06
3.886540000000000000e+05
1.344194000000000000e+06
1.479912000000000000e+06
3.458740000000000000e+05
6.891410000000000000e+05
6.693660000000000000e+05
1.165094000000000000e+06
5.161300000000000000e+05
1.362170000000000000e+05
1.766170000000000000e+05
1.747226000000000000e+06
2.041360000000000000e+05
2.373370000000000000e+05
1.348499000000000000e+06
1.828362000000000000e+06
4.440000000000000000e+02
1.736688000000000000e+06
1.380060000000000000e+05
1.722282000000000000e+06
1.263304000000000000e+06
1.555823000000000000e+06
1.393797000000000000e+06
1.288474000000000000e+06
1.154199000000000000e+06
5.518890000000000000e+05
5.539510000000000000e+05
1.679890000000000000e+05
1.139475000000000000e+06
1.376610000000000000e+05
1.076065000000000000e+06
1.550841000000000000e+06
3.700090000000000000e+05
3.075990000000000000e+05
1.082746000000000000e+06
3.952530000000000000e+05
1.225810000000000000e+05
5.792960000000000000e+05
1.143627000000000000e+06
1.813512000000000000e+06
1.444354000000000000e+06
1.410486000000000000e+06
1.462734000000000000e+06
1.710571000000000000e+06
3.184980000000000000e+05
1.338608000000000000e+06
1.286200000000000000e+05
7.028450000000000000e+05
1.710841000000000000e+06
1.457610000000000000e+06
1.750643000000000000e+06
4.647690000000000000e+05
1.031200000000000000e+05
3.197060000000000000e+05
3.094410000000000000e+05
7.356690000000000000e+05
1.842835000000000000e+06
1.084150000000000000e+05
1.220355000000000000e+06
8.217830000000000000e+05
1.835070000000000000e+06
2.925820000000000000e+05
4.083090000000000000e+05
9.340210000000000000e+05
4.743910000000000000e+05
1.513093000000000000e+06
1.784505000000000000e+06
1.426924000000000000e+06
1.709170000000000000e+05
1.363720000000000000e+05
6.381330000000000000e+05
3.900690000000000000e+05
1.607982000000000000e+06
7.277060000000000000e+05
1.253187000000000000e+06
1.190638000000000000e+06
5.243700000000000000e+04
3.714870000000000000e+05
3.696460000000000000e+05
3.795230000000000000e+05
5.844790000000000000e+05
1.295772000000000000e+06
1.301278000000000000e+06
1.196599000000000000e+06
1.668279000000000000e+06
4.120130000000000000e+05
1.487036000000000000e+06
3.315100000000000000e+05
1.640666000000000000e+06
5.466370000000000000e+05
1.204607000000000000e+06
1.482716000000000000e+06
1.463269000000000000e+06
1.727393000000000000e+06
1.230419000000000000e+06
3.886560000000000000e+05
4.580800000000000000e+04
6.255880000000000000e+05
1.144042000000000000e+06
1.211992000000000000e+06
3.798460000000000000e+05
5.768220000000000000e+05
1.346340000000000000e+05
3.820840000000000000e+05
7.265600000000000000e+05
1.507199000000000000e+06
3.023600000000000000e+05
1.645887000000000000e+06
1.347367000000000000e+06
3.778680000000000000e+05
1.091142000000000000e+06
2.405600000000000000e+04
1.339915000000000000e+06
1.470064000000000000e+06
1.030772000000000000e+06
3.622860000000000000e+05
1.778920000000000000e+05
1.433137000000000000e+06
7.102880000000000000e+05
1.026661000000000000e+06
4.971600000000000000e+05
1.602448000000000000e+06
1.631250000000000000e+05
4.885410000000000000e+05
2.885240000000000000e+05
6.169330000000000000e+05
1.295391000000000000e+06
1.482158000000000000e+06
1.715197000000000000e+06
1.025277000000000000e+06
1.504041000000000000e+06
4.778440000000000000e+05
1.164376000000000000e+06
1.082369000000000000e+06
1.739830000000000000e+06
1.633367000000000000e+06
6.752820000000000000e+05
9.311620000000000000e+05
3.891320000000000000e+05
1.642067000000000000e+06
1.778347000000000000e+06
3.491660000000000000e+05
1.461510000000000000e+06
7.325220000000000000e+05
1.563265000000000000e+06
5.209340000000000000e+05
1.321388000000000000e+06
1.443225000000000000e+06
5.902370000000000000e+05
1.756539000000000000e+06
1.552971000000000000e+06
3.051440000000000000e+05
1.483199000000000000e+06
4.966270000000000000e+05
1.581755000000000000e+06
4.469810000000000000e+05
1.575739000000000000e+06
1.458233000000000000e+06
9.282240000000000000e+05
5.815200000000000000e+04
1.298454000000000000e+06
3.362300000000000000e+04
3.888450000000000000e+05
1.279524000000000000e+06
6.639730000000000000e+05
1.295029000000000000e+06
5.586300000000000000e+05
1.763693000000000000e+06
5.768160000000000000e+05
1.242236000000000000e+06
1.233761000000000000e+06
1.413139000000000000e+06
1.428510000000000000e+05
1.631721000000000000e+06
3.041300000000000000e+04
6.559550000000000000e+05
6.994720000000000000e+05
1.067030000000000000e+06
1.994480000000000000e+05
9.139800000000000000e+05
9.093770000000000000e+05
1.547841000000000000e+06
7.998800000000000000e+04
1.333076000000000000e+06
1.461341000000000000e+06
2.316440000000000000e+05
2.779140000000000000e+05
1.850250000000000000e+05
1.677225000000000000e+06
1.310140000000000000e+06
5.053960000000000000e+05
1.231475000000000000e+06
1.560421000000000000e+06
1.640533000000000000e+06
1.165245000000000000e+06
1.379057000000000000e+06
2.598390000000000000e+05
1.715244000000000000e+06
1.765701000000000000e+06
8.958420000000000000e+05
1.795930000000000000e+05
3.335580000000000000e+05
1.543850000000000000e+06
2.464450000000000000e+05
8.934200000000000000e+04
1.633955000000000000e+06
2.938700000000000000e+04
1.808938000000000000e+06
2.112780000000000000e+05
1.346914000000000000e+06
1.638265000000000000e+06
1.813945000000000000e+06
1.406578000000000000e+06
1.088324000000000000e+06
1.337380000000000000e+05
1.640416000000000000e+06
1.724478000000000000e+06
1.755610000000000000e+06
3.906150000000000000e+05
6.863610000000000000e+05
1.525622000000000000e+06
1.868930000000000000e+05
1.527652000000000000e+06
1.574274000000000000e+06
4.606830000000000000e+05
1.254405000000000000e+06
2.442500000000000000e+04
1.419482000000000000e+06
1.307769000000000000e+06
1.568851000000000000e+06
1.109580000000000000e+06
1.852538000000000000e+06
7.539900000000000000e+05
7.087720000000000000e+05
1.378322000000000000e+06
1.749796000000000000e+06
1.629847000000000000e+06
8.009930000000000000e+05
8.330530000000000000e+05
1.207277000000000000e+06
1.759809000000000000e+06
1.227817000000000000e+06
1.479925000000000000e+06
1.246537000000000000e+06
1.695507000000000000e+06
1.672000000000000000e+05
2.133280000000000000e+05
9.372630000000000000e+05
2.887640000000000000e+05
1.422843000000000000e+06
1.761459000000000000e+06
1.851449000000000000e+06
1.766164000000000000e+06
5.617800000000000000e+04
3.901040000000000000e+05
1.159330000000000000e+06
1.596920000000000000e+06
7.208520000000000000e+05
1.443980000000000000e+05
4.710490000000000000e+05
1.281948000000000000e+06
8.097000000000000000e+03
1.260270000000000000e+06
1.855648000000000000e+06
5.074700000000000000e+05
6.936210000000000000e+05
1.464682000000000000e+06
1.459407000000000000e+06
1.261834000000000000e+06
9.562900000000000000e+04
1.533651000000000000e+06
1.839553000000000000e+06
6.606890000000000000e+05
1.068740000000000000e+06
6.824300000000000000e+04
1.386946000000000000e+06
2.956480000000000000e+05
2.939820000000000000e+05
1.679083000000000000e+06
3.319070000000000000e+05
7.387380000000000000e+05
