1.708314000000000000e+06
1.522634000000000000e+06
1.518674000000000000e+06
1.613727000000000000e+06
1.711408000000000000e+06
1.161619000000000000e+06
4.499460000000000000e+05
9.325970000000000000e+05
1.753408000000000000e+06
1.714200000000000000e+05
1.667588000000000000e+06
1.060885000000000000e+06
1.745151000000000000e+06
6.551240000000000000e+05
4.496070000000000000e+05
4.559260000000000000e+05
4.949720000000000000e+05
1.492774000000000000e+06
1.485214000000000000e+06
3.702520000000000000e+05
1.668479000000000000e+06
3.414370000000000000e+05
1.510649000000000000e+06
1.530987000000000000e+06
2.601600000000000000e+04
6.737780000000000000e+05
2.624250000000000000e+05
1.213530000000000000e+06
1.329559000000000000e+06
1.496598000000000000e+06
2.480300000000000000e+04
2.627700000000000000e+04
5.862350000000000000e+05
5.661490000000000000e+05
1.219197000000000000e+06
7.674790000000000000e+05
3.141940000000000000e+05
1.473555000000000000e+06
8.906600000000000000e+04
1.856759000000000000e+06
7.089830000000000000e+05
1.331429000000000000e+06
1.150548000000000000e+06
1.719040000000000000e+05
1.758431000000000000e+06
1.729660000000000000e+05
1.499470000000000000e+05
1.176329000000000000e+06
2.011600000000000000e+04
1.710007000000000000e+06
1.708496000000000000e+06
1.226118000000000000e+06
1.811111000000000000e+06
1.366660000000000000e+05
5.240760000000000000e+05
9.025290000000000000e+05
9.311300000000000000e+05
1.158004000000000000e+06
1.843060000000000000e+05
1.567140000000000000e+06
1.042671000000000000e+06
1.115530000000000000e+06
7.270900000000000000e+04
9.320410000000000000e+05
1.088365000000000000e+06
1.256517000000000000e+06
1.059678000000000000e+06
1.776680000000000000e+05
9.042800000000000000e+04
1.840087000000000000e+06
1.094496000000000000e+06
7.207720000000000000e+05
1.485217000000000000e+06
1.431650000000000000e+05
3.414460000000000000e+05
2.855400000000000000e+04
3.330760000000000000e+05
4.053450000000000000e+05
1.787072000000000000e+06
1.366480000000000000e+05
1.567577000000000000e+06
1.747679000000000000e+06
8.445200000000000000e+04
1.685771000000000000e+06
9.353540000000000000e+05
1.400453000000000000e+06
1.567020000000000000e+05
9.893970000000000000e+05
1.757741000000000000e+06
4.503480000000000000e+05
1.370177000000000000e+06
6.936500000000000000e+05
1.494808000000000000e+06
7.208260000000000000e+05
1.659263000000000000e+06
9.251050000000000000e+05
1.725920000000000000e+05
2.423130000000000000e+05
4.355310000000000000e+05
5.875310000000000000e+05
1.790479000000000000e+06
1.426053000000000000e+06
1.381906000000000000e+06
1.331761000000000000e+06
2.283700000000000000e+04
1.596639000000000000e+06
9.508260000000000000e+05
1.581171000000000000e+06
6.597450000000000000e+05
2.875460000000000000e+05
1.772671000000000000e+06
3.391270000000000000e+05
1.095113000000000000e+06
1.761650000000000000e+05
1.947500000000000000e+04
1.533997000000000000e+06
1.493618000000000000e+06
4.928910000000000000e+05
1.547354000000000000e+06
1.290839000000000000e+06
4.100230000000000000e+05
1.656291000000000000e+06
1.556152000000000000e+06
1.109240000000000000e+05
9.295300000000000000e+05
1.939000000000000000e+04
3.714200000000000000e+04
1.366320000000000000e+06
3.366520000000000000e+05
2.014900000000000000e+04
1.417544000000000000e+06
1.528756000000000000e+06
2.514280000000000000e+05
1.523175000000000000e+06
1.899800000000000000e+04
1.686179000000000000e+06
1.403807000000000000e+06
1.366748000000000000e+06
6.420140000000000000e+05
1.379102000000000000e+06
1.237196000000000000e+06
1.255898000000000000e+06
9.176100000000000000e+05
1.025355000000000000e+06
1.213782000000000000e+06
1.755398000000000000e+06
1.226441000000000000e+06
1.064229000000000000e+06
1.567413000000000000e+06
9.341000000000000000e+05
1.303547000000000000e+06
1.365975000000000000e+06
8.921000000000000000e+04
5.255260000000000000e+05
1.218435000000000000e+06
4.879560000000000000e+05
4.781080000000000000e+05
3.228210000000000000e+05
5.713370000000000000e+05
6.643680000000000000e+05
3.333200000000000000e+05
2.666010000000000000e+05
3.725110000000000000e+05
1.147968000000000000e+06
1.881280000000000000e+05
1.318257000000000000e+06
1.226557000000000000e+06
6.912980000000000000e+05
6.068510000000000000e+05
1.810769000000000000e+06
1.601420000000000000e+06
6.159670000000000000e+05
6.781830000000000000e+05
1.383749000000000000e+06
7.318210000000000000e+05
1.802384000000000000e+06
1.755674000000000000e+06
9.356760000000000000e+05
4.942760000000000000e+05
4.497580000000000000e+05
3.763530000000000000e+05
5.247830000000000000e+05
1.064002000000000000e+06
4.651020000000000000e+05
2.191660000000000000e+05
1.562363000000000000e+06
1.398498000000000000e+06
1.361385000000000000e+06
3.895490000000000000e+05
7.608000000000000000e+03
3.664110000000000000e+05
1.359670000000000000e+05
3.736270000000000000e+05
1.364997000000000000e+06
1.556941000000000000e+06
7.277680000000000000e+05
1.737120000000000000e+05
6.855220000000000000e+05
4.935800000000000000e+04
8.527600000000000000e+04
1.708018000000000000e+06
5.970890000000000000e+05
1.383353000000000000e+06
1.213458000000000000e+06
4.950910000000000000e+05
5.804910000000000000e+05
5.984830000000000000e+05
2.253420000000000000e+05
1.034441000000000000e+06
1.366276000000000000e+06
5.844150000000000000e+05
1.376809000000000000e+06
1.918900000000000000e+04
1.077690000000000000e+05
1.249330000000000000e+05
1.238824000000000000e+06
1.751535000000000000e+06
7.094500000000000000e+05
1.598810000000000000e+06
1.712122000000000000e+06
5.681310000000000000e+05
1.177826000000000000e+06
1.369613000000000000e+06
1.658380000000000000e+05
1.131005000000000000e+06
6.886000000000000000e+04
1.120716000000000000e+06
1.596614000000000000e+06
1.366233000000000000e+06
2.967470000000000000e+05
5.246820000000000000e+05
1.479429000000000000e+06
1.532609000000000000e+06
1.478813000000000000e+06
1.762250000000000000e+06
