1.708314000000000000e+06
1.613727000000000000e+06
5.671360000000000000e+05
6.454590000000000000e+05
1.711408000000000000e+06
1.714200000000000000e+05
9.325970000000000000e+05
1.516563000000000000e+06
1.426053000000000000e+06
5.240760000000000000e+05
1.109240000000000000e+05
1.381906000000000000e+06
1.667588000000000000e+06
1.499470000000000000e+05
1.668479000000000000e+06
7.207720000000000000e+05
1.512871000000000000e+06
1.484910000000000000e+06
5.875310000000000000e+05
4.499460000000000000e+05
7.674790000000000000e+05
3.416530000000000000e+05
1.493618000000000000e+06
3.895490000000000000e+05
3.141940000000000000e+05
3.401200000000000000e+05
1.547354000000000000e+06
1.566355000000000000e+06
6.732770000000000000e+05
1.042671000000000000e+06
1.512127000000000000e+06
1.473555000000000000e+06
1.431650000000000000e+05
2.480300000000000000e+04
2.627700000000000000e+04
1.719040000000000000e+05
1.811111000000000000e+06
1.365975000000000000e+06
1.496598000000000000e+06
6.937330000000000000e+05
1.658380000000000000e+05
1.656291000000000000e+06
1.762861000000000000e+06
7.089830000000000000e+05
1.522634000000000000e+06
1.745151000000000000e+06
1.161619000000000000e+06
4.839070000000000000e+05
1.492774000000000000e+06
1.653520000000000000e+05
1.969300000000000000e+05
1.060885000000000000e+06
3.757230000000000000e+05
7.208260000000000000e+05
1.077690000000000000e+05
1.710007000000000000e+06
6.964920000000000000e+05
6.643680000000000000e+05
2.191660000000000000e+05
3.714600000000000000e+04
1.379102000000000000e+06
1.164299000000000000e+06
1.712122000000000000e+06
2.601600000000000000e+04
4.496070000000000000e+05
1.707066000000000000e+06
1.567418000000000000e+06
1.729660000000000000e+05
6.645490000000000000e+05
1.596639000000000000e+06
7.608000000000000000e+03
4.171310000000000000e+05
3.567600000000000000e+05
1.370237000000000000e+06
1.230338000000000000e+06
1.802384000000000000e+06
1.787072000000000000e+06
1.115530000000000000e+06
6.420140000000000000e+05
7.270900000000000000e+04
1.576130000000000000e+05
2.805470000000000000e+05
1.485217000000000000e+06
1.150548000000000000e+06
1.541872000000000000e+06
1.405871000000000000e+06
9.893970000000000000e+05
7.094500000000000000e+05
5.968700000000000000e+05
1.365370000000000000e+05
2.875460000000000000e+05
4.781080000000000000e+05
1.357145000000000000e+06
1.331429000000000000e+06
1.467877000000000000e+06
1.344630000000000000e+06
1.319090000000000000e+06
2.855400000000000000e+04
1.692999000000000000e+06
8.906600000000000000e+04
5.998780000000000000e+05
1.024799000000000000e+06
1.247030000000000000e+05
9.251050000000000000e+05
4.832560000000000000e+05
7.090310000000000000e+05
4.636370000000000000e+05
1.303734000000000000e+06
1.366320000000000000e+06
2.536200000000000000e+05
1.352240000000000000e+05
1.417544000000000000e+06
1.639596000000000000e+06
4.559260000000000000e+05
2.624250000000000000e+05
1.753408000000000000e+06
1.699177000000000000e+06
1.094178000000000000e+06
6.045260000000000000e+05
8.445200000000000000e+04
1.040291000000000000e+06
4.937580000000000000e+05
1.511078000000000000e+06
7.223670000000000000e+05
1.567020000000000000e+05
6.855220000000000000e+05
1.366480000000000000e+05
9.295300000000000000e+05
1.366276000000000000e+06
3.307280000000000000e+05
1.542692000000000000e+06
1.379004000000000000e+06
5.819600000000000000e+05
3.728220000000000000e+05
1.596074000000000000e+06
1.147968000000000000e+06
1.246170000000000000e+06
6.503110000000000000e+05
2.537960000000000000e+05
1.720522000000000000e+06
1.101790000000000000e+05
1.080850000000000000e+05
9.177600000000000000e+04
2.423130000000000000e+05
1.549531000000000000e+06
1.939000000000000000e+04
1.383749000000000000e+06
1.609978000000000000e+06
3.770950000000000000e+05
9.353540000000000000e+05
1.341454000000000000e+06
1.856759000000000000e+06
1.355844000000000000e+06
1.059678000000000000e+06
1.213530000000000000e+06
1.659263000000000000e+06
6.597450000000000000e+05
1.712510000000000000e+05
9.042800000000000000e+04
4.607500000000000000e+05
1.226118000000000000e+06
1.255898000000000000e+06
2.283700000000000000e+04
1.370050000000000000e+06
1.855889000000000000e+06
5.713370000000000000e+05
1.674697000000000000e+06
2.651700000000000000e+04
1.790479000000000000e+06
9.495210000000000000e+05
3.664110000000000000e+05
1.483959000000000000e+06
1.958100000000000000e+05
1.761650000000000000e+05
2.069950000000000000e+05
5.862350000000000000e+05
1.176537000000000000e+06
6.921400000000000000e+05
1.810769000000000000e+06
1.598810000000000000e+06
1.757741000000000000e+06
1.251293000000000000e+06
5.288010000000000000e+05
1.644070000000000000e+06
1.751594000000000000e+06
1.751327000000000000e+06
6.781470000000000000e+05
4.949720000000000000e+05
4.651020000000000000e+05
1.064229000000000000e+06
4.391400000000000000e+04
3.407740000000000000e+05
1.624424000000000000e+06
1.567413000000000000e+06
2.642430000000000000e+05
1.567840000000000000e+05
1.556941000000000000e+06
1.686179000000000000e+06
1.381818000000000000e+06
4.942760000000000000e+05
1.349156000000000000e+06
5.767730000000000000e+05
1.707483000000000000e+06
3.702520000000000000e+05
1.089894000000000000e+06
9.357760000000000000e+05
2.011600000000000000e+04
1.372281000000000000e+06
1.094813000000000000e+06
1.594748000000000000e+06
2.998500000000000000e+04
1.788633000000000000e+06
1.025355000000000000e+06
