7.784930000000000000e+05
8.394380000000000000e+05
8.085840000000000000e+05
8.711250000000000000e+05
9.667180000000000000e+05
1.215723000000000000e+06
7.883430000000000000e+05
8.206690000000000000e+05
8.560570000000000000e+05
9.554990000000000000e+05
8.634340000000000000e+05
7.952630000000000000e+05
9.853000000000000000e+05
7.564440000000000000e+05
9.643780000000000000e+05
9.622880000000000000e+05
8.899660000000000000e+05
8.333580000000000000e+05
7.814110000000000000e+05
8.287240000000000000e+05
9.412480000000000000e+05
8.300950000000000000e+05
8.850490000000000000e+05
1.098819000000000000e+06
9.610610000000000000e+05
7.664400000000000000e+05
9.933360000000000000e+05
9.368350000000000000e+05
8.594550000000000000e+05
9.908270000000000000e+05
1.047473000000000000e+06
7.664370000000000000e+05
1.349310000000000000e+05
1.063597000000000000e+06
1.216847000000000000e+06
9.520190000000000000e+05
8.943470000000000000e+05
9.360380000000000000e+05
1.333751000000000000e+06
8.761330000000000000e+05
3.863970000000000000e+05
7.366180000000000000e+05
7.767330000000000000e+05
8.353580000000000000e+05
9.953640000000000000e+05
1.353760000000000000e+05
1.215344000000000000e+06
7.297880000000000000e+05
2.463300000000000000e+04
8.954190000000000000e+05
1.217674000000000000e+06
1.744408000000000000e+06
7.143600000000000000e+05
7.611380000000000000e+05
1.806356000000000000e+06
7.356260000000000000e+05
9.554770000000000000e+05
8.662320000000000000e+05
7.460470000000000000e+05
8.910620000000000000e+05
9.538640000000000000e+05
8.875400000000000000e+05
3.828050000000000000e+05
3.354000000000000000e+04
1.053409000000000000e+06
8.934440000000000000e+05
4.478060000000000000e+05
8.703920000000000000e+05
1.766431000000000000e+06
9.379320000000000000e+05
2.361400000000000000e+04
9.698490000000000000e+05
7.654340000000000000e+05
1.056962000000000000e+06
9.946620000000000000e+05
8.976180000000000000e+05
7.512530000000000000e+05
5.208960000000000000e+05
8.167840000000000000e+05
8.585270000000000000e+05
9.908750000000000000e+05
1.667905000000000000e+06
8.947660000000000000e+05
3.322940000000000000e+05
8.740120000000000000e+05
1.018389000000000000e+06
7.638020000000000000e+05
8.802080000000000000e+05
9.851680000000000000e+05
8.961160000000000000e+05
1.415993000000000000e+06
9.506340000000000000e+05
1.348270000000000000e+05
3.898790000000000000e+05
9.555900000000000000e+05
7.637340000000000000e+05
1.138223000000000000e+06
8.319500000000000000e+05
7.995400000000000000e+05
9.680390000000000000e+05
9.210780000000000000e+05
7.625920000000000000e+05
9.329050000000000000e+05
1.640834000000000000e+06
1.723150000000000000e+06
7.656940000000000000e+05
4.005110000000000000e+05
7.226960000000000000e+05
8.892890000000000000e+05
5.181650000000000000e+05
1.637534000000000000e+06
9.596410000000000000e+05
8.504100000000000000e+05
8.157170000000000000e+05
1.302911000000000000e+06
6.978260000000000000e+05
7.673840000000000000e+05
9.958750000000000000e+05
1.754910000000000000e+05
7.307700000000000000e+05
8.122690000000000000e+05
8.427460000000000000e+05
7.802730000000000000e+05
1.006793000000000000e+06
8.445280000000000000e+05
9.095650000000000000e+05
1.707136000000000000e+06
8.507030000000000000e+05
8.172270000000000000e+05
9.243680000000000000e+05
1.253224000000000000e+06
1.553276000000000000e+06
1.633904000000000000e+06
1.805391000000000000e+06
1.808051000000000000e+06
7.083150000000000000e+05
6.985900000000000000e+04
8.979030000000000000e+05
2.379500000000000000e+04
9.685010000000000000e+05
1.338344000000000000e+06
9.528570000000000000e+05
8.650000000000000000e+04
1.206906000000000000e+06
9.367700000000000000e+04
8.672160000000000000e+05
3.463240000000000000e+05
1.640298000000000000e+06
1.086386000000000000e+06
6.872000000000000000e+05
8.007000000000000000e+04
1.348230000000000000e+06
7.905620000000000000e+05
8.943370000000000000e+05
1.420800000000000000e+05
1.342457000000000000e+06
3.836230000000000000e+05
8.350650000000000000e+05
1.523732000000000000e+06
1.203300000000000000e+05
4.629620000000000000e+05
1.134182000000000000e+06
1.245788000000000000e+06
1.666160000000000000e+06
7.288100000000000000e+05
2.217890000000000000e+05
1.216381000000000000e+06
1.333624000000000000e+06
1.275681000000000000e+06
1.549226000000000000e+06
3.660170000000000000e+05
1.044355000000000000e+06
1.725474000000000000e+06
1.008023000000000000e+06
1.034595000000000000e+06
1.778920000000000000e+05
1.098124000000000000e+06
4.480840000000000000e+05
9.435590000000000000e+05
7.802870000000000000e+05
8.627100000000000000e+05
1.311725000000000000e+06
1.065880000000000000e+06
7.773550000000000000e+05
7.810600000000000000e+04
1.098760000000000000e+06
1.244814000000000000e+06
1.058240000000000000e+06
8.986190000000000000e+05
9.634050000000000000e+05
9.966990000000000000e+05
7.235470000000000000e+05
1.090313000000000000e+06
1.043900000000000000e+06
9.437370000000000000e+05
1.214621000000000000e+06
1.325021000000000000e+06
7.273890000000000000e+05
1.406064000000000000e+06
2.448120000000000000e+05
9.335330000000000000e+05
1.411997000000000000e+06
1.626683000000000000e+06
1.074219000000000000e+06
1.242058000000000000e+06
1.288830000000000000e+05
4.380430000000000000e+05
7.485970000000000000e+05
1.710800000000000000e+06
1.087011000000000000e+06
1.098905000000000000e+06
8.370040000000000000e+05
7.885660000000000000e+05
1.215393000000000000e+06
1.098210000000000000e+06
1.182252000000000000e+06
1.492203000000000000e+06
3.411600000000000000e+05
2.407970000000000000e+05
1.213682000000000000e+06
5.899570000000000000e+05
1.335819000000000000e+06
1.224046000000000000e+06
9.657110000000000000e+05
1.607982000000000000e+06
1.689980000000000000e+05
9.133120000000000000e+05
8.953940000000000000e+05
1.001368000000000000e+06
1.807711000000000000e+06
1.738950000000000000e+05
1.180358000000000000e+06
7.366060000000000000e+05
7.104410000000000000e+05
9.767910000000000000e+05
1.753027000000000000e+06
1.441188000000000000e+06
1.061568000000000000e+06
1.057906000000000000e+06
6.906840000000000000e+05
1.427863000000000000e+06
3.046200000000000000e+04
2.433800000000000000e+04
1.099267000000000000e+06
1.766084000000000000e+06
1.157637000000000000e+06
7.759220000000000000e+05
8.129810000000000000e+05
8.982560000000000000e+05
3.583100000000000000e+04
9.146770000000000000e+05
6.693660000000000000e+05
1.101070000000000000e+06
9.485570000000000000e+05
1.217917000000000000e+06
1.055272000000000000e+06
9.031710000000000000e+05
9.670020000000000000e+05
1.242646000000000000e+06
1.514711000000000000e+06
1.058330000000000000e+06
1.152367000000000000e+06
1.213131000000000000e+06
9.143180000000000000e+05
9.426220000000000000e+05
1.656590000000000000e+06
1.414480000000000000e+05
5.950780000000000000e+05
7.996090000000000000e+05
8.594430000000000000e+05
9.366530000000000000e+05
3.897060000000000000e+05
1.180130000000000000e+05
1.024696000000000000e+06
1.806954000000000000e+06
1.721180000000000000e+05
5.042030000000000000e+05
1.717895000000000000e+06
4.955320000000000000e+05
1.426390000000000000e+06
4.465530000000000000e+05
1.554970000000000000e+06
4.943310000000000000e+05
5.671830000000000000e+05
3.799470000000000000e+05
1.679982000000000000e+06
1.718930000000000000e+06
1.718400000000000000e+05
1.102750000000000000e+06
9.211300000000000000e+04
3.090800000000000000e+05
8.351910000000000000e+05
9.964690000000000000e+05
1.188670000000000000e+05
1.453350000000000000e+06
9.007690000000000000e+05
1.245345000000000000e+06
1.067922000000000000e+06
1.029470000000000000e+06
2.699040000000000000e+05
1.160077000000000000e+06
2.285650000000000000e+05
6.892920000000000000e+05
5.804000000000000000e+04
1.645497000000000000e+06
1.138955000000000000e+06
7.256760000000000000e+05
1.632958000000000000e+06
2.327350000000000000e+05
9.951340000000000000e+05
7.420240000000000000e+05
1.422508000000000000e+06
1.428766000000000000e+06
1.040847000000000000e+06
7.626850000000000000e+05
1.231734000000000000e+06
1.228996000000000000e+06
1.342267000000000000e+06
1.283438000000000000e+06
1.586512000000000000e+06
8.963950000000000000e+05
1.762829000000000000e+06
7.665420000000000000e+05
3.431700000000000000e+04
1.725617000000000000e+06
4.498680000000000000e+05
1.804955000000000000e+06
5.197020000000000000e+05
1.037789000000000000e+06
1.736728000000000000e+06
1.941500000000000000e+05
1.070441000000000000e+06
4.962770000000000000e+05
6.849150000000000000e+05
1.241074000000000000e+06
1.333806000000000000e+06
1.531420000000000000e+05
4.783010000000000000e+05
3.883470000000000000e+05
6.309180000000000000e+05
1.827180000000000000e+06
1.422109000000000000e+06
6.884330000000000000e+05
4.365300000000000000e+05
1.131919000000000000e+06
1.355650000000000000e+05
1.152587000000000000e+06
7.454890000000000000e+05
1.225115000000000000e+06
1.704900000000000000e+05
1.342195000000000000e+06
8.924590000000000000e+05
1.185718000000000000e+06
1.060458000000000000e+06
4.791780000000000000e+05
8.123000000000000000e+04
4.273620000000000000e+05
9.270280000000000000e+05
1.556066000000000000e+06
1.821940000000000000e+05
4.640770000000000000e+05
1.520697000000000000e+06
1.081022000000000000e+06
1.833190000000000000e+06
4.036070000000000000e+05
2.662280000000000000e+05
1.085526000000000000e+06
2.782730000000000000e+05
1.299593000000000000e+06
6.943640000000000000e+05
3.878120000000000000e+05
9.543390000000000000e+05
1.037084000000000000e+06
3.376660000000000000e+05
9.120950000000000000e+05
1.064677000000000000e+06
3.819440000000000000e+05
1.294579000000000000e+06
1.422250000000000000e+05
1.218501000000000000e+06
1.464619000000000000e+06
7.251640000000000000e+05
1.532048000000000000e+06
1.412730000000000000e+05
1.765233000000000000e+06
3.819150000000000000e+05
9.639130000000000000e+05
9.547730000000000000e+05
6.169330000000000000e+05
5.292880000000000000e+05
1.165437000000000000e+06
1.036578000000000000e+06
2.403200000000000000e+05
1.218432000000000000e+06
1.217754000000000000e+06
1.081492000000000000e+06
1.379057000000000000e+06
7.364910000000000000e+05
5.208810000000000000e+05
1.223561000000000000e+06
1.525284000000000000e+06
1.030983000000000000e+06
2.246000000000000000e+03
2.789000000000000000e+05
7.042130000000000000e+05
9.128710000000000000e+05
8.235760000000000000e+05
1.456473000000000000e+06
9.283430000000000000e+05
1.585078000000000000e+06
1.852910000000000000e+06
8.570920000000000000e+05
7.784560000000000000e+05
7.873240000000000000e+05
6.559920000000000000e+05
1.156438000000000000e+06
1.529200000000000000e+06
9.949220000000000000e+05
1.773941000000000000e+06
1.736942000000000000e+06
8.968190000000000000e+05
1.231283000000000000e+06
5.621890000000000000e+05
1.268526000000000000e+06
3.115760000000000000e+05
1.265526000000000000e+06
1.082486000000000000e+06
8.234090000000000000e+05
9.593850000000000000e+05
1.287521000000000000e+06
1.352390000000000000e+05
1.340919000000000000e+06
8.666950000000000000e+05
7.762290000000000000e+05
5.776300000000000000e+04
1.342516000000000000e+06
9.496050000000000000e+05
8.186600000000000000e+04
7.310090000000000000e+05
5.242040000000000000e+05
7.283830000000000000e+05
1.244597000000000000e+06
4.947780000000000000e+05
4.648260000000000000e+05
1.031351000000000000e+06
8.994930000000000000e+05
1.648334000000000000e+06
1.041607000000000000e+06
9.362380000000000000e+05
4.033300000000000000e+04
8.934200000000000000e+04
1.811106000000000000e+06
1.081739000000000000e+06
3.115700000000000000e+05
1.977730000000000000e+05
1.161595000000000000e+06
7.412230000000000000e+05
1.634733000000000000e+06
1.555823000000000000e+06
6.873380000000000000e+05
3.758470000000000000e+05
1.009120000000000000e+05
3.911660000000000000e+05
4.025090000000000000e+05
9.502490000000000000e+05
1.634038000000000000e+06
9.785940000000000000e+05
9.126800000000000000e+05
1.476345000000000000e+06
