8.654090000000000000e+05
8.100180000000000000e+05
7.768150000000000000e+05
9.667180000000000000e+05
1.215723000000000000e+06
8.634340000000000000e+05
7.952630000000000000e+05
9.560530000000000000e+05
8.458600000000000000e+05
8.013110000000000000e+05
9.626860000000000000e+05
7.564440000000000000e+05
8.333580000000000000e+05
9.643780000000000000e+05
7.664400000000000000e+05
9.924350000000000000e+05
8.899660000000000000e+05
8.300950000000000000e+05
8.152220000000000000e+05
7.814110000000000000e+05
8.811430000000000000e+05
8.864910000000000000e+05
9.368350000000000000e+05
7.705150000000000000e+05
1.349310000000000000e+05
9.792410000000000000e+05
1.099017000000000000e+06
8.548540000000000000e+05
9.554770000000000000e+05
9.457210000000000000e+05
1.047368000000000000e+06
1.063597000000000000e+06
7.362940000000000000e+05
3.861250000000000000e+05
7.664370000000000000e+05
1.216847000000000000e+06
1.353760000000000000e+05
9.603130000000000000e+05
9.682920000000000000e+05
1.333751000000000000e+06
1.806356000000000000e+06
3.898790000000000000e+05
2.463300000000000000e+04
9.360380000000000000e+05
8.761330000000000000e+05
1.217674000000000000e+06
9.902000000000000000e+05
7.142800000000000000e+05
1.056122000000000000e+06
9.654240000000000000e+05
8.943470000000000000e+05
7.297880000000000000e+05
9.946620000000000000e+05
9.534580000000000000e+05
8.875400000000000000e+05
9.538640000000000000e+05
1.725474000000000000e+06
7.460470000000000000e+05
7.613700000000000000e+05
8.934440000000000000e+05
1.805391000000000000e+06
7.356260000000000000e+05
8.650000000000000000e+04
1.744408000000000000e+06
3.828050000000000000e+05
1.667905000000000000e+06
1.311682000000000000e+06
8.809210000000000000e+05
9.953640000000000000e+05
4.478060000000000000e+05
8.445280000000000000e+05
1.215344000000000000e+06
2.383900000000000000e+04
9.698490000000000000e+05
9.381680000000000000e+05
8.004470000000000000e+05
8.627100000000000000e+05
1.808140000000000000e+06
7.423770000000000000e+05
1.138223000000000000e+06
8.353580000000000000e+05
7.767330000000000000e+05
8.285850000000000000e+05
1.018389000000000000e+06
8.910620000000000000e+05
9.485570000000000000e+05
7.611380000000000000e+05
1.724042000000000000e+06
9.528570000000000000e+05
3.897060000000000000e+05
8.007000000000000000e+04
1.554970000000000000e+06
9.851680000000000000e+05
9.160250000000000000e+05
7.759620000000000000e+05
8.090840000000000000e+05
1.006793000000000000e+06
7.726260000000000000e+05
1.101536000000000000e+06
1.414808000000000000e+06
1.053409000000000000e+06
8.802080000000000000e+05
8.188300000000000000e+04
8.480380000000000000e+05
8.976180000000000000e+05
6.887780000000000000e+05
1.348230000000000000e+06
1.725617000000000000e+06
7.625920000000000000e+05
1.180358000000000000e+06
9.243680000000000000e+05
9.070070000000000000e+05
9.908750000000000000e+05
7.568820000000000000e+05
1.245199000000000000e+06
8.979030000000000000e+05
1.585078000000000000e+06
1.338344000000000000e+06
1.767540000000000000e+05
9.122690000000000000e+05
1.253224000000000000e+06
8.947660000000000000e+05
1.667175000000000000e+06
8.986190000000000000e+05
8.657730000000000000e+05
1.034595000000000000e+06
7.542910000000000000e+05
8.464860000000000000e+05
8.144550000000000000e+05
8.954190000000000000e+05
1.773941000000000000e+06
5.208960000000000000e+05
8.029890000000000000e+05
1.160077000000000000e+06
1.283438000000000000e+06
6.906840000000000000e+05
7.802730000000000000e+05
9.332370000000000000e+05
1.060458000000000000e+06
7.702580000000000000e+05
1.342586000000000000e+06
1.065880000000000000e+06
8.252650000000000000e+05
8.585270000000000000e+05
1.214621000000000000e+06
1.043900000000000000e+06
7.633470000000000000e+05
8.961160000000000000e+05
1.656707000000000000e+06
7.485970000000000000e+05
1.679983000000000000e+06
1.024696000000000000e+06
5.780300000000000000e+04
1.224046000000000000e+06
8.672160000000000000e+05
1.206906000000000000e+06
7.504460000000000000e+05
1.029470000000000000e+06
9.435590000000000000e+05
5.955810000000000000e+05
6.913730000000000000e+05
9.329050000000000000e+05
3.354000000000000000e+04
9.283430000000000000e+05
1.633923000000000000e+06
1.554540000000000000e+06
9.012400000000000000e+05
7.571210000000000000e+05
3.738620000000000000e+05
8.509480000000000000e+05
9.133120000000000000e+05
8.197530000000000000e+05
1.098124000000000000e+06
1.037390000000000000e+06
1.134182000000000000e+06
1.185718000000000000e+06
1.766431000000000000e+06
7.326930000000000000e+05
1.809594000000000000e+06
1.302855000000000000e+06
1.359770000000000000e+05
7.273890000000000000e+05
2.379500000000000000e+04
3.090800000000000000e+05
8.471640000000000000e+05
2.442770000000000000e+05
1.640834000000000000e+06
1.149165000000000000e+06
1.217754000000000000e+06
9.142850000000000000e+05
9.437370000000000000e+05
2.217890000000000000e+05
8.216630000000000000e+05
7.799900000000000000e+05
1.492203000000000000e+06
1.553555000000000000e+06
3.819150000000000000e+05
4.640770000000000000e+05
1.637534000000000000e+06
8.955260000000000000e+05
1.008023000000000000e+06
1.085753000000000000e+06
1.164512000000000000e+06
1.406064000000000000e+06
3.303450000000000000e+05
9.639130000000000000e+05
8.740120000000000000e+05
5.203490000000000000e+05
6.985900000000000000e+04
1.275681000000000000e+06
1.348270000000000000e+05
1.440657000000000000e+06
9.951340000000000000e+05
1.268526000000000000e+06
1.593096000000000000e+06
1.526463000000000000e+06
1.852910000000000000e+06
1.428797000000000000e+06
1.216381000000000000e+06
1.054090000000000000e+05
5.208810000000000000e+05
2.782730000000000000e+05
6.728100000000000000e+04
1.296330000000000000e+05
1.044355000000000000e+06
9.367700000000000000e+04
1.645497000000000000e+06
1.347923000000000000e+06
1.335828000000000000e+06
5.789090000000000000e+05
7.083150000000000000e+05
7.226960000000000000e+05
5.694910000000000000e+05
7.927080000000000000e+05
7.288100000000000000e+05
1.430444000000000000e+06
8.594430000000000000e+05
9.937170000000000000e+05
7.671740000000000000e+05
1.213682000000000000e+06
1.553237000000000000e+06
9.967800000000000000e+05
3.984460000000000000e+05
1.115995000000000000e+06
9.632260000000000000e+05
1.699144000000000000e+06
1.809662000000000000e+06
1.632498000000000000e+06
1.977730000000000000e+05
2.425460000000000000e+05
1.067922000000000000e+06
1.520697000000000000e+06
5.950780000000000000e+05
3.795040000000000000e+05
4.351620000000000000e+05
1.036578000000000000e+06
1.807711000000000000e+06
3.911660000000000000e+05
1.001368000000000000e+06
1.434278000000000000e+06
1.099267000000000000e+06
8.683360000000000000e+05
8.286170000000000000e+05
7.958920000000000000e+05
1.090313000000000000e+06
1.776110000000000000e+06
9.573870000000000000e+05
1.059311000000000000e+06
1.555322000000000000e+06
1.333624000000000000e+06
1.245478000000000000e+06
1.064677000000000000e+06
3.227800000000000000e+04
4.306760000000000000e+05
1.241074000000000000e+06
1.087015000000000000e+06
5.570410000000000000e+05
1.634607000000000000e+06
8.368600000000000000e+04
1.738560000000000000e+05
1.721149000000000000e+06
1.437324000000000000e+06
2.927440000000000000e+05
8.953940000000000000e+05
4.679920000000000000e+05
3.836230000000000000e+05
1.086386000000000000e+06
9.964690000000000000e+05
1.161344000000000000e+06
1.043218000000000000e+06
1.152367000000000000e+06
9.555900000000000000e+05
1.632996000000000000e+06
9.250500000000000000e+05
5.727600000000000000e+04
6.722020000000000000e+05
1.421697000000000000e+06
4.033300000000000000e+04
1.037084000000000000e+06
4.480840000000000000e+05
9.670020000000000000e+05
1.098760000000000000e+06
1.138955000000000000e+06
1.237916000000000000e+06
1.432364000000000000e+06
4.381710000000000000e+05
5.197020000000000000e+05
1.331770000000000000e+06
1.133628000000000000e+06
1.149579000000000000e+06
1.131919000000000000e+06
9.328420000000000000e+05
3.465580000000000000e+05
8.968190000000000000e+05
1.766084000000000000e+06
1.151721000000000000e+06
1.523732000000000000e+06
1.352390000000000000e+05
1.245009000000000000e+06
7.366060000000000000e+05
4.025090000000000000e+05
9.238600000000000000e+04
1.311629000000000000e+06
1.941870000000000000e+05
1.843010000000000000e+05
8.123000000000000000e+04
4.380430000000000000e+05
7.397680000000000000e+05
2.712160000000000000e+05
9.520800000000000000e+05
9.007690000000000000e+05
1.280447000000000000e+06
1.129348000000000000e+06
1.136150000000000000e+05
1.522783000000000000e+06
1.208610000000000000e+06
1.804955000000000000e+06
1.689980000000000000e+05
1.776739000000000000e+06
1.284148000000000000e+06
2.662280000000000000e+05
3.593400000000000000e+04
1.288830000000000000e+05
1.232518000000000000e+06
1.422250000000000000e+05
1.630885000000000000e+06
1.103137000000000000e+06
1.710800000000000000e+06
1.827180000000000000e+06
9.543390000000000000e+05
1.074219000000000000e+06
2.433800000000000000e+04
1.634038000000000000e+06
3.819440000000000000e+05
7.342370000000000000e+05
1.833148000000000000e+06
1.554369000000000000e+06
4.791780000000000000e+05
5.287200000000000000e+05
2.719070000000000000e+05
1.055903000000000000e+06
1.063311000000000000e+06
4.532090000000000000e+05
1.969760000000000000e+05
1.341784000000000000e+06
4.930070000000000000e+05
4.496560000000000000e+05
1.839292000000000000e+06
1.279538000000000000e+06
6.632020000000000000e+05
1.188670000000000000e+05
1.231283000000000000e+06
5.204950000000000000e+05
5.898640000000000000e+05
3.299920000000000000e+05
1.426390000000000000e+06
1.215393000000000000e+06
1.453350000000000000e+06
1.203610000000000000e+05
1.493242000000000000e+06
5.875990000000000000e+05
1.707136000000000000e+06
2.789000000000000000e+05
1.641561000000000000e+06
1.604500000000000000e+04
9.443560000000000000e+05
7.426010000000000000e+05
9.968270000000000000e+05
1.105236000000000000e+06
3.660170000000000000e+05
3.413750000000000000e+05
1.222535000000000000e+06
1.058240000000000000e+06
9.211300000000000000e+04
6.943640000000000000e+05
1.718400000000000000e+05
1.324995000000000000e+06
9.031710000000000000e+05
1.342195000000000000e+06
1.515775000000000000e+06
1.253194000000000000e+06
6.849150000000000000e+05
9.111010000000000000e+05
1.362754000000000000e+06
3.658260000000000000e+05
1.218110000000000000e+05
1.065697000000000000e+06
3.776630000000000000e+05
9.506340000000000000e+05
1.626702000000000000e+06
