7.988980000000000000e+05
8.341770000000000000e+05
8.639860000000000000e+05
7.682880000000000000e+05
9.667180000000000000e+05
1.216610000000000000e+06
8.870690000000000000e+05
8.333580000000000000e+05
7.952630000000000000e+05
8.623510000000000000e+05
8.090270000000000000e+05
7.729720000000000000e+05
8.899660000000000000e+05
7.814110000000000000e+05
8.287240000000000000e+05
1.101584000000000000e+06
9.905160000000000000e+05
8.830280000000000000e+05
9.669490000000000000e+05
8.810950000000000000e+05
7.564440000000000000e+05
8.594550000000000000e+05
7.555330000000000000e+05
9.643780000000000000e+05
9.622880000000000000e+05
8.496620000000000000e+05
1.063597000000000000e+06
9.355870000000000000e+05
3.862980000000000000e+05
1.044652000000000000e+06
4.483100000000000000e+05
1.334044000000000000e+06
8.004470000000000000e+05
7.667620000000000000e+05
9.933360000000000000e+05
9.457210000000000000e+05
9.603130000000000000e+05
1.552978000000000000e+06
8.943470000000000000e+05
1.216847000000000000e+06
8.827870000000000000e+05
8.947660000000000000e+05
7.510350000000000000e+05
8.940030000000000000e+05
1.806403000000000000e+06
8.649320000000000000e+05
7.901520000000000000e+05
9.958750000000000000e+05
8.979030000000000000e+05
1.215344000000000000e+06
7.656940000000000000e+05
7.356120000000000000e+05
4.007830000000000000e+05
8.627410000000000000e+05
8.279200000000000000e+05
8.657510000000000000e+05
1.350960000000000000e+05
7.555310000000000000e+05
9.953640000000000000e+05
8.981550000000000000e+05
1.217674000000000000e+06
8.445610000000000000e+05
8.703100000000000000e+04
9.349200000000000000e+04
1.766431000000000000e+06
8.931650000000000000e+05
8.773890000000000000e+05
1.461406000000000000e+06
7.627230000000000000e+05
7.950890000000000000e+05
8.330940000000000000e+05
1.052589000000000000e+06
1.061610000000000000e+06
8.653370000000000000e+05
3.370220000000000000e+05
7.143600000000000000e+05
9.908680000000000000e+05
3.494920000000000000e+05
9.520190000000000000e+05
8.996270000000000000e+05
7.374260000000000000e+05
7.673840000000000000e+05
8.248600000000000000e+05
8.659740000000000000e+05
1.101432000000000000e+06
7.619080000000000000e+05
1.098244000000000000e+06
7.863860000000000000e+05
8.440840000000000000e+05
9.374640000000000000e+05
9.792850000000000000e+05
1.244814000000000000e+06
1.440657000000000000e+06
1.730041000000000000e+06
2.463300000000000000e+04
7.773950000000000000e+05
8.356660000000000000e+05
9.698490000000000000e+05
8.189680000000000000e+05
9.381680000000000000e+05
1.050977000000000000e+06
1.034595000000000000e+06
1.414396000000000000e+06
1.549249000000000000e+06
9.555900000000000000e+05
1.066400000000000000e+06
8.910620000000000000e+05
9.329050000000000000e+05
9.670660000000000000e+05
9.624420000000000000e+05
8.953940000000000000e+05
1.423400000000000000e+05
8.216630000000000000e+05
7.799900000000000000e+05
1.723150000000000000e+06
7.842340000000000000e+05
7.587570000000000000e+05
9.891890000000000000e+05
1.096978000000000000e+06
2.361400000000000000e+04
9.126800000000000000e+05
1.455689000000000000e+06
7.349580000000000000e+05
1.063311000000000000e+06
8.282290000000000000e+05
7.915800000000000000e+05
8.600440000000000000e+05
7.611380000000000000e+05
3.874300000000000000e+05
1.639844000000000000e+06
9.946620000000000000e+05
1.724637000000000000e+06
1.067922000000000000e+06
8.968190000000000000e+05
8.678390000000000000e+05
1.098760000000000000e+06
1.099267000000000000e+06
1.044058000000000000e+06
8.956680000000000000e+05
2.433800000000000000e+04
9.659710000000000000e+05
9.452760000000000000e+05
7.442600000000000000e+05
9.122040000000000000e+05
1.766850000000000000e+05
3.302620000000000000e+05
9.373550000000000000e+05
4.369610000000000000e+05
8.130000000000000000e+04
8.976180000000000000e+05
1.000106000000000000e+06
8.758780000000000000e+05
1.213863000000000000e+06
4.499500000000000000e+05
1.744881000000000000e+06
1.098905000000000000e+06
9.525660000000000000e+05
1.018389000000000000e+06
9.243680000000000000e+05
5.181650000000000000e+05
1.806984000000000000e+06
1.357370000000000000e+05
6.998660000000000000e+05
7.326930000000000000e+05
9.949820000000000000e+05
9.608200000000000000e+05
1.456473000000000000e+06
7.393920000000000000e+05
1.667905000000000000e+06
9.851690000000000000e+05
1.335927000000000000e+06
1.179308000000000000e+06
9.539130000000000000e+05
1.046592000000000000e+06
4.480840000000000000e+05
6.259830000000000000e+05
7.239910000000000000e+05
1.406064000000000000e+06
1.053343000000000000e+06
1.441479000000000000e+06
7.287590000000000000e+05
8.749860000000000000e+05
7.256650000000000000e+05
8.030680000000000000e+05
8.925700000000000000e+05
1.060577000000000000e+06
1.342586000000000000e+06
1.425770000000000000e+05
8.130890000000000000e+05
1.215907000000000000e+06
7.905620000000000000e+05
1.068023000000000000e+06
2.379500000000000000e+04
8.975880000000000000e+05
8.672160000000000000e+05
7.245240000000000000e+05
1.689980000000000000e+05
1.256218000000000000e+06
7.316920000000000000e+05
8.463120000000000000e+05
7.306970000000000000e+05
1.057910000000000000e+06
1.707136000000000000e+06
1.805391000000000000e+06
1.055496000000000000e+06
9.906950000000000000e+05
1.097799000000000000e+06
7.553420000000000000e+05
1.834553000000000000e+06
4.378260000000000000e+05
1.105428000000000000e+06
9.330150000000000000e+05
1.495000000000000000e+06
1.224110000000000000e+06
3.864960000000000000e+05
8.327540000000000000e+05
1.036377000000000000e+06
9.506340000000000000e+05
1.155073000000000000e+06
1.038805000000000000e+06
8.240810000000000000e+05
8.999310000000000000e+05
1.556078000000000000e+06
9.517390000000000000e+05
9.748740000000000000e+05
1.207661000000000000e+06
1.030213000000000000e+06
1.135679000000000000e+06
9.411270000000000000e+05
1.023624000000000000e+06
8.747910000000000000e+05
1.087722000000000000e+06
7.288120000000000000e+05
1.116476000000000000e+06
7.413350000000000000e+05
1.055261000000000000e+06
4.632880000000000000e+05
9.296790000000000000e+05
1.630885000000000000e+06
3.318650000000000000e+05
7.524770000000000000e+05
9.494360000000000000e+05
9.660210000000000000e+05
8.966120000000000000e+05
1.070441000000000000e+06
1.066709000000000000e+06
7.235470000000000000e+05
9.654620000000000000e+05
1.554613000000000000e+06
1.114044000000000000e+06
1.038207000000000000e+06
1.225021000000000000e+06
9.637820000000000000e+05
9.269890000000000000e+05
1.038027000000000000e+06
9.039120000000000000e+05
9.620830000000000000e+05
7.366060000000000000e+05
3.818930000000000000e+05
1.013415000000000000e+06
1.055296000000000000e+06
1.101966000000000000e+06
1.064652000000000000e+06
9.587220000000000000e+05
8.870330000000000000e+05
7.256760000000000000e+05
1.217917000000000000e+06
9.188350000000000000e+05
1.348020000000000000e+05
1.217076000000000000e+06
1.455062000000000000e+06
1.438658000000000000e+06
9.634380000000000000e+05
7.094360000000000000e+05
5.590000000000000000e+04
7.348250000000000000e+05
9.754450000000000000e+05
3.354000000000000000e+04
8.456800000000000000e+04
1.007275000000000000e+06
1.242512000000000000e+06
7.220690000000000000e+05
1.462295000000000000e+06
1.245478000000000000e+06
1.554096000000000000e+06
8.890630000000000000e+05
4.372080000000000000e+05
9.078760000000000000e+05
3.583100000000000000e+04
4.387420000000000000e+05
1.040221000000000000e+06
9.903730000000000000e+05
4.688420000000000000e+05
1.047277000000000000e+06
8.058400000000000000e+04
1.086386000000000000e+06
1.763153000000000000e+06
1.339345000000000000e+06
3.894940000000000000e+05
1.214441000000000000e+06
1.753027000000000000e+06
1.554127000000000000e+06
9.096090000000000000e+05
5.211490000000000000e+05
1.138223000000000000e+06
1.001918000000000000e+06
1.235630000000000000e+05
1.057269000000000000e+06
9.340050000000000000e+05
9.430750000000000000e+05
1.029975000000000000e+06
7.786200000000000000e+04
1.161070000000000000e+06
8.888290000000000000e+05
7.420240000000000000e+05
1.115631000000000000e+06
1.206930000000000000e+06
1.450789000000000000e+06
9.310200000000000000e+05
7.433610000000000000e+05
9.211300000000000000e+04
1.342457000000000000e+06
9.278390000000000000e+05
7.102180000000000000e+05
8.112100000000000000e+04
1.056930000000000000e+06
7.039160000000000000e+05
1.325021000000000000e+06
4.459560000000000000e+05
1.256693000000000000e+06
1.770740000000000000e+05
3.897350000000000000e+05
7.132750000000000000e+05
1.133037000000000000e+06
1.042696000000000000e+06
1.158686000000000000e+06
1.386163000000000000e+06
9.916900000000000000e+05
3.463170000000000000e+05
1.337979000000000000e+06
6.865350000000000000e+05
1.074219000000000000e+06
7.158810000000000000e+05
1.037084000000000000e+06
7.261140000000000000e+05
1.107708000000000000e+06
9.120950000000000000e+05
3.778480000000000000e+05
7.563090000000000000e+05
1.089072000000000000e+06
1.340490000000000000e+05
1.416317000000000000e+06
1.094775000000000000e+06
9.043590000000000000e+05
3.958070000000000000e+05
4.634050000000000000e+05
1.138955000000000000e+06
6.750720000000000000e+05
6.231770000000000000e+05
1.018839000000000000e+06
1.102653000000000000e+06
7.890480000000000000e+05
3.828470000000000000e+05
2.234500000000000000e+04
8.352360000000000000e+05
9.004080000000000000e+05
4.476090000000000000e+05
4.491990000000000000e+05
3.008580000000000000e+05
1.552614000000000000e+06
1.767247000000000000e+06
1.437410000000000000e+06
1.767231000000000000e+06
9.162220000000000000e+05
1.332614000000000000e+06
1.740020000000000000e+05
1.104775000000000000e+06
1.188670000000000000e+05
1.005757000000000000e+06
9.956300000000000000e+05
4.020410000000000000e+05
8.937480000000000000e+05
1.737869000000000000e+06
9.599830000000000000e+05
7.152670000000000000e+05
1.133575000000000000e+06
1.022184000000000000e+06
1.245009000000000000e+06
1.839875000000000000e+06
3.878170000000000000e+05
1.640656000000000000e+06
1.052445000000000000e+06
1.158457000000000000e+06
6.543700000000000000e+05
9.543430000000000000e+05
1.378680000000000000e+06
1.417542000000000000e+06
1.063450000000000000e+06
9.364360000000000000e+05
7.645480000000000000e+05
9.710200000000000000e+04
1.030983000000000000e+06
1.429242000000000000e+06
9.380520000000000000e+05
8.916390000000000000e+05
9.385800000000000000e+04
1.182250000000000000e+06
4.018800000000000000e+05
1.703610000000000000e+05
3.877780000000000000e+05
1.100208000000000000e+06
8.942880000000000000e+05
1.352390000000000000e+05
7.594380000000000000e+05
4.504720000000000000e+05
8.190960000000000000e+05
1.301061000000000000e+06
1.008023000000000000e+06
7.379440000000000000e+05
1.261999000000000000e+06
9.459690000000000000e+05
8.098680000000000000e+05
8.442570000000000000e+05
3.861010000000000000e+05
9.951340000000000000e+05
1.134069000000000000e+06
4.353160000000000000e+05
1.058452000000000000e+06
1.743156000000000000e+06
7.264550000000000000e+05
1.637534000000000000e+06
1.333010000000000000e+06
1.552333000000000000e+06
1.062315000000000000e+06
1.054792000000000000e+06
1.102950000000000000e+06
2.462000000000000000e+04
3.437820000000000000e+05
1.064444000000000000e+06
1.086620000000000000e+06
7.310190000000000000e+05
9.351880000000000000e+05
1.220473000000000000e+06
1.941520000000000000e+05
4.033190000000000000e+05
1.298336000000000000e+06
1.215478000000000000e+06
3.835550000000000000e+05
1.441816000000000000e+06
1.455161000000000000e+06
6.367500000000000000e+05
1.422508000000000000e+06
1.289904000000000000e+06
4.315220000000000000e+05
1.129700000000000000e+06
1.767150000000000000e+05
1.098157000000000000e+06
1.556592000000000000e+06
1.242670000000000000e+06
1.555032000000000000e+06
1.638911000000000000e+06
9.210780000000000000e+05
1.738666000000000000e+06
1.058330000000000000e+06
1.549139000000000000e+06
7.354790000000000000e+05
1.340919000000000000e+06
9.348200000000000000e+04
9.018580000000000000e+05
1.259023000000000000e+06
3.327970000000000000e+05
9.220840000000000000e+05
1.158116000000000000e+06
1.058437000000000000e+06
7.344490000000000000e+05
1.267017000000000000e+06
1.216381000000000000e+06
3.044450000000000000e+05
7.270560000000000000e+05
7.181820000000000000e+05
1.107086000000000000e+06
3.828050000000000000e+05
9.022970000000000000e+05
1.666160000000000000e+06
1.810385000000000000e+06
9.968270000000000000e+05
7.152930000000000000e+05
1.724259000000000000e+06
9.204250000000000000e+05
5.242900000000000000e+05
1.029630000000000000e+06
3.911660000000000000e+05
7.053010000000000000e+05
1.338322000000000000e+06
2.447100000000000000e+04
1.346264000000000000e+06
1.005697000000000000e+06
9.317240000000000000e+05
9.741660000000000000e+05
4.504970000000000000e+05
9.045740000000000000e+05
3.898900000000000000e+05
1.749897000000000000e+06
1.026186000000000000e+06
6.553340000000000000e+05
7.187270000000000000e+05
6.701230000000000000e+05
1.242763000000000000e+06
8.239800000000000000e+04
1.024568000000000000e+06
7.395650000000000000e+05
1.843045000000000000e+06
7.391210000000000000e+05
1.761919000000000000e+06
1.413186000000000000e+06
1.218501000000000000e+06
1.217271000000000000e+06
4.012070000000000000e+05
1.060278000000000000e+06
1.077580000000000000e+06
1.085631000000000000e+06
1.112251000000000000e+06
3.001590000000000000e+05
1.553029000000000000e+06
1.067629000000000000e+06
1.718400000000000000e+05
1.383569000000000000e+06
1.231861000000000000e+06
5.970580000000000000e+05
1.231636000000000000e+06
7.569150000000000000e+05
1.213417000000000000e+06
1.065128000000000000e+06
1.333971000000000000e+06
1.065996000000000000e+06
3.535420000000000000e+05
1.213433000000000000e+06
6.099400000000000000e+05
1.153677000000000000e+06
9.283430000000000000e+05
7.497170000000000000e+05
6.250720000000000000e+05
1.758047000000000000e+06
7.281030000000000000e+05
7.710130000000000000e+05
1.203466000000000000e+06
1.097681000000000000e+06
2.443750000000000000e+05
1.711240000000000000e+05
9.861080000000000000e+05
1.084957000000000000e+06
1.342226000000000000e+06
8.380400000000000000e+04
1.766084000000000000e+06
7.168720000000000000e+05
6.271810000000000000e+05
6.723520000000000000e+05
4.226140000000000000e+05
4.502330000000000000e+05
4.083090000000000000e+05
1.292906000000000000e+06
1.555334000000000000e+06
1.425130000000000000e+05
2.122410000000000000e+05
1.270251000000000000e+06
1.001543000000000000e+06
1.329216000000000000e+06
5.564210000000000000e+05
5.592690000000000000e+05
1.087225000000000000e+06
1.218432000000000000e+06
1.337467000000000000e+06
1.214086000000000000e+06
1.223947000000000000e+06
1.081022000000000000e+06
1.071059000000000000e+06
1.933340000000000000e+05
1.189282000000000000e+06
1.550474000000000000e+06
1.018808000000000000e+06
1.756900000000000000e+06
3.481740000000000000e+05
1.206363000000000000e+06
5.794920000000000000e+05
1.095933000000000000e+06
5.711980000000000000e+05
5.955810000000000000e+05
1.552923000000000000e+06
1.805922000000000000e+06
1.208386000000000000e+06
4.089920000000000000e+05
1.157637000000000000e+06
4.697120000000000000e+05
7.048010000000000000e+05
1.211192000000000000e+06
1.132985000000000000e+06
9.802200000000000000e+05
8.570920000000000000e+05
7.873240000000000000e+05
4.368260000000000000e+05
8.652210000000000000e+05
8.225350000000000000e+05
1.778347000000000000e+06
1.550669000000000000e+06
1.082562000000000000e+06
9.422600000000000000e+04
1.100609000000000000e+06
1.766154000000000000e+06
1.457256000000000000e+06
1.074083000000000000e+06
9.565580000000000000e+05
1.751940000000000000e+06
4.649590000000000000e+05
1.809548000000000000e+06
7.271580000000000000e+05
1.007888000000000000e+06
1.416382000000000000e+06
7.246330000000000000e+05
4.342050000000000000e+05
3.284550000000000000e+05
5.316790000000000000e+05
1.342195000000000000e+06
1.223561000000000000e+06
1.737249000000000000e+06
9.412850000000000000e+05
9.202190000000000000e+05
7.549700000000000000e+05
9.002450000000000000e+05
1.153472000000000000e+06
4.010610000000000000e+05
1.135358000000000000e+06
1.632906000000000000e+06
2.410410000000000000e+05
1.103357000000000000e+06
7.225520000000000000e+05
9.401480000000000000e+05
1.174632000000000000e+06
7.149090000000000000e+05
8.763740000000000000e+05
1.406383000000000000e+06
9.539320000000000000e+05
1.762156000000000000e+06
4.283150000000000000e+05
1.025167000000000000e+06
5.255340000000000000e+05
1.307683000000000000e+06
1.327040000000000000e+06
5.865740000000000000e+05
1.766960000000000000e+06
3.883470000000000000e+05
1.060836000000000000e+06
8.177260000000000000e+05
1.411637000000000000e+06
1.713973000000000000e+06
1.031048000000000000e+06
8.533900000000000000e+04
1.413140000000000000e+05
1.767523000000000000e+06
5.004530000000000000e+05
6.931120000000000000e+05
1.060954000000000000e+06
1.343633000000000000e+06
1.028396000000000000e+06
1.302855000000000000e+06
3.981290000000000000e+05
1.656776000000000000e+06
1.194582000000000000e+06
1.063567000000000000e+06
1.528079000000000000e+06
4.508300000000000000e+05
1.156635000000000000e+06
1.655880000000000000e+06
1.182154000000000000e+06
1.131571000000000000e+06
1.456706000000000000e+06
1.778920000000000000e+05
8.184910000000000000e+05
7.868870000000000000e+05
9.376290000000000000e+05
1.221814000000000000e+06
9.285460000000000000e+05
7.279670000000000000e+05
9.751810000000000000e+05
4.454300000000000000e+05
1.721334000000000000e+06
1.414686000000000000e+06
1.108714000000000000e+06
1.156817000000000000e+06
1.176878000000000000e+06
1.349790000000000000e+05
1.068158000000000000e+06
1.724220000000000000e+05
1.727869000000000000e+06
1.832893000000000000e+06
1.244597000000000000e+06
1.204680000000000000e+05
9.437370000000000000e+05
3.516470000000000000e+05
9.254370000000000000e+05
1.217238000000000000e+06
1.180890000000000000e+05
1.075029000000000000e+06
5.722020000000000000e+05
1.804955000000000000e+06
1.636980000000000000e+06
1.494524000000000000e+06
1.209791000000000000e+06
4.475150000000000000e+05
1.285020000000000000e+05
1.267301000000000000e+06
1.264614000000000000e+06
4.005080000000000000e+05
7.045610000000000000e+05
1.874750000000000000e+05
1.631979000000000000e+06
5.023690000000000000e+05
3.704030000000000000e+05
5.169700000000000000e+05
1.800650000000000000e+06
1.778428000000000000e+06
1.032319000000000000e+06
7.601540000000000000e+05
9.660440000000000000e+05
1.809416000000000000e+06
1.299286000000000000e+06
1.349390000000000000e+05
1.328913000000000000e+06
1.246730000000000000e+06
1.244640000000000000e+05
3.243310000000000000e+05
7.858400000000000000e+05
1.231130000000000000e+05
7.235380000000000000e+05
1.136352000000000000e+06
1.059313000000000000e+06
1.447529000000000000e+06
1.444439000000000000e+06
1.116458000000000000e+06
1.605080000000000000e+05
8.806000000000000000e+04
1.746267000000000000e+06
7.273890000000000000e+05
1.382940000000000000e+06
7.834600000000000000e+04
1.343533000000000000e+06
1.275786000000000000e+06
1.130960000000000000e+06
1.807282000000000000e+06
1.213682000000000000e+06
1.095297000000000000e+06
1.488491000000000000e+06
6.946700000000000000e+04
1.495234000000000000e+06
1.270080000000000000e+06
1.257252000000000000e+06
6.873380000000000000e+05
1.639944000000000000e+06
7.232890000000000000e+05
5.044780000000000000e+05
1.789035000000000000e+06
1.328007000000000000e+06
7.405390000000000000e+05
1.337095000000000000e+06
3.784740000000000000e+05
6.586680000000000000e+05
6.675400000000000000e+05
1.393254000000000000e+06
9.656080000000000000e+05
4.493830000000000000e+05
3.845000000000000000e+04
4.511300000000000000e+05
1.460942000000000000e+06
5.151000000000000000e+05
3.842760000000000000e+05
6.652000000000000000e+03
9.297940000000000000e+05
1.243813000000000000e+06
1.391170000000000000e+05
1.348904000000000000e+06
1.556153000000000000e+06
1.268204000000000000e+06
1.004452000000000000e+06
8.283500000000000000e+04
1.347299000000000000e+06
1.578045000000000000e+06
1.404377000000000000e+06
7.560190000000000000e+05
5.195680000000000000e+05
1.415185000000000000e+06
6.745180000000000000e+05
2.993020000000000000e+05
6.872780000000000000e+05
1.055541000000000000e+06
5.190390000000000000e+05
1.736484000000000000e+06
3.115700000000000000e+05
6.169330000000000000e+05
1.633955000000000000e+06
5.189220000000000000e+05
1.339482000000000000e+06
6.627130000000000000e+05
3.154480000000000000e+05
1.772322000000000000e+06
1.079072000000000000e+06
3.957000000000000000e+05
1.164773000000000000e+06
1.433754000000000000e+06
1.120390000000000000e+06
6.191130000000000000e+05
4.770040000000000000e+05
1.433625000000000000e+06
4.412210000000000000e+05
1.575210000000000000e+05
6.738000000000000000e+03
1.248182000000000000e+06
1.462679000000000000e+06
3.692940000000000000e+05
1.147164000000000000e+06
4.959400000000000000e+05
1.288028000000000000e+06
1.044603000000000000e+06
1.849348000000000000e+06
1.393852000000000000e+06
1.762305000000000000e+06
1.096432000000000000e+06
5.553730000000000000e+05
6.878430000000000000e+05
1.010917000000000000e+06
6.872000000000000000e+05
1.663491000000000000e+06
1.315737000000000000e+06
1.585913000000000000e+06
8.736160000000000000e+05
1.554117000000000000e+06
5.879670000000000000e+05
1.414480000000000000e+05
3.015350000000000000e+05
1.248290000000000000e+06
1.206343000000000000e+06
1.192480000000000000e+05
1.384386000000000000e+06
6.859300000000000000e+05
5.160410000000000000e+05
5.050390000000000000e+05
1.756168000000000000e+06
8.908350000000000000e+05
8.981180000000000000e+05
1.107551000000000000e+06
4.543950000000000000e+05
7.152550000000000000e+05
1.062166000000000000e+06
1.554488000000000000e+06
1.768708000000000000e+06
4.508540000000000000e+05
1.348385000000000000e+06
7.249530000000000000e+05
4.701780000000000000e+05
1.546938000000000000e+06
1.294691000000000000e+06
1.695034000000000000e+06
1.286191000000000000e+06
1.637348000000000000e+06
1.834868000000000000e+06
3.888220000000000000e+05
4.152230000000000000e+05
1.550536000000000000e+06
9.112720000000000000e+05
9.347300000000000000e+05
5.988740000000000000e+05
5.602890000000000000e+05
5.539510000000000000e+05
4.382440000000000000e+05
9.255530000000000000e+05
1.049273000000000000e+06
7.221200000000000000e+04
1.229945000000000000e+06
6.105210000000000000e+05
1.457165000000000000e+06
5.948450000000000000e+05
4.537460000000000000e+05
1.441649000000000000e+06
1.055004000000000000e+06
9.057050000000000000e+05
2.292300000000000000e+04
1.422843000000000000e+06
1.461765000000000000e+06
1.246537000000000000e+06
7.388000000000000000e+03
1.427871000000000000e+06
2.891580000000000000e+05
1.480312000000000000e+06
7.608000000000000000e+03
6.719990000000000000e+05
3.850340000000000000e+05
1.253129000000000000e+06
6.867980000000000000e+05
6.326490000000000000e+05
4.004380000000000000e+05
1.129430000000000000e+06
9.425430000000000000e+05
9.907910000000000000e+05
3.198250000000000000e+05
9.248420000000000000e+05
3.349780000000000000e+05
2.298600000000000000e+04
9.655800000000000000e+04
6.107000000000000000e+03
1.680306000000000000e+06
1.118742000000000000e+06
2.874550000000000000e+05
1.283090000000000000e+05
3.874940000000000000e+05
1.314173000000000000e+06
7.285260000000000000e+05
7.118820000000000000e+05
1.030199000000000000e+06
4.429430000000000000e+05
5.510490000000000000e+05
1.492769000000000000e+06
1.157290000000000000e+06
1.726040000000000000e+06
1.082903000000000000e+06
1.631416000000000000e+06
4.609870000000000000e+05
8.129780000000000000e+05
4.004700000000000000e+05
1.150662000000000000e+06
1.852848000000000000e+06
1.633367000000000000e+06
4.868810000000000000e+05
1.795083000000000000e+06
3.826840000000000000e+05
1.750131000000000000e+06
1.231584000000000000e+06
1.879090000000000000e+05
1.828687000000000000e+06
1.767328000000000000e+06
6.490140000000000000e+05
7.052140000000000000e+05
1.085526000000000000e+06
8.726010000000000000e+05
1.770008000000000000e+06
4.650610000000000000e+05
1.297690000000000000e+05
6.799370000000000000e+05
1.548152000000000000e+06
1.833987000000000000e+06
1.422109000000000000e+06
1.577790000000000000e+06
5.897710000000000000e+05
9.039330000000000000e+05
4.770300000000000000e+05
1.804541000000000000e+06
4.510580000000000000e+05
3.458670000000000000e+05
1.400072000000000000e+06
3.888450000000000000e+05
4.753660000000000000e+05
1.331843000000000000e+06
1.217647000000000000e+06
1.441544000000000000e+06
4.685020000000000000e+05
8.853460000000000000e+05
1.807742000000000000e+06
1.518119000000000000e+06
1.379057000000000000e+06
3.391680000000000000e+05
1.150625000000000000e+06
1.097807000000000000e+06
1.666547000000000000e+06
5.683000000000000000e+03
1.282323000000000000e+06
1.471474000000000000e+06
1.180130000000000000e+05
3.410720000000000000e+05
5.178070000000000000e+05
1.335146000000000000e+06
1.088599000000000000e+06
1.081385000000000000e+06
4.743910000000000000e+05
9.543790000000000000e+05
1.085298000000000000e+06
1.335973000000000000e+06
8.776740000000000000e+05
1.766165000000000000e+06
1.633904000000000000e+06
1.019325000000000000e+06
1.353510000000000000e+06
1.507645000000000000e+06
1.766164000000000000e+06
1.438599000000000000e+06
7.240000000000000000e+05
9.598490000000000000e+05
1.102897000000000000e+06
4.157910000000000000e+05
1.415210000000000000e+05
1.460016000000000000e+06
1.489638000000000000e+06
6.853300000000000000e+05
1.782250000000000000e+05
1.666783000000000000e+06
1.253606000000000000e+06
1.094868000000000000e+06
5.241240000000000000e+05
4.280420000000000000e+05
5.254570000000000000e+05
1.807256000000000000e+06
6.715050000000000000e+05
7.435900000000000000e+05
1.338436000000000000e+06
5.908760000000000000e+05
1.362182000000000000e+06
6.605120000000000000e+05
1.030899000000000000e+06
6.626400000000000000e+05
1.298352000000000000e+06
5.605140000000000000e+05
1.114835000000000000e+06
7.397590000000000000e+05
6.564000000000000000e+03
1.024020000000000000e+06
1.248302000000000000e+06
5.154570000000000000e+05
5.395640000000000000e+05
9.613530000000000000e+05
7.170740000000000000e+05
1.465963000000000000e+06
1.799540000000000000e+06
4.103940000000000000e+05
1.199124000000000000e+06
5.972490000000000000e+05
3.392590000000000000e+05
1.020976000000000000e+06
6.211770000000000000e+05
1.845678000000000000e+06
1.737569000000000000e+06
1.642776000000000000e+06
5.621890000000000000e+05
1.065108000000000000e+06
7.196150000000000000e+05
3.366150000000000000e+05
5.466370000000000000e+05
4.299020000000000000e+05
1.102345000000000000e+06
1.008357000000000000e+06
1.276844000000000000e+06
1.551465000000000000e+06
1.058240000000000000e+06
3.189400000000000000e+04
9.369370000000000000e+05
1.656890000000000000e+06
1.389714000000000000e+06
1.136976000000000000e+06
1.532048000000000000e+06
1.676060000000000000e+05
1.673448000000000000e+06
8.845100000000000000e+04
1.335717000000000000e+06
6.891410000000000000e+05
1.514711000000000000e+06
2.062240000000000000e+05
1.176791000000000000e+06
5.112970000000000000e+05
6.975290000000000000e+05
4.491290000000000000e+05
1.557006000000000000e+06
4.398240000000000000e+05
1.313676000000000000e+06
1.328402000000000000e+06
1.673882000000000000e+06
1.091124000000000000e+06
1.025914000000000000e+06
9.954690000000000000e+05
1.295076000000000000e+06
3.518730000000000000e+05
1.755923000000000000e+06
1.180780000000000000e+05
2.503760000000000000e+05
3.690200000000000000e+04
2.609860000000000000e+05
1.117024000000000000e+06
1.218590000000000000e+06
1.070871000000000000e+06
7.400380000000000000e+05
1.123494000000000000e+06
1.733409000000000000e+06
1.279853000000000000e+06
1.773941000000000000e+06
1.139557000000000000e+06
1.656707000000000000e+06
7.967100000000000000e+05
8.607160000000000000e+05
1.350059000000000000e+06
1.788484000000000000e+06
1.293115000000000000e+06
5.815200000000000000e+04
4.725670000000000000e+05
4.262100000000000000e+05
1.028773000000000000e+06
1.707156000000000000e+06
3.791390000000000000e+05
5.168740000000000000e+05
1.265930000000000000e+05
1.439449000000000000e+06
1.094585000000000000e+06
1.602352000000000000e+06
7.167590000000000000e+05
3.843310000000000000e+05
1.199040000000000000e+06
1.320006000000000000e+06
1.731247000000000000e+06
1.633482000000000000e+06
1.418074000000000000e+06
5.773890000000000000e+05
1.627615000000000000e+06
1.455654000000000000e+06
1.749505000000000000e+06
3.334040000000000000e+05
1.075785000000000000e+06
1.439962000000000000e+06
7.966650000000000000e+05
1.629239000000000000e+06
4.564390000000000000e+05
9.000040000000000000e+05
1.850223000000000000e+06
8.823510000000000000e+05
1.357826000000000000e+06
3.830550000000000000e+05
1.457617000000000000e+06
1.814617000000000000e+06
7.356690000000000000e+05
7.028760000000000000e+05
1.216278000000000000e+06
4.919810000000000000e+05
7.090560000000000000e+05
1.290121000000000000e+06
1.667508000000000000e+06
2.261420000000000000e+05
8.355540000000000000e+05
7.854470000000000000e+05
6.985010000000000000e+05
5.092140000000000000e+05
1.833190000000000000e+06
1.074015000000000000e+06
1.710790000000000000e+05
5.861230000000000000e+05
9.773000000000000000e+03
1.447053000000000000e+06
2.384040000000000000e+05
8.891170000000000000e+05
4.304630000000000000e+05
1.213938000000000000e+06
1.131988000000000000e+06
1.724944000000000000e+06
5.476910000000000000e+05
2.198360000000000000e+05
7.992900000000000000e+04
5.856740000000000000e+05
3.286560000000000000e+05
5.511700000000000000e+04
1.630581000000000000e+06
3.847660000000000000e+05
1.215359000000000000e+06
1.433446000000000000e+06
1.179029000000000000e+06
1.275490000000000000e+05
1.237176000000000000e+06
3.783860000000000000e+05
8.984040000000000000e+05
1.549034000000000000e+06
3.491410000000000000e+05
3.652690000000000000e+05
1.057474000000000000e+06
1.849301000000000000e+06
6.899100000000000000e+04
1.631351000000000000e+06
2.654600000000000000e+04
1.151935000000000000e+06
1.206668000000000000e+06
1.140591000000000000e+06
5.205310000000000000e+05
6.955290000000000000e+05
1.731859000000000000e+06
9.311530000000000000e+05
1.709740000000000000e+05
1.507199000000000000e+06
6.467190000000000000e+05
1.271011000000000000e+06
1.556015000000000000e+06
5.849310000000000000e+05
1.258691000000000000e+06
4.677000000000000000e+03
7.839700000000000000e+04
1.017783000000000000e+06
1.354210000000000000e+06
2.538100000000000000e+04
1.747226000000000000e+06
9.313990000000000000e+05
4.930070000000000000e+05
1.731089000000000000e+06
1.131689000000000000e+06
1.152367000000000000e+06
6.944970000000000000e+05
1.333299000000000000e+06
8.738730000000000000e+05
9.238370000000000000e+05
2.946250000000000000e+05
1.096940000000000000e+06
1.347958000000000000e+06
1.429930000000000000e+05
2.873670000000000000e+05
6.644930000000000000e+05
6.170160000000000000e+05
7.292280000000000000e+05
1.438751000000000000e+06
1.556356000000000000e+06
3.294860000000000000e+05
4.938410000000000000e+05
9.276640000000000000e+05
5.395020000000000000e+05
4.873450000000000000e+05
1.206782000000000000e+06
1.597720000000000000e+05
1.377605000000000000e+06
5.830130000000000000e+05
1.779355000000000000e+06
1.058318000000000000e+06
1.147567000000000000e+06
1.242818000000000000e+06
5.103700000000000000e+04
1.129348000000000000e+06
1.337024000000000000e+06
8.227350000000000000e+05
1.668112000000000000e+06
3.769610000000000000e+05
1.066725000000000000e+06
6.511330000000000000e+05
1.288830000000000000e+05
5.677590000000000000e+05
5.968530000000000000e+05
9.252730000000000000e+05
1.689964000000000000e+06
1.476990000000000000e+06
4.685650000000000000e+05
9.936370000000000000e+05
1.496586000000000000e+06
1.221521000000000000e+06
1.077073000000000000e+06
6.823400000000000000e+05
6.259310000000000000e+05
4.740210000000000000e+05
1.850384000000000000e+06
5.861450000000000000e+05
4.240900000000000000e+04
3.719690000000000000e+05
1.037216000000000000e+06
1.706545000000000000e+06
1.163881000000000000e+06
1.136787000000000000e+06
2.668250000000000000e+05
5.988960000000000000e+05
1.264498000000000000e+06
1.807711000000000000e+06
1.758966000000000000e+06
3.491660000000000000e+05
1.366330000000000000e+05
1.073888000000000000e+06
1.130477000000000000e+06
1.415270000000000000e+05
1.790479000000000000e+06
1.150600000000000000e+06
1.251510000000000000e+06
1.828587000000000000e+06
1.340684000000000000e+06
1.565878000000000000e+06
6.595980000000000000e+05
1.023598000000000000e+06
1.709360000000000000e+05
4.552490000000000000e+05
1.608330000000000000e+05
9.594110000000000000e+05
1.343880000000000000e+05
1.756530000000000000e+06
7.663700000000000000e+04
1.140861000000000000e+06
1.082962000000000000e+06
9.116500000000000000e+05
1.324544000000000000e+06
3.274100000000000000e+05
6.928280000000000000e+05
1.752932000000000000e+06
1.838548000000000000e+06
6.952320000000000000e+05
9.456890000000000000e+05
1.683833000000000000e+06
8.061100000000000000e+04
9.556580000000000000e+05
1.154781000000000000e+06
2.112780000000000000e+05
1.208610000000000000e+06
1.219388000000000000e+06
1.371635000000000000e+06
1.156315000000000000e+06
1.455698000000000000e+06
4.459810000000000000e+05
4.263450000000000000e+05
9.506700000000000000e+04
1.231734000000000000e+06
1.537837000000000000e+06
1.451687000000000000e+06
1.488969000000000000e+06
1.766058000000000000e+06
9.534030000000000000e+05
1.256729000000000000e+06
