1.204610000000000000e+05
1.729660000000000000e+05
6.121590000000000000e+05
4.119300000000000000e+05
1.440659000000000000e+06
1.371985000000000000e+06
4.503480000000000000e+05
1.121315000000000000e+06
2.100150000000000000e+05
1.548746000000000000e+06
1.177710000000000000e+05
1.166129000000000000e+06
1.745151000000000000e+06
1.668479000000000000e+06
5.661490000000000000e+05
2.153030000000000000e+05
7.389000000000000000e+03
1.216620000000000000e+05
1.713980000000000000e+05
6.378820000000000000e+05
1.194120000000000000e+05
1.817476000000000000e+06
1.500733000000000000e+06
1.761650000000000000e+05
7.040080000000000000e+05
1.450767000000000000e+06
1.067007000000000000e+06
1.285151000000000000e+06
2.404900000000000000e+05
4.165040000000000000e+05
1.063553000000000000e+06
1.410680000000000000e+06
1.349696000000000000e+06
1.276485000000000000e+06
8.048900000000000000e+04
1.084658000000000000e+06
1.246220000000000000e+05
1.364512000000000000e+06
1.270448000000000000e+06
3.407830000000000000e+05
1.176967000000000000e+06
1.120625000000000000e+06
1.163834000000000000e+06
1.185460000000000000e+06
5.137070000000000000e+05
1.255898000000000000e+06
5.018460000000000000e+05
1.533471000000000000e+06
1.729682000000000000e+06
1.253978000000000000e+06
1.515640000000000000e+05
1.236570000000000000e+05
1.364997000000000000e+06
1.811750000000000000e+06
1.192030000000000000e+05
1.538949000000000000e+06
1.856224000000000000e+06
1.477888000000000000e+06
1.569119000000000000e+06
1.673008000000000000e+06
1.607701000000000000e+06
3.727470000000000000e+05
3.452790000000000000e+05
1.956950000000000000e+05
1.147200000000000000e+04
4.334070000000000000e+05
1.346340000000000000e+05
1.716204000000000000e+06
1.366288000000000000e+06
1.499470000000000000e+05
1.761259000000000000e+06
1.811932000000000000e+06
1.701100000000000000e+04
1.719040000000000000e+05
7.976000000000000000e+03
8.668500000000000000e+04
6.346900000000000000e+04
1.073550000000000000e+06
1.546551000000000000e+06
1.269215000000000000e+06
1.818123000000000000e+06
1.541074000000000000e+06
1.856229000000000000e+06
1.403807000000000000e+06
1.360000000000000000e+03
1.594748000000000000e+06
1.679800000000000000e+04
5.834180000000000000e+05
1.217050000000000000e+05
1.218926000000000000e+06
1.178297000000000000e+06
1.559300000000000000e+05
5.246820000000000000e+05
1.972170000000000000e+05
1.597197000000000000e+06
1.561457000000000000e+06
2.633730000000000000e+05
1.711408000000000000e+06
1.981360000000000000e+05
1.671854000000000000e+06
5.240000000000000000e+03
3.874980000000000000e+05
8.872100000000000000e+04
6.785330000000000000e+05
3.791790000000000000e+05
1.961580000000000000e+05
1.036653000000000000e+06
1.367235000000000000e+06
1.081400000000000000e+04
1.491364000000000000e+06
9.042800000000000000e+04
1.646127000000000000e+06
1.344502000000000000e+06
1.218138000000000000e+06
2.714500000000000000e+04
1.530306000000000000e+06
1.596074000000000000e+06
1.380841000000000000e+06
1.856118000000000000e+06
1.346960000000000000e+05
2.067400000000000000e+04
1.082590000000000000e+05
4.935800000000000000e+04
1.598506000000000000e+06
6.412510000000000000e+05
4.391400000000000000e+04
1.018179000000000000e+06
1.685300000000000000e+04
1.703512000000000000e+06
1.684397000000000000e+06
6.663010000000000000e+05
1.801450000000000000e+06
5.292180000000000000e+05
1.800489000000000000e+06
1.552646000000000000e+06
1.108230000000000000e+05
1.135282000000000000e+06
1.939400000000000000e+04
5.811690000000000000e+05
1.131005000000000000e+06
4.447910000000000000e+05
1.294076000000000000e+06
1.632003000000000000e+06
2.251060000000000000e+05
1.803649000000000000e+06
5.247830000000000000e+05
1.465500000000000000e+04
1.346540000000000000e+05
1.728928000000000000e+06
2.014900000000000000e+04
6.976110000000000000e+05
7.143190000000000000e+05
5.800920000000000000e+05
2.601600000000000000e+04
1.007066000000000000e+06
1.464500000000000000e+04
4.174620000000000000e+05
1.533982000000000000e+06
2.225720000000000000e+05
5.090300000000000000e+05
1.379679000000000000e+06
2.591700000000000000e+04
4.019710000000000000e+05
1.888300000000000000e+04
1.483959000000000000e+06
5.896700000000000000e+05
1.833209000000000000e+06
2.748820000000000000e+05
2.154190000000000000e+05
1.540330000000000000e+06
5.663920000000000000e+05
1.510985000000000000e+06
1.218432000000000000e+06
5.698860000000000000e+05
1.161521000000000000e+06
1.820425000000000000e+06
1.252456000000000000e+06
2.634340000000000000e+05
4.942760000000000000e+05
1.493733000000000000e+06
1.804833000000000000e+06
2.462000000000000000e+04
1.227693000000000000e+06
9.921540000000000000e+05
6.982350000000000000e+05
1.686692000000000000e+06
4.497580000000000000e+05
1.123877000000000000e+06
1.446180000000000000e+05
1.114857000000000000e+06
1.755674000000000000e+06
4.760300000000000000e+04
1.331458000000000000e+06
1.714870000000000000e+05
1.368698000000000000e+06
1.258810000000000000e+05
1.811938000000000000e+06
1.444380000000000000e+05
1.235995000000000000e+06
1.818112000000000000e+06
4.916760000000000000e+05
5.614920000000000000e+05
9.485730000000000000e+05
1.416264000000000000e+06
1.143798000000000000e+06
