4.501450000000000000e+05
1.729660000000000000e+05
2.601600000000000000e+04
1.522634000000000000e+06
7.674790000000000000e+05
1.668479000000000000e+06
1.745151000000000000e+06
2.624250000000000000e+05
4.950910000000000000e+05
1.711408000000000000e+06
4.118640000000000000e+05
7.094500000000000000e+05
1.383247000000000000e+06
1.213530000000000000e+06
7.890900000000000000e+04
1.561300000000000000e+05
1.492774000000000000e+06
5.247830000000000000e+05
1.360096000000000000e+06
3.307280000000000000e+05
1.762248000000000000e+06
6.935990000000000000e+05
1.761650000000000000e+05
6.980620000000000000e+05
9.333540000000000000e+05
1.800138000000000000e+06
1.042478000000000000e+06
1.088365000000000000e+06
1.226118000000000000e+06
1.161619000000000000e+06
1.366288000000000000e+06
5.257100000000000000e+05
1.758573000000000000e+06
1.381425000000000000e+06
1.646127000000000000e+06
1.713980000000000000e+05
1.786471000000000000e+06
9.177600000000000000e+04
5.355370000000000000e+05
1.431650000000000000e+05
1.082890000000000000e+05
1.708314000000000000e+06
1.484910000000000000e+06
1.533982000000000000e+06
1.721140000000000000e+05
4.166990000000000000e+05
7.270900000000000000e+04
1.613727000000000000e+06
1.547354000000000000e+06
2.011600000000000000e+04
1.811111000000000000e+06
5.503520000000000000e+05
1.758431000000000000e+06
1.147419000000000000e+06
6.454590000000000000e+05
1.562889000000000000e+06
8.527600000000000000e+04
1.482714000000000000e+06
1.381906000000000000e+06
3.414370000000000000e+05
1.639216000000000000e+06
1.522748000000000000e+06
1.710007000000000000e+06
3.736270000000000000e+05
2.918350000000000000e+05
7.208260000000000000e+05
2.967470000000000000e+05
4.355310000000000000e+05
3.268380000000000000e+05
3.702520000000000000e+05
1.518674000000000000e+06
1.596162000000000000e+06
1.530526000000000000e+06
5.844150000000000000e+05
8.921000000000000000e+04
1.549785000000000000e+06
4.949720000000000000e+05
1.413957000000000000e+06
1.239134000000000000e+06
2.154700000000000000e+04
3.895490000000000000e+05
4.651020000000000000e+05
4.942760000000000000e+05
1.253275000000000000e+06
1.144354000000000000e+06
5.240760000000000000e+05
1.599042000000000000e+06
7.200900000000000000e+05
1.204610000000000000e+05
1.549651000000000000e+06
1.714200000000000000e+05
1.418020000000000000e+05
1.041368000000000000e+06
1.755674000000000000e+06
2.462000000000000000e+04
1.059647000000000000e+06
1.802384000000000000e+06
1.752515000000000000e+06
9.311300000000000000e+05
1.164151000000000000e+06
1.161393000000000000e+06
1.527004000000000000e+06
1.547377000000000000e+06
1.596537000000000000e+06
1.064002000000000000e+06
1.541901000000000000e+06
1.656960000000000000e+06
1.203020000000000000e+05
1.017436000000000000e+06
5.875310000000000000e+05
1.248993000000000000e+06
2.420450000000000000e+05
1.062255000000000000e+06
1.147162000000000000e+06
9.251190000000000000e+05
2.217200000000000000e+04
1.673008000000000000e+06
1.656291000000000000e+06
1.957070000000000000e+05
5.090300000000000000e+05
1.346960000000000000e+05
1.523462000000000000e+06
6.143740000000000000e+05
9.295300000000000000e+05
1.355729000000000000e+06
3.385440000000000000e+05
1.719040000000000000e+05
1.353304000000000000e+06
1.383749000000000000e+06
1.728444000000000000e+06
1.097380000000000000e+05
4.099650000000000000e+05
4.240600000000000000e+04
2.524520000000000000e+05
4.498180000000000000e+05
1.741708000000000000e+06
2.666010000000000000e+05
1.303088000000000000e+06
1.594748000000000000e+06
9.302250000000000000e+05
4.559260000000000000e+05
1.414008000000000000e+06
1.232408000000000000e+06
1.803467000000000000e+06
2.069950000000000000e+05
2.787120000000000000e+05
4.780640000000000000e+05
1.420163000000000000e+06
1.177826000000000000e+06
1.369613000000000000e+06
3.101480000000000000e+05
1.607772000000000000e+06
1.158004000000000000e+06
1.050100000000000000e+04
1.370066000000000000e+06
9.042800000000000000e+04
8.406000000000000000e+04
7.265840000000000000e+05
4.839070000000000000e+05
1.235995000000000000e+06
8.668500000000000000e+04
3.395350000000000000e+05
1.484915000000000000e+06
1.528962000000000000e+06
1.246170000000000000e+06
1.289524000000000000e+06
3.259050000000000000e+05
1.133662000000000000e+06
2.377920000000000000e+05
1.094496000000000000e+06
1.359670000000000000e+05
8.240340000000000000e+05
8.745100000000000000e+05
2.537960000000000000e+05
2.786250000000000000e+05
1.778020000000000000e+05
6.781830000000000000e+05
1.708018000000000000e+06
1.419730000000000000e+05
1.743374000000000000e+06
4.137240000000000000e+05
6.640000000000000000e+04
1.060278000000000000e+06
4.935800000000000000e+04
1.752490000000000000e+05
2.630000000000000000e+04
1.530306000000000000e+06
3.449480000000000000e+05
