1.285151000000000000e+06
6.045260000000000000e+05
1.463000000000000000e+04
4.119300000000000000e+05
7.038870000000000000e+05
3.727470000000000000e+05
1.716204000000000000e+06
1.204610000000000000e+05
1.166129000000000000e+06
1.594748000000000000e+06
1.192030000000000000e+05
1.440659000000000000e+06
7.389000000000000000e+03
3.517400000000000000e+05
4.501450000000000000e+05
6.416700000000000000e+04
1.482854000000000000e+06
4.942020000000000000e+05
1.255898000000000000e+06
1.177710000000000000e+05
5.661490000000000000e+05
2.748820000000000000e+05
1.701100000000000000e+04
1.549039000000000000e+06
1.842150000000000000e+05
6.411700000000000000e+05
6.291190000000000000e+05
1.276485000000000000e+06
1.817476000000000000e+06
5.018460000000000000e+05
8.379000000000000000e+04
4.514930000000000000e+05
1.668479000000000000e+06
1.499470000000000000e+05
1.728874000000000000e+06
1.811750000000000000e+06
3.318320000000000000e+05
1.125830000000000000e+05
3.874980000000000000e+05
2.653980000000000000e+05
1.410680000000000000e+06
6.783120000000000000e+05
1.703491000000000000e+06
1.373301000000000000e+06
4.355310000000000000e+05
1.540560000000000000e+06
1.728444000000000000e+06
1.344502000000000000e+06
1.686496000000000000e+06
1.991250000000000000e+05
5.317310000000000000e+05
1.500722000000000000e+06
1.817246000000000000e+06
1.346270000000000000e+05
1.818123000000000000e+06
1.484486000000000000e+06
1.541875000000000000e+06
6.734120000000000000e+05
1.177766000000000000e+06
1.145968000000000000e+06
6.531020000000000000e+05
1.317510000000000000e+05
1.718970000000000000e+06
2.591700000000000000e+04
9.857020000000000000e+05
3.032980000000000000e+05
2.298700000000000000e+04
6.203570000000000000e+05
3.388950000000000000e+05
5.696550000000000000e+05
2.272970000000000000e+05
1.231605000000000000e+06
3.201760000000000000e+05
1.276434000000000000e+06
1.530725000000000000e+06
1.055700000000000000e+06
2.393420000000000000e+05
2.100150000000000000e+05
8.527600000000000000e+04
1.689380000000000000e+06
1.084658000000000000e+06
3.908690000000000000e+05
1.686397000000000000e+06
6.448360000000000000e+05
3.134370000000000000e+05
1.238320000000000000e+05
6.673370000000000000e+05
3.657580000000000000e+05
6.799000000000000000e+05
1.833209000000000000e+06
8.557600000000000000e+04
1.804400000000000000e+06
3.058930000000000000e+05
4.501550000000000000e+05
7.001370000000000000e+05
1.135282000000000000e+06
1.138185000000000000e+06
1.381360000000000000e+06
1.219289000000000000e+06
1.524700000000000000e+04
1.531725000000000000e+06
1.280552000000000000e+06
8.582160000000000000e+05
8.027650000000000000e+05
7.733400000000000000e+05
1.708496000000000000e+06
1.208559000000000000e+06
3.781980000000000000e+05
1.794790000000000000e+06
1.645814000000000000e+06
1.479005000000000000e+06
1.561457000000000000e+06
5.213850000000000000e+05
1.293350000000000000e+05
1.961580000000000000e+05
1.204516000000000000e+06
1.673460000000000000e+05
5.708420000000000000e+05
1.633160000000000000e+06
6.338170000000000000e+05
7.154310000000000000e+05
1.620575000000000000e+06
4.827000000000000000e+03
6.181110000000000000e+05
6.693930000000000000e+05
4.532160000000000000e+05
1.074156000000000000e+06
1.227693000000000000e+06
1.061196000000000000e+06
1.213530000000000000e+06
9.127240000000000000e+05
3.414370000000000000e+05
1.063092000000000000e+06
2.803800000000000000e+05
9.564840000000000000e+05
6.739240000000000000e+05
7.217320000000000000e+05
7.012610000000000000e+05
1.477888000000000000e+06
1.086445000000000000e+06
1.729682000000000000e+06
3.120330000000000000e+05
1.831991000000000000e+06
6.940800000000000000e+04
1.761650000000000000e+05
1.574543000000000000e+06
7.681100000000000000e+04
1.756003000000000000e+06
2.069950000000000000e+05
1.362280000000000000e+05
3.289730000000000000e+05
5.235610000000000000e+05
3.880670000000000000e+05
1.055250000000000000e+06
1.315951000000000000e+06
3.722800000000000000e+05
1.353513000000000000e+06
9.418000000000000000e+03
1.200110000000000000e+05
1.121029000000000000e+06
1.745832000000000000e+06
4.391200000000000000e+05
1.832415000000000000e+06
6.324660000000000000e+05
3.836590000000000000e+05
1.484910000000000000e+06
3.389890000000000000e+05
1.558964000000000000e+06
1.493070000000000000e+06
4.482730000000000000e+05
5.291000000000000000e+03
5.246010000000000000e+05
5.240000000000000000e+03
1.253931000000000000e+06
5.137070000000000000e+05
1.434052000000000000e+06
3.449480000000000000e+05
6.168780000000000000e+05
2.363300000000000000e+05
5.806420000000000000e+05
6.735490000000000000e+05
7.665000000000000000e+03
3.805370000000000000e+05
3.742260000000000000e+05
1.597692000000000000e+06
1.800650000000000000e+06
1.232374000000000000e+06
1.366480000000000000e+05
1.659630000000000000e+05
1.163834000000000000e+06
5.325380000000000000e+05
2.349860000000000000e+05
1.540062000000000000e+06
1.779403000000000000e+06
5.282520000000000000e+05
5.857940000000000000e+05
