7.243280000000000000e+05
1.334979000000000000e+06
1.191297000000000000e+06
1.715651000000000000e+06
1.726549000000000000e+06
4.852140000000000000e+05
1.693982000000000000e+06
1.575740000000000000e+05
2.409510000000000000e+05
1.222807000000000000e+06
1.713218000000000000e+06
1.384142000000000000e+06
1.559060000000000000e+05
1.531110000000000000e+05
4.958760000000000000e+05
1.421000000000000000e+04
1.103720000000000000e+06
6.726530000000000000e+05
1.350795000000000000e+06
3.866640000000000000e+05
1.627202000000000000e+06
5.282520000000000000e+05
1.003835000000000000e+06
1.898710000000000000e+05
1.548083000000000000e+06
3.298900000000000000e+05
1.618806000000000000e+06
1.824607000000000000e+06
1.774677000000000000e+06
1.137514000000000000e+06
5.688820000000000000e+05
1.561549000000000000e+06
4.455490000000000000e+05
4.644490000000000000e+05
1.101928000000000000e+06
1.465500000000000000e+04
3.159050000000000000e+05
3.366520000000000000e+05
1.729832000000000000e+06
3.224110000000000000e+05
1.622685000000000000e+06
8.980180000000000000e+05
2.863160000000000000e+05
2.823390000000000000e+05
1.606745000000000000e+06
1.323481000000000000e+06
4.869610000000000000e+05
2.719070000000000000e+05
1.566890000000000000e+05
7.498440000000000000e+05
1.550280000000000000e+05
1.832350000000000000e+05
6.095450000000000000e+05
1.721774000000000000e+06
1.464597000000000000e+06
3.299380000000000000e+05
7.265300000000000000e+05
9.366510000000000000e+05
5.003140000000000000e+05
4.787100000000000000e+05
1.369780000000000000e+05
7.001370000000000000e+05
1.796522000000000000e+06
2.407970000000000000e+05
6.766410000000000000e+05
1.340157000000000000e+06
1.124210000000000000e+06
1.600005000000000000e+06
1.706850000000000000e+05
1.137038000000000000e+06
1.247245000000000000e+06
1.718838000000000000e+06
1.608466000000000000e+06
1.774977000000000000e+06
6.215050000000000000e+05
1.376419000000000000e+06
5.556800000000000000e+05
5.005580000000000000e+05
1.828683000000000000e+06
1.346817000000000000e+06
1.261511000000000000e+06
1.529800000000000000e+05
1.850770000000000000e+05
1.425213000000000000e+06
1.693772000000000000e+06
5.650660000000000000e+05
1.529167000000000000e+06
1.127292000000000000e+06
1.779845000000000000e+06
2.330450000000000000e+05
5.302490000000000000e+05
2.886800000000000000e+04
3.250500000000000000e+04
1.454860000000000000e+05
2.873690000000000000e+05
3.391610000000000000e+05
1.061828000000000000e+06
1.687033000000000000e+06
1.974170000000000000e+05
2.552580000000000000e+05
1.211704000000000000e+06
3.874010000000000000e+05
1.492794000000000000e+06
1.244262000000000000e+06
5.703200000000000000e+05
2.144320000000000000e+05
1.241159000000000000e+06
3.667610000000000000e+05
1.611176000000000000e+06
1.378666000000000000e+06
1.329379000000000000e+06
6.179700000000000000e+04
1.517317000000000000e+06
1.431780000000000000e+05
1.277880000000000000e+05
2.958140000000000000e+05
1.813590000000000000e+06
1.295483000000000000e+06
5.557780000000000000e+05
1.365040000000000000e+05
1.335603000000000000e+06
1.655338000000000000e+06
1.104781000000000000e+06
4.720760000000000000e+05
1.125830000000000000e+05
9.353390000000000000e+05
1.247183000000000000e+06
6.659990000000000000e+05
2.605900000000000000e+04
2.876440000000000000e+05
1.607701000000000000e+06
3.604510000000000000e+05
2.633080000000000000e+05
1.694128000000000000e+06
1.420149000000000000e+06
4.123030000000000000e+05
2.544990000000000000e+05
1.205385000000000000e+06
1.721597000000000000e+06
3.035380000000000000e+05
7.263610000000000000e+05
1.756148000000000000e+06
1.485876000000000000e+06
1.580780000000000000e+05
