1.708314000000000000e+06
1.711408000000000000e+06
5.671360000000000000e+05
1.493618000000000000e+06
1.668479000000000000e+06
5.240760000000000000e+05
2.480300000000000000e+04
6.454590000000000000e+05
1.060885000000000000e+06
1.714200000000000000e+05
9.333540000000000000e+05
1.516563000000000000e+06
7.207720000000000000e+05
5.875310000000000000e+05
1.473639000000000000e+06
1.613727000000000000e+06
4.499460000000000000e+05
2.192100000000000000e+05
6.533420000000000000e+05
1.762797000000000000e+06
1.510649000000000000e+06
6.737780000000000000e+05
1.431650000000000000e+05
4.496070000000000000e+05
2.601600000000000000e+04
3.567600000000000000e+05
1.811111000000000000e+06
1.213530000000000000e+06
4.961350000000000000e+05
1.745151000000000000e+06
4.937580000000000000e+05
1.109240000000000000e+05
1.719040000000000000e+05
6.964920000000000000e+05
1.426053000000000000e+06
1.042671000000000000e+06
7.270900000000000000e+04
3.307280000000000000e+05
1.496598000000000000e+06
5.713370000000000000e+05
9.042800000000000000e+04
3.714600000000000000e+04
1.030307000000000000e+06
1.188906000000000000e+06
1.095113000000000000e+06
1.566355000000000000e+06
7.674790000000000000e+05
1.118200000000000000e+05
1.656291000000000000e+06
9.357760000000000000e+05
4.935800000000000000e+04
3.141940000000000000e+05
1.150548000000000000e+06
1.485214000000000000e+06
1.331429000000000000e+06
1.059770000000000000e+06
1.024799000000000000e+06
6.159670000000000000e+05
1.462135000000000000e+06
1.115530000000000000e+06
7.068410000000000000e+05
1.345897000000000000e+06
2.805470000000000000e+05
1.381906000000000000e+06
2.627700000000000000e+04
1.532976000000000000e+06
1.542068000000000000e+06
9.893970000000000000e+05
1.483959000000000000e+06
1.161619000000000000e+06
1.366233000000000000e+06
5.998780000000000000e+05
1.147968000000000000e+06
4.781080000000000000e+05
1.164299000000000000e+06
1.512127000000000000e+06
3.770950000000000000e+05
3.895490000000000000e+05
1.499470000000000000e+05
8.906600000000000000e+04
1.733873000000000000e+06
1.045190000000000000e+06
1.939000000000000000e+04
1.522634000000000000e+06
7.219260000000000000e+05
3.385440000000000000e+05
1.707483000000000000e+06
1.379243000000000000e+06
1.720522000000000000e+06
2.546270000000000000e+05
1.667588000000000000e+06
9.177600000000000000e+04
1.492774000000000000e+06
1.712122000000000000e+06
8.527600000000000000e+04
6.650020000000000000e+05
8.321200000000000000e+04
2.460870000000000000e+05
1.737120000000000000e+05
1.366288000000000000e+06
1.177826000000000000e+06
1.407764000000000000e+06
5.767730000000000000e+05
9.251200000000000000e+05
4.780010000000000000e+05
9.508260000000000000e+05
1.086059000000000000e+06
1.478813000000000000e+06
2.875460000000000000e+05
1.794790000000000000e+06
1.755398000000000000e+06
6.183460000000000000e+05
9.295300000000000000e+05
1.094178000000000000e+06
1.714806000000000000e+06
1.366990000000000000e+06
5.236460000000000000e+05
1.341454000000000000e+06
7.090310000000000000e+05
1.065505000000000000e+06
2.420450000000000000e+05
7.318210000000000000e+05
1.796853000000000000e+06
4.516850000000000000e+05
1.729660000000000000e+05
7.089830000000000000e+05
1.575758000000000000e+06
1.743870000000000000e+05
9.374310000000000000e+05
7.094500000000000000e+05
5.255260000000000000e+05
1.740898000000000000e+06
4.839070000000000000e+05
9.495210000000000000e+05
1.547354000000000000e+06
4.559260000000000000e+05
3.228210000000000000e+05
1.303734000000000000e+06
1.653520000000000000e+05
1.366320000000000000e+06
2.283700000000000000e+04
4.171310000000000000e+05
1.093731000000000000e+06
1.254910000000000000e+05
1.393517000000000000e+06
4.949720000000000000e+05
7.608000000000000000e+03
1.661726000000000000e+06
1.657061000000000000e+06
1.802384000000000000e+06
1.706480000000000000e+05
1.476163000000000000e+06
3.793700000000000000e+05
1.958100000000000000e+05
2.630000000000000000e+04
8.797250000000000000e+05
3.414370000000000000e+05
4.950980000000000000e+05
1.303547000000000000e+06
1.055960000000000000e+06
1.528723000000000000e+06
1.040291000000000000e+06
1.158004000000000000e+06
2.449330000000000000e+05
2.638760000000000000e+05
1.467877000000000000e+06
1.739140000000000000e+06
1.160163000000000000e+06
1.247030000000000000e+05
1.080850000000000000e+05
6.940990000000000000e+05
1.745044000000000000e+06
1.762250000000000000e+06
5.036880000000000000e+05
1.230338000000000000e+06
4.942760000000000000e+05
1.142524000000000000e+06
1.718681000000000000e+06
1.542692000000000000e+06
1.997360000000000000e+05
6.980620000000000000e+05
1.809339000000000000e+06
1.431789000000000000e+06
1.355844000000000000e+06
3.414460000000000000e+05
1.598810000000000000e+06
1.192739000000000000e+06
9.289790000000000000e+05
1.751327000000000000e+06
7.197100000000000000e+05
1.899800000000000000e+04
3.736270000000000000e+05
8.921000000000000000e+04
1.530526000000000000e+06
1.262662000000000000e+06
2.070760000000000000e+05
1.881280000000000000e+05
1.658380000000000000e+05
1.990730000000000000e+05
1.594748000000000000e+06
2.069950000000000000e+05
6.542900000000000000e+05
6.643680000000000000e+05
6.608200000000000000e+05
1.372281000000000000e+06
1.176438000000000000e+06
4.964000000000000000e+05
2.855400000000000000e+04
3.728950000000000000e+05
1.628409000000000000e+06
2.666010000000000000e+05
1.025355000000000000e+06
1.485217000000000000e+06
1.533997000000000000e+06
1.203330000000000000e+05
1.329173000000000000e+06
2.902720000000000000e+05
6.120490000000000000e+05
1.055468000000000000e+06
