4.501450000000000000e+05
1.522634000000000000e+06
1.708314000000000000e+06
1.745151000000000000e+06
1.711408000000000000e+06
1.484910000000000000e+06
1.161619000000000000e+06
2.624250000000000000e+05
1.613727000000000000e+06
3.702520000000000000e+05
1.062255000000000000e+06
1.109240000000000000e+05
3.307280000000000000e+05
1.226118000000000000e+06
5.844290000000000000e+05
7.674790000000000000e+05
2.011600000000000000e+04
1.668479000000000000e+06
6.454590000000000000e+05
2.538440000000000000e+05
2.601600000000000000e+04
9.325970000000000000e+05
1.547354000000000000e+06
1.667588000000000000e+06
1.303547000000000000e+06
4.093900000000000000e+05
1.659263000000000000e+06
3.416530000000000000e+05
1.758431000000000000e+06
8.906600000000000000e+04
1.729660000000000000e+05
1.515601000000000000e+06
7.270900000000000000e+04
1.499470000000000000e+05
1.239134000000000000e+06
1.492774000000000000e+06
5.875310000000000000e+05
4.355310000000000000e+05
3.366520000000000000e+05
1.431650000000000000e+05
1.383353000000000000e+06
1.758573000000000000e+06
7.200900000000000000e+05
1.147162000000000000e+06
1.713980000000000000e+05
1.753408000000000000e+06
1.714200000000000000e+05
1.064002000000000000e+06
1.494808000000000000e+06
1.856759000000000000e+06
1.042478000000000000e+06
1.751768000000000000e+06
4.950910000000000000e+05
8.362500000000000000e+04
1.656291000000000000e+06
1.518674000000000000e+06
2.627700000000000000e+04
2.167000000000000000e+04
1.253275000000000000e+06
2.666010000000000000e+05
9.295300000000000000e+05
1.780380000000000000e+06
7.266290000000000000e+05
4.949720000000000000e+05
2.217200000000000000e+04
1.939000000000000000e+04
1.752468000000000000e+06
1.366748000000000000e+06
1.058276000000000000e+06
1.213530000000000000e+06
1.800138000000000000e+06
1.646127000000000000e+06
1.426116000000000000e+06
5.954440000000000000e+05
1.331429000000000000e+06
1.840087000000000000e+06
8.445200000000000000e+04
1.266396000000000000e+06
7.142440000000000000e+05
1.403807000000000000e+06
2.420450000000000000e+05
1.981360000000000000e+05
9.009020000000000000e+05
1.512871000000000000e+06
4.559260000000000000e+05
4.496070000000000000e+05
1.381425000000000000e+06
1.721140000000000000e+05
7.078500000000000000e+05
1.556152000000000000e+06
1.360096000000000000e+06
5.247830000000000000e+05
1.671626000000000000e+06
1.252997000000000000e+06
1.561300000000000000e+05
1.059677000000000000e+06
1.708496000000000000e+06
5.355370000000000000e+05
6.964920000000000000e+05
2.855400000000000000e+04
1.355729000000000000e+06
4.942760000000000000e+05
1.272427000000000000e+06
1.177826000000000000e+06
9.320410000000000000e+05
1.218456000000000000e+06
1.381906000000000000e+06
1.755674000000000000e+06
1.088365000000000000e+06
1.144354000000000000e+06
5.862350000000000000e+05
1.947500000000000000e+04
1.158004000000000000e+06
1.329559000000000000e+06
1.596537000000000000e+06
1.532600000000000000e+06
8.197600000000000000e+04
1.743374000000000000e+06
3.679470000000000000e+05
1.400057000000000000e+06
1.710007000000000000e+06
4.166690000000000000e+05
1.302790000000000000e+06
2.918350000000000000e+05
9.311300000000000000e+05
2.272970000000000000e+05
6.935990000000000000e+05
5.805910000000000000e+05
1.366288000000000000e+06
1.842792000000000000e+06
1.115530000000000000e+06
1.219369000000000000e+06
5.671360000000000000e+05
2.967470000000000000e+05
1.562889000000000000e+06
2.908760000000000000e+05
3.763530000000000000e+05
1.597127000000000000e+06
1.856229000000000000e+06
7.200140000000000000e+05
1.097380000000000000e+05
7.272050000000000000e+05
1.370177000000000000e+06
1.383749000000000000e+06
1.762248000000000000e+06
3.736270000000000000e+05
1.566355000000000000e+06
1.100369000000000000e+06
9.251190000000000000e+05
6.643680000000000000e+05
1.094496000000000000e+06
5.934410000000000000e+05
1.156651000000000000e+06
5.242070000000000000e+05
6.417340000000000000e+05
3.517400000000000000e+05
1.484915000000000000e+06
1.599042000000000000e+06
1.567577000000000000e+06
7.244590000000000000e+05
1.549651000000000000e+06
1.524890000000000000e+06
1.477888000000000000e+06
1.483959000000000000e+06
6.327970000000000000e+05
1.755398000000000000e+06
1.607797000000000000e+06
1.802384000000000000e+06
6.980620000000000000e+05
1.133662000000000000e+06
1.331212000000000000e+06
3.714200000000000000e+04
1.095113000000000000e+06
1.776680000000000000e+05
6.670940000000000000e+05
9.297360000000000000e+05
1.484946000000000000e+06
1.629987000000000000e+06
3.268380000000000000e+05
5.571980000000000000e+05
1.541872000000000000e+06
7.072890000000000000e+05
1.387344000000000000e+06
1.176461000000000000e+06
1.832893000000000000e+06
1.527645000000000000e+06
1.478813000000000000e+06
3.395350000000000000e+05
1.708018000000000000e+06
1.290276000000000000e+06
1.484684000000000000e+06
4.781080000000000000e+05
1.462502000000000000e+06
1.372281000000000000e+06
1.594797000000000000e+06
3.664110000000000000e+05
9.042800000000000000e+04
1.366320000000000000e+06
1.485141000000000000e+06
1.063546000000000000e+06
8.954780000000000000e+05
1.121206000000000000e+06
5.246820000000000000e+05
4.568590000000000000e+05
1.656960000000000000e+06
1.760597000000000000e+06
1.482683000000000000e+06
6.035680000000000000e+05
1.250050000000000000e+06
1.242599000000000000e+06
2.192100000000000000e+05
1.266984000000000000e+06
1.202700000000000000e+05
3.538840000000000000e+05
7.357380000000000000e+05
1.772671000000000000e+06
1.811111000000000000e+06
4.651020000000000000e+05
