8.600960000000000000e+05
7.768150000000000000e+05
8.131290000000000000e+05
9.667180000000000000e+05
8.905590000000000000e+05
1.216610000000000000e+06
8.333580000000000000e+05
7.548890000000000000e+05
8.634340000000000000e+05
7.952630000000000000e+05
8.312340000000000000e+05
7.883430000000000000e+05
8.623510000000000000e+05
8.899660000000000000e+05
1.099836000000000000e+06
7.814110000000000000e+05
8.332140000000000000e+05
9.903370000000000000e+05
9.668540000000000000e+05
9.622880000000000000e+05
8.830280000000000000e+05
9.750340000000000000e+05
8.300950000000000000e+05
7.555330000000000000e+05
1.063597000000000000e+06
7.664370000000000000e+05
9.355870000000000000e+05
8.004470000000000000e+05
8.627100000000000000e+05
3.862980000000000000e+05
1.044652000000000000e+06
1.333849000000000000e+06
4.483100000000000000e+05
1.216847000000000000e+06
9.457210000000000000e+05
9.932270000000000000e+05
9.610610000000000000e+05
8.943470000000000000e+05
9.763870000000000000e+05
8.942320000000000000e+05
8.947660000000000000e+05
1.552978000000000000e+06
4.015360000000000000e+05
8.933330000000000000e+05
7.510350000000000000e+05
8.649320000000000000e+05
7.901520000000000000e+05
8.961160000000000000e+05
8.979030000000000000e+05
9.349200000000000000e+04
7.512530000000000000e+05
1.806403000000000000e+06
1.350960000000000000e+05
8.515900000000000000e+05
7.662950000000000000e+05
8.773600000000000000e+04
9.374640000000000000e+05
8.181890000000000000e+05
9.953640000000000000e+05
1.215344000000000000e+06
1.217674000000000000e+06
2.463300000000000000e+04
9.905530000000000000e+05
3.370220000000000000e+05
8.875400000000000000e+05
1.098244000000000000e+06
1.461406000000000000e+06
1.767220000000000000e+06
8.931650000000000000e+05
8.657510000000000000e+05
7.411600000000000000e+05
8.703920000000000000e+05
7.619080000000000000e+05
8.981550000000000000e+05
1.061610000000000000e+06
7.863860000000000000e+05
8.440840000000000000e+05
8.319500000000000000e+05
1.066849000000000000e+06
9.381680000000000000e+05
7.647460000000000000e+05
7.143600000000000000e+05
7.555310000000000000e+05
8.802080000000000000e+05
1.034595000000000000e+06
8.996270000000000000e+05
1.052589000000000000e+06
9.555900000000000000e+05
8.330910000000000000e+05
8.003910000000000000e+05
9.774410000000000000e+05
8.943370000000000000e+05
9.690410000000000000e+05
8.195570000000000000e+05
8.628270000000000000e+05
8.910620000000000000e+05
8.070700000000000000e+05
8.507030000000000000e+05
7.757420000000000000e+05
3.494920000000000000e+05
9.520190000000000000e+05
1.101536000000000000e+06
9.659710000000000000e+05
1.413532000000000000e+06
1.730041000000000000e+06
9.670660000000000000e+05
1.724637000000000000e+06
7.674390000000000000e+05
8.281020000000000000e+05
8.585270000000000000e+05
1.440657000000000000e+06
2.353300000000000000e+04
1.096978000000000000e+06
9.329050000000000000e+05
8.745830000000000000e+05
7.927080000000000000e+05
1.244814000000000000e+06
8.956680000000000000e+05
9.946620000000000000e+05
1.099267000000000000e+06
7.611380000000000000e+05
9.373550000000000000e+05
8.370040000000000000e+05
7.799900000000000000e+05
2.433800000000000000e+04
1.064331000000000000e+06
1.456473000000000000e+06
1.723150000000000000e+06
8.637050000000000000e+05
3.302620000000000000e+05
7.374260000000000000e+05
1.048384000000000000e+06
7.802730000000000000e+05
8.976180000000000000e+05
1.067922000000000000e+06
8.758780000000000000e+05
8.332490000000000000e+05
7.842340000000000000e+05
7.821250000000000000e+05
1.639844000000000000e+06
9.469090000000000000e+05
7.349580000000000000e+05
9.608200000000000000e+05
8.953940000000000000e+05
4.499500000000000000e+05
4.369610000000000000e+05
1.420790000000000000e+05
1.549249000000000000e+06
6.259260000000000000e+05
1.044058000000000000e+06
2.383900000000000000e+04
9.757310000000000000e+05
1.455689000000000000e+06
9.518940000000000000e+05
9.126800000000000000e+05
1.155073000000000000e+06
5.181650000000000000e+05
1.002543000000000000e+06
9.122040000000000000e+05
9.949820000000000000e+05
8.333590000000000000e+05
1.357370000000000000e+05
6.998660000000000000e+05
1.495000000000000000e+06
3.874300000000000000e+05
9.660210000000000000e+05
7.413350000000000000e+05
1.336011000000000000e+06
8.749860000000000000e+05
9.243680000000000000e+05
8.968190000000000000e+05
1.805433000000000000e+06
1.556078000000000000e+06
7.905620000000000000e+05
4.378260000000000000e+05
8.264570000000000000e+05
4.632880000000000000e+05
1.224110000000000000e+06
8.999310000000000000e+05
7.919100000000000000e+05
1.011604000000000000e+06
1.766850000000000000e+05
9.411270000000000000e+05
7.562270000000000000e+05
9.330150000000000000e+05
8.672160000000000000e+05
1.667905000000000000e+06
1.054846000000000000e+06
9.539130000000000000e+05
7.307700000000000000e+05
1.031300000000000000e+06
7.239910000000000000e+05
9.834570000000000000e+05
1.215907000000000000e+06
1.046592000000000000e+06
1.098760000000000000e+06
8.702890000000000000e+05
7.553170000000000000e+05
1.070441000000000000e+06
8.236970000000000000e+05
1.441479000000000000e+06
1.098905000000000000e+06
1.060577000000000000e+06
1.763153000000000000e+06
1.406064000000000000e+06
8.130000000000000000e+04
1.207661000000000000e+06
9.654620000000000000e+05
1.018389000000000000e+06
7.256650000000000000e+05
1.834553000000000000e+06
1.806984000000000000e+06
1.101065000000000000e+06
1.007275000000000000e+06
9.960240000000000000e+05
1.057910000000000000e+06
9.269890000000000000e+05
7.393920000000000000e+05
1.213863000000000000e+06
9.494360000000000000e+05
4.480840000000000000e+05
1.005757000000000000e+06
8.112100000000000000e+04
1.342586000000000000e+06
9.754450000000000000e+05
1.425770000000000000e+05
1.135679000000000000e+06
1.217076000000000000e+06
1.744881000000000000e+06
7.288120000000000000e+05
8.966120000000000000e+05
9.664840000000000000e+05
1.114044000000000000e+06
1.707136000000000000e+06
1.087722000000000000e+06
1.179308000000000000e+06
7.132750000000000000e+05
1.115631000000000000e+06
1.036377000000000000e+06
3.837900000000000000e+05
7.094360000000000000e+05
1.055296000000000000e+06
6.884330000000000000e+05
1.630885000000000000e+06
3.991170000000000000e+05
9.903730000000000000e+05
1.064652000000000000e+06
1.101966000000000000e+06
7.444950000000000000e+05
7.039160000000000000e+05
9.473000000000000000e+04
1.105428000000000000e+06
8.101170000000000000e+05
3.365300000000000000e+05
1.023624000000000000e+06
7.306970000000000000e+05
8.747910000000000000e+05
1.462295000000000000e+06
4.491990000000000000e+05
1.066647000000000000e+06
9.039120000000000000e+05
1.055496000000000000e+06
1.217848000000000000e+06
7.245240000000000000e+05
1.455062000000000000e+06
8.975880000000000000e+05
1.703610000000000000e+05
1.554613000000000000e+06
7.288100000000000000e+05
9.767910000000000000e+05
1.040221000000000000e+06
1.009361000000000000e+06
3.897350000000000000e+05
8.216250000000000000e+05
1.008643000000000000e+06
3.911660000000000000e+05
3.995590000000000000e+05
1.554327000000000000e+06
7.102360000000000000e+05
1.640656000000000000e+06
9.095650000000000000e+05
1.099861000000000000e+06
9.593850000000000000e+05
7.420240000000000000e+05
8.879640000000000000e+05
9.506340000000000000e+05
9.078760000000000000e+05
1.038805000000000000e+06
9.364360000000000000e+05
7.366060000000000000e+05
1.067629000000000000e+06
9.637820000000000000e+05
1.217271000000000000e+06
1.097799000000000000e+06
1.737869000000000000e+06
3.583100000000000000e+04
1.057391000000000000e+06
9.211300000000000000e+04
9.634380000000000000e+05
7.379440000000000000e+05
4.342050000000000000e+05
1.064346000000000000e+06
8.890630000000000000e+05
1.414473000000000000e+06
3.354000000000000000e+04
4.634050000000000000e+05
1.289904000000000000e+06
9.310200000000000000e+05
4.459560000000000000e+05
7.220690000000000000e+05
9.340050000000000000e+05
1.074219000000000000e+06
1.554127000000000000e+06
1.047277000000000000e+06
7.170600000000000000e+05
1.042696000000000000e+06
9.204250000000000000e+05
9.120950000000000000e+05
9.587220000000000000e+05
1.038207000000000000e+06
5.208960000000000000e+05
4.387420000000000000e+05
7.287590000000000000e+05
8.942880000000000000e+05
1.225021000000000000e+06
1.689980000000000000e+05
1.107416000000000000e+06
1.086386000000000000e+06
1.235630000000000000e+05
1.055261000000000000e+06
1.256218000000000000e+06
9.188350000000000000e+05
6.543700000000000000e+05
8.865540000000000000e+05
1.037084000000000000e+06
1.285020000000000000e+05
7.266450000000000000e+05
2.459400000000000000e+04
4.315220000000000000e+05
1.004533000000000000e+06
1.161070000000000000e+06
7.256760000000000000e+05
9.956300000000000000e+05
7.152670000000000000e+05
7.235470000000000000e+05
1.770740000000000000e+05
4.354480000000000000e+05
1.245478000000000000e+06
4.688420000000000000e+05
1.072666000000000000e+06
1.022187000000000000e+06
8.456800000000000000e+04
1.094775000000000000e+06
1.738666000000000000e+06
1.386163000000000000e+06
7.563090000000000000e+05
9.296790000000000000e+05
9.741660000000000000e+05
7.808600000000000000e+04
9.380520000000000000e+05
1.060556000000000000e+06
9.953410000000000000e+05
1.030983000000000000e+06
1.052445000000000000e+06
1.062031000000000000e+06
1.417542000000000000e+06
1.157637000000000000e+06
1.189510000000000000e+05
1.104775000000000000e+06
1.065996000000000000e+06
1.340835000000000000e+06
1.182250000000000000e+06
9.430750000000000000e+05
1.548152000000000000e+06
8.177260000000000000e+05
7.787420000000000000e+05
7.310090000000000000e+05
1.008023000000000000e+06
8.918510000000000000e+05
3.875240000000000000e+05
9.317240000000000000e+05
3.894940000000000000e+05
3.778480000000000000e+05
4.020410000000000000e+05
1.552557000000000000e+06
2.234500000000000000e+04
9.459690000000000000e+05
1.138223000000000000e+06
9.715020000000000000e+05
1.429242000000000000e+06
1.206930000000000000e+06
7.270560000000000000e+05
1.740020000000000000e+05
7.250010000000000000e+05
1.005697000000000000e+06
1.037630000000000000e+06
7.181820000000000000e+05
1.038027000000000000e+06
7.920380000000000000e+05
8.652210000000000000e+05
8.045200000000000000e+05
4.376530000000000000e+05
1.577790000000000000e+06
1.100208000000000000e+06
9.543430000000000000e+05
4.502330000000000000e+05
4.504720000000000000e+05
1.346264000000000000e+06
1.333971000000000000e+06
7.310190000000000000e+05
9.861080000000000000e+05
3.437820000000000000e+05
8.916390000000000000e+05
9.278390000000000000e+05
1.029975000000000000e+06
1.216381000000000000e+06
1.086620000000000000e+06
1.438658000000000000e+06
5.590000000000000000e+04
1.134069000000000000e+06
1.220473000000000000e+06
4.283150000000000000e+05
1.550669000000000000e+06
9.968270000000000000e+05
8.239800000000000000e+04
1.098157000000000000e+06
1.182154000000000000e+06
4.000070000000000000e+05
7.620110000000000000e+05
1.839875000000000000e+06
3.463170000000000000e+05
1.337515000000000000e+06
1.158457000000000000e+06
4.089920000000000000e+05
1.138955000000000000e+06
1.133037000000000000e+06
9.252730000000000000e+05
1.153472000000000000e+06
1.292906000000000000e+06
5.169700000000000000e+05
3.044450000000000000e+05
1.158116000000000000e+06
5.955810000000000000e+05
8.442570000000000000e+05
1.097681000000000000e+06
7.556200000000000000e+05
9.348200000000000000e+04
8.570920000000000000e+05
7.873240000000000000e+05
9.539320000000000000e+05
1.242646000000000000e+06
1.223947000000000000e+06
6.231770000000000000e+05
8.058400000000000000e+04
1.153179000000000000e+06
3.008580000000000000e+05
1.348020000000000000e+05
1.455161000000000000e+06
1.158686000000000000e+06
7.391210000000000000e+05
1.766147000000000000e+06
1.299490000000000000e+05
1.338322000000000000e+06
4.649590000000000000e+05
7.439870000000000000e+05
1.214441000000000000e+06
5.913000000000000000e+03
9.162220000000000000e+05
7.388000000000000000e+03
1.805922000000000000e+06
1.753027000000000000e+06
2.443750000000000000e+05
1.441816000000000000e+06
1.332614000000000000e+06
1.116476000000000000e+06
1.218501000000000000e+06
1.637534000000000000e+06
1.666160000000000000e+06
1.056930000000000000e+06
9.929480000000000000e+05
1.203466000000000000e+06
2.122410000000000000e+05
1.100609000000000000e+06
1.058452000000000000e+06
8.380400000000000000e+04
1.102950000000000000e+06
3.874940000000000000e+05
4.753660000000000000e+05
1.342457000000000000e+06
1.133575000000000000e+06
9.254370000000000000e+05
1.748855000000000000e+06
8.776740000000000000e+05
9.045740000000000000e+05
1.761919000000000000e+06
4.770040000000000000e+05
1.352390000000000000e+05
6.367500000000000000e+05
1.340500000000000000e+05
9.043590000000000000e+05
3.327970000000000000e+05
3.828050000000000000e+05
1.556313000000000000e+06
1.457306000000000000e+06
1.298336000000000000e+06
1.062770000000000000e+06
1.060954000000000000e+06
1.130960000000000000e+06
1.415808000000000000e+06
3.819150000000000000e+05
7.397590000000000000e+05
4.033190000000000000e+05
1.778428000000000000e+06
1.039092000000000000e+06
1.206363000000000000e+06
9.857670000000000000e+05
7.405390000000000000e+05
1.300389000000000000e+06
1.025167000000000000e+06
1.058330000000000000e+06
8.981180000000000000e+05
7.279670000000000000e+05
1.631979000000000000e+06
1.231861000000000000e+06
1.248290000000000000e+06
9.103270000000000000e+05
1.132985000000000000e+06
1.324995000000000000e+06
1.270080000000000000e+06
1.223561000000000000e+06
1.077580000000000000e+06
1.450789000000000000e+06
3.877780000000000000e+05
4.508300000000000000e+05
6.271810000000000000e+05
9.376400000000000000e+04
1.044603000000000000e+06
8.343120000000000000e+05
7.187270000000000000e+05
9.220840000000000000e+05
1.153677000000000000e+06
1.737249000000000000e+06
1.059579000000000000e+06
1.766138000000000000e+06
7.235380000000000000e+05
7.152930000000000000e+05
7.344490000000000000e+05
9.565580000000000000e+05
1.778347000000000000e+06
3.878060000000000000e+05
1.000119000000000000e+06
8.355540000000000000e+05
7.854470000000000000e+05
1.129700000000000000e+06
1.804541000000000000e+06
4.504970000000000000e+05
3.828470000000000000e+05
9.907910000000000000e+05
1.337467000000000000e+06
9.022970000000000000e+05
1.135358000000000000e+06
1.348904000000000000e+06
1.061065000000000000e+06
1.383569000000000000e+06
3.001590000000000000e+05
6.879310000000000000e+05
3.784740000000000000e+05
9.993720000000000000e+05
1.074083000000000000e+06
4.476090000000000000e+05
1.555334000000000000e+06
9.355240000000000000e+05
9.297940000000000000e+05
1.494524000000000000e+06
4.004700000000000000e+05
2.998010000000000000e+05
1.256693000000000000e+06
1.245009000000000000e+06
8.373530000000000000e+05
6.490140000000000000e+05
1.299286000000000000e+06
6.723520000000000000e+05
4.475150000000000000e+05
3.861010000000000000e+05
1.004452000000000000e+06
1.488653000000000000e+06
1.089072000000000000e+06
3.493740000000000000e+05
7.353550000000000000e+05
6.191130000000000000e+05
1.212234000000000000e+06
1.406383000000000000e+06
1.378749000000000000e+06
1.215478000000000000e+06
1.016743000000000000e+06
1.065128000000000000e+06
3.842760000000000000e+05
6.985010000000000000e+05
9.534030000000000000e+05
1.031048000000000000e+06
5.409250000000000000e+05
1.103357000000000000e+06
1.029630000000000000e+06
4.412210000000000000e+05
1.767231000000000000e+06
4.103940000000000000e+05
1.556592000000000000e+06
1.437410000000000000e+06
9.610620000000000000e+05
4.368260000000000000e+05
6.750720000000000000e+05
6.156000000000000000e+03
1.206782000000000000e+06
1.413186000000000000e+06
1.208386000000000000e+06
6.888260000000000000e+05
1.265930000000000000e+05
3.459160000000000000e+05
1.082562000000000000e+06
2.891580000000000000e+05
1.766960000000000000e+06
1.084957000000000000e+06
3.392590000000000000e+05
6.250720000000000000e+05
8.004240000000000000e+05
1.639944000000000000e+06
1.761832000000000000e+06
1.025837000000000000e+06
9.656080000000000000e+05
1.552695000000000000e+06
1.843045000000000000e+06
1.456706000000000000e+06
1.213792000000000000e+06
1.037216000000000000e+06
1.384386000000000000e+06
1.112251000000000000e+06
1.087131000000000000e+06
3.535420000000000000e+05
9.562130000000000000e+05
9.326300000000000000e+04
1.215307000000000000e+06
8.797190000000000000e+05
1.733409000000000000e+06
7.271580000000000000e+05
4.454300000000000000e+05
9.248420000000000000e+05
9.202190000000000000e+05
1.180890000000000000e+05
1.778920000000000000e+05
3.898900000000000000e+05
5.794920000000000000e+05
9.000040000000000000e+05
9.814050000000000000e+05
5.592690000000000000e+05
3.243310000000000000e+05
1.081022000000000000e+06
9.376290000000000000e+05
1.189282000000000000e+06
7.118820000000000000e+05
1.461765000000000000e+06
1.724220000000000000e+05
7.274500000000000000e+05
7.395650000000000000e+05
1.751908000000000000e+06
1.075029000000000000e+06
1.441649000000000000e+06
9.594110000000000000e+05
7.700720000000000000e+05
7.417130000000000000e+05
1.549139000000000000e+06
9.002450000000000000e+05
7.249530000000000000e+05
6.826170000000000000e+05
1.242763000000000000e+06
3.039600000000000000e+04
1.339345000000000000e+06
1.726040000000000000e+06
1.711240000000000000e+05
4.398240000000000000e+05
1.074015000000000000e+06
9.543790000000000000e+05
1.514711000000000000e+06
1.204680000000000000e+05
9.549950000000000000e+05
1.262065000000000000e+06
3.877250000000000000e+05
1.231636000000000000e+06
9.482560000000000000e+05
1.214086000000000000e+06
7.570750000000000000e+05
3.452740000000000000e+05
1.287428000000000000e+06
9.802200000000000000e+05
1.772322000000000000e+06
5.242900000000000000e+05
4.959400000000000000e+05
1.556015000000000000e+06
1.180780000000000000e+05
9.422600000000000000e+04
1.767150000000000000e+05
7.168720000000000000e+05
8.736160000000000000e+05
9.412850000000000000e+05
1.081524000000000000e+06
2.292300000000000000e+04
1.060836000000000000e+06
3.294860000000000000e+05
1.085631000000000000e+06
1.832898000000000000e+06
3.845000000000000000e+04
4.007600000000000000e+05
1.465963000000000000e+06
1.767326000000000000e+06
9.210780000000000000e+05
1.150662000000000000e+06
1.833988000000000000e+06
1.266823000000000000e+06
6.511330000000000000e+05
3.349780000000000000e+05
1.342226000000000000e+06
3.520820000000000000e+05
4.650610000000000000e+05
5.564210000000000000e+05
1.655880000000000000e+06
1.724790000000000000e+06
7.264550000000000000e+05
2.384040000000000000e+05
1.756900000000000000e+06
1.708760000000000000e+06
4.287460000000000000e+05
1.157227000000000000e+06
1.833190000000000000e+06
1.199040000000000000e+06
1.221364000000000000e+06
3.704030000000000000e+05
4.697120000000000000e+05
1.131689000000000000e+06
1.638911000000000000e+06
1.718400000000000000e+05
9.240770000000000000e+05
1.095933000000000000e+06
4.868810000000000000e+05
6.955290000000000000e+05
3.391680000000000000e+05
4.018800000000000000e+05
1.267301000000000000e+06
6.211770000000000000e+05
7.060020000000000000e+05
1.809548000000000000e+06
7.354780000000000000e+05
9.437370000000000000e+05
1.057245000000000000e+06
3.912280000000000000e+05
1.094868000000000000e+06
1.507199000000000000e+06
8.806000000000000000e+04
4.083090000000000000e+05
1.082903000000000000e+06
7.045610000000000000e+05
5.879700000000000000e+05
1.005461000000000000e+06
6.943640000000000000e+05
1.314173000000000000e+06
1.211192000000000000e+06
1.217754000000000000e+06
1.339482000000000000e+06
1.055541000000000000e+06
4.429430000000000000e+05
2.415160000000000000e+05
7.170740000000000000e+05
7.033940000000000000e+05
7.053010000000000000e+05
1.585913000000000000e+06
9.336680000000000000e+05
1.743156000000000000e+06
1.507645000000000000e+06
1.736484000000000000e+06
5.972490000000000000e+05
1.553074000000000000e+06
1.152367000000000000e+06
5.189220000000000000e+05
1.166165000000000000e+06
1.208610000000000000e+06
6.701230000000000000e+05
1.194582000000000000e+06
1.100810000000000000e+06
7.152550000000000000e+05
1.217804000000000000e+06
5.773890000000000000e+05
7.225520000000000000e+05
6.553340000000000000e+05
1.119698000000000000e+06
1.275786000000000000e+06
1.550474000000000000e+06
8.985120000000000000e+05
1.637348000000000000e+06
7.232890000000000000e+05
1.382940000000000000e+06
3.397110000000000000e+05
1.333010000000000000e+06
4.226140000000000000e+05
1.329216000000000000e+06
7.167590000000000000e+05
1.165058000000000000e+06
6.586680000000000000e+05
1.462679000000000000e+06
1.243813000000000000e+06
1.019325000000000000e+06
1.337095000000000000e+06
6.110000000000000000e+03
1.024020000000000000e+06
3.847660000000000000e+05
3.917360000000000000e+05
1.816452000000000000e+06
7.966650000000000000e+05
7.048010000000000000e+05
1.024568000000000000e+06
9.983540000000000000e+05
1.730004000000000000e+06
4.004380000000000000e+05
9.456890000000000000e+05
6.099400000000000000e+05
1.437874000000000000e+06
1.147567000000000000e+06
3.363010000000000000e+05
1.727869000000000000e+06
9.597800000000000000e+04
1.451353000000000000e+06
1.218432000000000000e+06
8.514420000000000000e+05
7.681100000000000000e+05
1.633904000000000000e+06
1.097710000000000000e+06
1.164813000000000000e+06
1.460942000000000000e+06
1.288830000000000000e+05
1.231130000000000000e+05
1.553029000000000000e+06
1.123494000000000000e+06
1.422843000000000000e+06
1.209791000000000000e+06
4.493830000000000000e+05
3.692940000000000000e+05
1.578045000000000000e+06
1.755705000000000000e+06
5.988740000000000000e+05
1.624357000000000000e+06
9.914600000000000000e+04
1.066725000000000000e+06
1.031351000000000000e+06
2.946250000000000000e+05
1.028611000000000000e+06
1.145560000000000000e+06
1.294691000000000000e+06
1.460659000000000000e+06
1.549217000000000000e+06
7.349650000000000000e+05
1.771240000000000000e+05
1.259023000000000000e+06
1.261999000000000000e+06
4.685540000000000000e+05
1.079072000000000000e+06
6.745180000000000000e+05
1.136352000000000000e+06
3.115700000000000000e+05
1.412852000000000000e+06
1.810385000000000000e+06
6.872780000000000000e+05
1.762156000000000000e+06
5.504700000000000000e+05
1.221814000000000000e+06
1.713205000000000000e+06
1.058969000000000000e+06
1.288723000000000000e+06
6.934440000000000000e+05
1.778675000000000000e+06
1.709360000000000000e+05
1.213682000000000000e+06
1.288028000000000000e+06
1.042494000000000000e+06
1.108714000000000000e+06
1.206343000000000000e+06
1.673882000000000000e+06
4.483770000000000000e+05
4.564390000000000000e+05
5.988960000000000000e+05
7.240000000000000000e+05
1.216384000000000000e+06
8.695900000000000000e+04
1.244597000000000000e+06
7.601540000000000000e+05
9.283430000000000000e+05
1.030899000000000000e+06
6.378080000000000000e+05
6.738000000000000000e+03
4.740210000000000000e+05
6.868330000000000000e+05
1.153438000000000000e+06
1.441136000000000000e+06
9.285460000000000000e+05
1.554384000000000000e+06
1.469955000000000000e+06
3.690200000000000000e+04
5.602890000000000000e+05
4.006260000000000000e+05
6.314780000000000000e+05
3.888220000000000000e+05
1.565701000000000000e+06
4.502490000000000000e+05
1.349790000000000000e+05
1.767525000000000000e+06
3.887580000000000000e+05
1.549034000000000000e+06
9.347300000000000000e+05
9.425430000000000000e+05
1.283090000000000000e+05
8.283690000000000000e+05
1.804955000000000000e+06
6.467190000000000000e+05
1.414480000000000000e+05
1.710790000000000000e+05
9.556580000000000000e+05
1.457165000000000000e+06
1.160916000000000000e+06
1.139540000000000000e+06
6.703680000000000000e+05
1.200382000000000000e+06
1.149438000000000000e+06
1.828687000000000000e+06
6.626400000000000000e+05
1.666783000000000000e+06
6.675400000000000000e+05
1.354696000000000000e+06
1.116486000000000000e+06
1.480574000000000000e+06
1.156315000000000000e+06
6.627130000000000000e+05
1.391170000000000000e+05
3.516470000000000000e+05
1.656799000000000000e+06
1.668112000000000000e+06
1.749505000000000000e+06
2.854760000000000000e+05
4.510580000000000000e+05
1.020976000000000000e+06
9.959770000000000000e+05
1.433120000000000000e+05
8.533900000000000000e+04
1.343633000000000000e+06
1.176791000000000000e+06
9.592970000000000000e+05
1.340684000000000000e+06
1.447232000000000000e+06
1.246435000000000000e+06
1.096940000000000000e+06
7.696270000000000000e+05
8.239370000000000000e+05
1.270251000000000000e+06
1.032319000000000000e+06
1.213540000000000000e+06
1.313676000000000000e+06
8.094200000000000000e+04
9.123830000000000000e+05
1.556153000000000000e+06
1.371635000000000000e+06
5.713850000000000000e+05
1.150600000000000000e+06
1.140591000000000000e+06
1.058240000000000000e+06
8.945410000000000000e+05
4.606410000000000000e+05
1.849348000000000000e+06
1.550536000000000000e+06
3.719690000000000000e+05
1.096163000000000000e+06
4.502650000000000000e+05
4.139570000000000000e+05
1.347299000000000000e+06
1.231696000000000000e+06
3.829110000000000000e+05
1.555322000000000000e+06
2.302900000000000000e+04
9.325800000000000000e+04
1.709740000000000000e+05
3.303990000000000000e+05
6.975290000000000000e+05
3.796640000000000000e+05
3.920360000000000000e+05
1.223950000000000000e+06
1.422109000000000000e+06
7.285260000000000000e+05
1.492769000000000000e+06
1.179029000000000000e+06
1.556356000000000000e+06
1.612573000000000000e+06
1.180358000000000000e+06
9.311530000000000000e+05
1.337024000000000000e+06
1.221539000000000000e+06
1.874750000000000000e+05
1.027850000000000000e+06
1.416382000000000000e+06
1.082084000000000000e+06
1.244350000000000000e+05
5.195680000000000000e+05
1.575210000000000000e+05
1.253129000000000000e+06
7.292280000000000000e+05
1.152084000000000000e+06
5.004530000000000000e+05
8.342140000000000000e+05
4.777470000000000000e+05
3.652690000000000000e+05
1.103062000000000000e+06
5.023690000000000000e+05
1.779078000000000000e+06
1.495234000000000000e+06
3.830550000000000000e+05
1.673448000000000000e+06
9.070070000000000000e+05
7.149090000000000000e+05
3.260560000000000000e+05
1.385031000000000000e+06
1.221631000000000000e+06
9.904980000000000000e+05
1.689204000000000000e+06
1.007330000000000000e+06
1.574274000000000000e+06
7.104370000000000000e+05
1.102345000000000000e+06
3.015350000000000000e+05
4.299020000000000000e+05
1.274104000000000000e+06
1.357826000000000000e+06
1.749796000000000000e+06
4.609870000000000000e+05
9.781000000000000000e+03
5.865740000000000000e+05
4.653530000000000000e+05
1.256459000000000000e+06
1.186049000000000000e+06
1.075785000000000000e+06
1.139557000000000000e+06
1.644340000000000000e+06
1.602241000000000000e+06
1.342540000000000000e+06
4.592000000000000000e+03
3.289040000000000000e+05
3.992350000000000000e+05
1.422508000000000000e+06
8.967120000000000000e+05
1.418074000000000000e+06
1.129430000000000000e+06
1.018394000000000000e+06
1.452450000000000000e+06
1.347958000000000000e+06
5.970580000000000000e+05
1.707156000000000000e+06
9.401480000000000000e+05
2.654600000000000000e+04
1.131571000000000000e+06
1.457617000000000000e+06
4.275470000000000000e+05
5.235240000000000000e+05
1.631416000000000000e+06
1.425130000000000000e+05
7.246330000000000000e+05
7.049000000000000000e+05
8.971580000000000000e+05
6.644930000000000000e+05
1.323782000000000000e+06
1.489638000000000000e+06
3.044600000000000000e+04
1.415210000000000000e+05
4.498830000000000000e+05
3.821900000000000000e+04
3.518730000000000000e+05
1.111771000000000000e+06
1.194925000000000000e+06
1.679788000000000000e+06
1.838548000000000000e+06
1.082916000000000000e+06
4.010610000000000000e+05
3.274100000000000000e+05
4.876270000000000000e+05
1.272518000000000000e+06
1.290121000000000000e+06
3.823510000000000000e+05
1.156817000000000000e+06
9.718630000000000000e+05
1.731089000000000000e+06
9.227100000000000000e+04
3.866690000000000000e+05
3.154480000000000000e+05
6.605120000000000000e+05
1.795083000000000000e+06
5.879670000000000000e+05
1.165702000000000000e+06
9.600950000000000000e+05
1.768708000000000000e+06
7.472010000000000000e+05
1.214182000000000000e+06
1.589146000000000000e+06
2.668250000000000000e+05
1.396579000000000000e+06
1.406186000000000000e+06
4.943310000000000000e+05
1.742010000000000000e+06
1.496982000000000000e+06
7.056630000000000000e+05
7.075200000000000000e+04
1.767504000000000000e+06
1.065108000000000000e+06
1.150904000000000000e+06
2.155790000000000000e+05
4.158960000000000000e+05
1.642776000000000000e+06
4.701780000000000000e+05
1.650105000000000000e+06
1.429930000000000000e+05
5.876130000000000000e+05
1.555841000000000000e+06
1.136976000000000000e+06
1.091124000000000000e+06
1.248182000000000000e+06
1.933340000000000000e+05
1.722929000000000000e+06
1.085671000000000000e+06
1.672890000000000000e+05
4.735670000000000000e+05
1.580557000000000000e+06
3.751380000000000000e+05
8.563530000000000000e+05
6.823400000000000000e+05
7.608000000000000000e+03
1.268204000000000000e+06
2.261420000000000000e+05
1.721334000000000000e+06
8.851040000000000000e+05
9.250900000000000000e+04
1.206668000000000000e+06
1.324312000000000000e+06
1.156635000000000000e+06
1.117024000000000000e+06
7.089200000000000000e+05
1.461856000000000000e+06
1.639104000000000000e+06
1.746545000000000000e+06
1.758047000000000000e+06
7.662760000000000000e+05
1.250595000000000000e+06
1.782250000000000000e+05
1.443370000000000000e+06
4.181820000000000000e+05
3.826840000000000000e+05
1.122722000000000000e+06
1.361862000000000000e+06
1.766165000000000000e+06
1.809416000000000000e+06
7.156210000000000000e+05
1.767355000000000000e+06
1.600625000000000000e+06
5.168630000000000000e+05
9.613790000000000000e+05
1.747226000000000000e+06
4.941650000000000000e+05
5.948450000000000000e+05
1.828310000000000000e+06
1.177453000000000000e+06
1.994480000000000000e+05
1.553555000000000000e+06
5.019500000000000000e+04
1.633367000000000000e+06
4.304630000000000000e+05
1.331843000000000000e+06
5.912340000000000000e+05
7.865460000000000000e+05
1.129348000000000000e+06
1.666365000000000000e+06
5.466370000000000000e+05
1.328007000000000000e+06
1.675710000000000000e+05
3.334040000000000000e+05
1.805133000000000000e+06
1.307683000000000000e+06
1.383536000000000000e+06
4.869760000000000000e+05
2.517440000000000000e+05
7.248380000000000000e+05
4.849720000000000000e+05
3.406910000000000000e+05
1.333299000000000000e+06
4.535660000000000000e+05
1.298099000000000000e+06
1.632906000000000000e+06
3.375580000000000000e+05
1.219388000000000000e+06
9.912730000000000000e+05
1.852374000000000000e+06
1.760704000000000000e+06
9.280200000000000000e+04
1.199124000000000000e+06
1.474684000000000000e+06
7.073230000000000000e+05
9.313990000000000000e+05
1.656890000000000000e+06
1.194559000000000000e+06
1.415270000000000000e+05
7.834600000000000000e+04
1.328913000000000000e+06
9.118090000000000000e+05
1.296777000000000000e+06
1.109308000000000000e+06
1.097807000000000000e+06
1.175125000000000000e+06
1.248302000000000000e+06
1.554971000000000000e+06
1.389714000000000000e+06
5.724190000000000000e+05
1.342199000000000000e+06
1.526445000000000000e+06
1.011872000000000000e+06
4.292270000000000000e+05
1.415185000000000000e+06
6.555350000000000000e+05
3.012630000000000000e+05
2.875270000000000000e+05
1.165690000000000000e+05
1.030199000000000000e+06
7.051480000000000000e+05
3.152530000000000000e+05
1.354210000000000000e+06
1.814617000000000000e+06
1.393852000000000000e+06
1.453767000000000000e+06
1.421877000000000000e+06
1.438599000000000000e+06
5.840130000000000000e+05
1.807742000000000000e+06
1.379057000000000000e+06
1.254174000000000000e+06
1.324544000000000000e+06
1.535616000000000000e+06
1.218038000000000000e+06
1.207590000000000000e+06
1.343902000000000000e+06
3.769610000000000000e+05
1.335973000000000000e+06
1.070871000000000000e+06
4.668030000000000000e+05
4.470640000000000000e+05
1.494733000000000000e+06
3.732100000000000000e+04
3.292770000000000000e+05
1.295539000000000000e+06
1.488969000000000000e+06
1.102897000000000000e+06
5.311960000000000000e+05
3.785650000000000000e+05
1.159819000000000000e+06
1.309480000000000000e+06
6.891410000000000000e+05
1.414695000000000000e+06
5.550100000000000000e+04
1.679000000000000000e+04
1.765546000000000000e+06
1.305546000000000000e+06
1.731859000000000000e+06
1.724982000000000000e+06
6.599010000000000000e+05
1.784242000000000000e+06
1.760657000000000000e+06
5.291610000000000000e+05
1.192480000000000000e+05
1.458741000000000000e+06
1.207277000000000000e+06
6.999860000000000000e+05
3.090800000000000000e+05
1.127568000000000000e+06
1.432034000000000000e+06
1.315737000000000000e+06
1.755999000000000000e+06
1.106659000000000000e+06
8.673500000000000000e+04
1.377605000000000000e+06
1.631714000000000000e+06
1.433625000000000000e+06
1.807282000000000000e+06
1.251510000000000000e+06
1.209137000000000000e+06
1.400072000000000000e+06
2.224400000000000000e+04
1.433754000000000000e+06
3.189400000000000000e+04
1.762829000000000000e+06
7.992900000000000000e+04
1.834868000000000000e+06
1.115404000000000000e+06
5.190390000000000000e+05
1.683833000000000000e+06
1.724340000000000000e+06
1.633207000000000000e+06
1.605080000000000000e+05
1.427063000000000000e+06
4.240900000000000000e+04
5.974980000000000000e+05
1.455654000000000000e+06
1.327445000000000000e+06
1.352626000000000000e+06
1.026509000000000000e+06
1.029580000000000000e+06
3.696460000000000000e+05
4.511300000000000000e+05
1.633260000000000000e+05
1.631563000000000000e+06
2.194500000000000000e+04
7.244560000000000000e+05
1.393254000000000000e+06
2.090940000000000000e+05
4.382440000000000000e+05
1.161101000000000000e+06
1.271011000000000000e+06
9.258130000000000000e+05
1.827012000000000000e+06
5.079800000000000000e+04
1.444439000000000000e+06
1.073100000000000000e+05
3.858340000000000000e+05
8.816760000000000000e+05
7.412230000000000000e+05
1.199829000000000000e+06
8.895090000000000000e+05
5.046860000000000000e+05
5.796330000000000000e+05
1.766164000000000000e+06
1.286980000000000000e+05
1.607350000000000000e+06
1.157636000000000000e+06
1.519974000000000000e+06
6.966800000000000000e+04
1.594838000000000000e+06
2.010000000000000000e+03
1.409683000000000000e+06
5.590650000000000000e+05
5.859790000000000000e+05
4.732380000000000000e+05
1.275490000000000000e+05
1.521210000000000000e+06
5.044780000000000000e+05
1.604612000000000000e+06
3.301600000000000000e+05
1.147160000000000000e+05
1.588123000000000000e+06
5.605140000000000000e+05
1.059129000000000000e+06
1.655711000000000000e+06
7.241010000000000000e+05
1.532048000000000000e+06
3.069900000000000000e+04
1.031200000000000000e+05
1.667341000000000000e+06
6.169330000000000000e+05
1.103225000000000000e+06
6.685830000000000000e+05
1.248181000000000000e+06
1.805200000000000000e+06
1.088599000000000000e+06
5.255340000000000000e+05
1.136787000000000000e+06
1.042000000000000000e+03
1.090487000000000000e+06
1.695034000000000000e+06
1.854121000000000000e+06
7.038830000000000000e+05
7.839700000000000000e+04
1.258691000000000000e+06
1.265458000000000000e+06
3.323960000000000000e+05
1.706545000000000000e+06
9.311000000000000000e+05
1.188868000000000000e+06
1.200276000000000000e+06
1.087144000000000000e+06
1.741619000000000000e+06
3.019130000000000000e+05
1.709170000000000000e+05
1.060000000000000000e+06
1.969760000000000000e+05
5.538400000000000000e+04
1.277200000000000000e+06
3.883470000000000000e+05
6.167820000000000000e+05
1.456902000000000000e+06
1.800650000000000000e+06
1.199400000000000000e+06
1.656590000000000000e+06
1.806304000000000000e+06
5.249860000000000000e+05
1.138252000000000000e+06
7.851000000000000000e+03
8.963950000000000000e+05
1.180130000000000000e+05
1.640757000000000000e+06
1.075053000000000000e+06
2.662280000000000000e+05
1.058318000000000000e+06
7.356690000000000000e+05
8.936700000000000000e+04
2.469200000000000000e+04
2.961050000000000000e+05
1.416163000000000000e+06
1.640128000000000000e+06
3.441640000000000000e+05
9.133160000000000000e+05
1.845008000000000000e+06
3.850340000000000000e+05
1.514443000000000000e+06
1.095354000000000000e+06
7.266980000000000000e+05
9.936180000000000000e+05
2.531970000000000000e+05
1.066448000000000000e+06
1.571980000000000000e+05
1.112359000000000000e+06
9.303200000000000000e+04
7.663700000000000000e+04
1.549468000000000000e+06
9.500970000000000000e+05
1.636502000000000000e+06
1.546737000000000000e+06
9.166440000000000000e+05
1.691006000000000000e+06
1.284753000000000000e+06
9.103450000000000000e+05
1.209496000000000000e+06
6.859810000000000000e+05
9.150600000000000000e+05
1.476141000000000000e+06
8.686800000000000000e+04
1.217647000000000000e+06
1.218590000000000000e+06
6.859300000000000000e+05
6.976740000000000000e+05
1.640432000000000000e+06
1.511581000000000000e+06
1.680495000000000000e+06
1.739343000000000000e+06
1.297058000000000000e+06
1.461510000000000000e+06
1.114835000000000000e+06
4.390940000000000000e+05
7.196150000000000000e+05
1.087430000000000000e+06
1.347440000000000000e+05
5.965900000000000000e+05
2.939080000000000000e+05
2.911940000000000000e+05
7.535350000000000000e+05
2.873670000000000000e+05
1.413140000000000000e+05
1.217909000000000000e+06
1.461228000000000000e+06
1.640192000000000000e+06
9.936370000000000000e+05
2.248480000000000000e+05
9.132910000000000000e+05
6.878400000000000000e+04
1.119950000000000000e+05
3.471500000000000000e+04
2.057850000000000000e+05
5.142080000000000000e+05
1.584161000000000000e+06
2.578600000000000000e+04
9.381420000000000000e+05
1.804607000000000000e+06
7.172670000000000000e+05
5.849310000000000000e+05
3.573960000000000000e+05
1.066804000000000000e+06
1.836338000000000000e+06
1.565494000000000000e+06
7.185500000000000000e+05
7.134610000000000000e+05
1.163804000000000000e+06
5.549200000000000000e+05
5.359100000000000000e+05
1.746084000000000000e+06
3.804860000000000000e+05
1.576601000000000000e+06
1.850384000000000000e+06
2.939790000000000000e+05
4.677000000000000000e+03
2.009660000000000000e+05
3.476500000000000000e+05
4.685480000000000000e+05
1.526554000000000000e+06
1.768077000000000000e+06
1.321000000000000000e+06
1.833481000000000000e+06
2.746040000000000000e+05
3.344650000000000000e+05
1.777513000000000000e+06
2.251700000000000000e+04
1.743565000000000000e+06
1.253187000000000000e+06
5.600300000000000000e+04
2.609860000000000000e+05
1.051318000000000000e+06
1.082962000000000000e+06
2.706730000000000000e+05
1.708366000000000000e+06
5.511700000000000000e+04
1.597720000000000000e+05
1.113006000000000000e+06
1.591437000000000000e+06
8.934200000000000000e+04
2.538100000000000000e+04
1.358720000000000000e+05
6.590350000000000000e+05
3.885560000000000000e+05
1.488516000000000000e+06
7.977340000000000000e+05
1.077453000000000000e+06
4.426530000000000000e+05
1.256729000000000000e+06
1.161344000000000000e+06
1.103273000000000000e+06
1.677225000000000000e+06
3.375660000000000000e+05
1.766779000000000000e+06
6.951670000000000000e+05
5.231480000000000000e+05
1.375053000000000000e+06
1.660516000000000000e+06
3.460000000000000000e+04
1.640714000000000000e+06
1.756539000000000000e+06
1.095297000000000000e+06
5.241240000000000000e+05
1.158845000000000000e+06
1.556957000000000000e+06
4.196300000000000000e+04
6.171800000000000000e+05
1.186141000000000000e+06
3.491660000000000000e+05
1.190638000000000000e+06
6.606370000000000000e+05
2.740190000000000000e+05
1.215359000000000000e+06
1.344533000000000000e+06
1.552894000000000000e+06
1.563535000000000000e+06
6.119260000000000000e+05
3.125810000000000000e+05
1.343120000000000000e+05
1.348385000000000000e+06
1.438751000000000000e+06
1.189419000000000000e+06
1.527962000000000000e+06
1.428238000000000000e+06
1.377152000000000000e+06
3.877410000000000000e+05
1.444718000000000000e+06
1.230419000000000000e+06
6.357200000000000000e+05
5.429480000000000000e+05
1.729924000000000000e+06
1.074337000000000000e+06
1.074321000000000000e+06
1.680827000000000000e+06
1.271071000000000000e+06
