8.782870000000000000e+05
7.794400000000000000e+05
8.211600000000000000e+05
9.667180000000000000e+05
8.722840000000000000e+05
1.216610000000000000e+06
8.142500000000000000e+05
7.952630000000000000e+05
8.634340000000000000e+05
8.333580000000000000e+05
7.548890000000000000e+05
1.099836000000000000e+06
9.622880000000000000e+05
9.913800000000000000e+05
8.300950000000000000e+05
7.814110000000000000e+05
8.206690000000000000e+05
8.623510000000000000e+05
7.895980000000000000e+05
9.714150000000000000e+05
9.355370000000000000e+05
8.864910000000000000e+05
9.643780000000000000e+05
9.554190000000000000e+05
1.062116000000000000e+06
7.664400000000000000e+05
7.664370000000000000e+05
8.004470000000000000e+05
8.627100000000000000e+05
3.862980000000000000e+05
8.761330000000000000e+05
1.044652000000000000e+06
1.333902000000000000e+06
9.412480000000000000e+05
8.943470000000000000e+05
9.610610000000000000e+05
7.510350000000000000e+05
8.942320000000000000e+05
9.763870000000000000e+05
9.932320000000000000e+05
4.483230000000000000e+05
8.947660000000000000e+05
8.961160000000000000e+05
1.216847000000000000e+06
1.552978000000000000e+06
9.338100000000000000e+04
7.637340000000000000e+05
9.374640000000000000e+05
8.649320000000000000e+05
8.875400000000000000e+05
1.350960000000000000e+05
4.007830000000000000e+05
8.979030000000000000e+05
3.349690000000000000e+05
7.512530000000000000e+05
8.319500000000000000e+05
1.806403000000000000e+06
7.555310000000000000e+05
7.662950000000000000e+05
9.520190000000000000e+05
1.215344000000000000e+06
9.555900000000000000e+05
9.908680000000000000e+05
8.653370000000000000e+05
8.931650000000000000e+05
8.773600000000000000e+04
1.061610000000000000e+06
9.698490000000000000e+05
8.959380000000000000e+05
8.745830000000000000e+05
9.953640000000000000e+05
2.463300000000000000e+04
1.217674000000000000e+06
7.411600000000000000e+05
3.494920000000000000e+05
1.101294000000000000e+06
9.666330000000000000e+05
1.413532000000000000e+06
1.098244000000000000e+06
8.007560000000000000e+05
9.373550000000000000e+05
8.683890000000000000e+05
7.647460000000000000e+05
8.353580000000000000e+05
7.767330000000000000e+05
8.888560000000000000e+05
8.981550000000000000e+05
7.802730000000000000e+05
7.142800000000000000e+05
1.461406000000000000e+06
1.766431000000000000e+06
9.383530000000000000e+05
9.624420000000000000e+05
8.996270000000000000e+05
9.329050000000000000e+05
8.628270000000000000e+05
8.956680000000000000e+05
7.996090000000000000e+05
1.456473000000000000e+06
7.821250000000000000e+05
1.042249000000000000e+06
9.891890000000000000e+05
1.096978000000000000e+06
8.350650000000000000e+05
7.374260000000000000e+05
1.725474000000000000e+06
8.910620000000000000e+05
8.260730000000000000e+05
8.571510000000000000e+05
7.950890000000000000e+05
7.674390000000000000e+05
1.066400000000000000e+06
8.515740000000000000e+05
8.124420000000000000e+05
8.172270000000000000e+05
8.659740000000000000e+05
7.821990000000000000e+05
1.064331000000000000e+06
8.990420000000000000e+05
1.357370000000000000e+05
1.730041000000000000e+06
8.976180000000000000e+05
8.672160000000000000e+05
4.499500000000000000e+05
9.330150000000000000e+05
1.099267000000000000e+06
1.034595000000000000e+06
1.440657000000000000e+06
9.670660000000000000e+05
9.949820000000000000e+05
8.754140000000000000e+05
1.549249000000000000e+06
7.352330000000000000e+05
1.050832000000000000e+06
9.946620000000000000e+05
9.575000000000000000e+05
1.455689000000000000e+06
2.379500000000000000e+04
1.098760000000000000e+06
8.142060000000000000e+05
7.799900000000000000e+05
4.369610000000000000e+05
1.067922000000000000e+06
1.087722000000000000e+06
2.433800000000000000e+04
7.611380000000000000e+05
1.723150000000000000e+06
9.654620000000000000e+05
9.518940000000000000e+05
9.573750000000000000e+05
7.326930000000000000e+05
1.834553000000000000e+06
9.122040000000000000e+05
2.361400000000000000e+04
8.740120000000000000e+05
1.495000000000000000e+06
3.306920000000000000e+05
7.406280000000000000e+05
3.874300000000000000e+05
1.639844000000000000e+06
9.469090000000000000e+05
8.333590000000000000e+05
1.033357000000000000e+06
7.968520000000000000e+05
8.282190000000000000e+05
1.012329000000000000e+06
1.244550000000000000e+06
9.754450000000000000e+05
7.256650000000000000e+05
7.905620000000000000e+05
1.000106000000000000e+06
1.044058000000000000e+06
4.632880000000000000e+05
8.678390000000000000e+05
1.414473000000000000e+06
7.247310000000000000e+05
1.335828000000000000e+06
1.155073000000000000e+06
7.256760000000000000e+05
6.865350000000000000e+05
6.244340000000000000e+05
9.539190000000000000e+05
8.953940000000000000e+05
5.181650000000000000e+05
8.966120000000000000e+05
7.919100000000000000e+05
8.968190000000000000e+05
9.660210000000000000e+05
1.744408000000000000e+06
3.318650000000000000e+05
3.837900000000000000e+05
7.842340000000000000e+05
8.332490000000000000e+05
1.101966000000000000e+06
9.561270000000000000e+05
7.287590000000000000e+05
8.419930000000000000e+05
1.114044000000000000e+06
1.215907000000000000e+06
1.707136000000000000e+06
9.729310000000000000e+05
9.834570000000000000e+05
7.562270000000000000e+05
8.112100000000000000e+04
9.903730000000000000e+05
1.068023000000000000e+06
7.235470000000000000e+05
1.805433000000000000e+06
7.393920000000000000e+05
4.378260000000000000e+05
1.213863000000000000e+06
1.038489000000000000e+06
9.517390000000000000e+05
1.053343000000000000e+06
1.767270000000000000e+05
7.245240000000000000e+05
1.630885000000000000e+06
1.009361000000000000e+06
1.100208000000000000e+06
1.055631000000000000e+06
1.342586000000000000e+06
7.306970000000000000e+05
7.759490000000000000e+05
8.243690000000000000e+05
9.126800000000000000e+05
6.998660000000000000e+05
7.288120000000000000e+05
8.365340000000000000e+05
1.046592000000000000e+06
9.078760000000000000e+05
1.007275000000000000e+06
1.001918000000000000e+06
9.496790000000000000e+05
1.441479000000000000e+06
3.575800000000000000e+04
1.461927000000000000e+06
8.216250000000000000e+05
1.008643000000000000e+06
1.064652000000000000e+06
1.102750000000000000e+06
9.473000000000000000e+04
1.115631000000000000e+06
1.806984000000000000e+06
1.667905000000000000e+06
1.055700000000000000e+06
1.031300000000000000e+06
1.055496000000000000e+06
1.224110000000000000e+06
8.130000000000000000e+04
1.420790000000000000e+05
1.181159000000000000e+06
9.494360000000000000e+05
1.029581000000000000e+06
7.220690000000000000e+05
7.250010000000000000e+05
1.105428000000000000e+06
1.765445000000000000e+06
7.132750000000000000e+05
7.170600000000000000e+05
1.064342000000000000e+06
9.364360000000000000e+05
9.506340000000000000e+05
5.590000000000000000e+04
7.272070000000000000e+05
9.380520000000000000e+05
1.098905000000000000e+06
9.273670000000000000e+05
1.217917000000000000e+06
1.070441000000000000e+06
1.406064000000000000e+06
4.688420000000000000e+05
1.005697000000000000e+06
9.039120000000000000e+05
9.637820000000000000e+05
7.181820000000000000e+05
8.942880000000000000e+05
1.217076000000000000e+06
1.036377000000000000e+06
7.040940000000000000e+05
3.911660000000000000e+05
7.344490000000000000e+05
8.865540000000000000e+05
1.441816000000000000e+06
1.703610000000000000e+05
3.897350000000000000e+05
1.415808000000000000e+06
4.480840000000000000e+05
1.235320000000000000e+05
9.956300000000000000e+05
1.057269000000000000e+06
9.045740000000000000e+05
8.916390000000000000e+05
9.539320000000000000e+05
1.008023000000000000e+06
9.243680000000000000e+05
8.999310000000000000e+05
4.685020000000000000e+05
5.913000000000000000e+03
3.463170000000000000e+05
7.379440000000000000e+05
1.060556000000000000e+06
1.220473000000000000e+06
9.266070000000000000e+05
1.190530000000000000e+05
7.444950000000000000e+05
1.206930000000000000e+06
7.316920000000000000e+05
7.433610000000000000e+05
8.283530000000000000e+05
8.652210000000000000e+05
1.107708000000000000e+06
1.554401000000000000e+06
1.455062000000000000e+06
1.005757000000000000e+06
1.037084000000000000e+06
1.640656000000000000e+06
7.366060000000000000e+05
9.857670000000000000e+05
1.059591000000000000e+06
1.018556000000000000e+06
1.116486000000000000e+06
1.094775000000000000e+06
7.311150000000000000e+05
4.491970000000000000e+05
1.556078000000000000e+06
7.102180000000000000e+05
9.678110000000000000e+05
1.207661000000000000e+06
4.459560000000000000e+05
7.388000000000000000e+03
7.094360000000000000e+05
1.023624000000000000e+06
1.104775000000000000e+06
8.747100000000000000e+05
1.133575000000000000e+06
1.058082000000000000e+06
1.337467000000000000e+06
1.136992000000000000e+06
7.620110000000000000e+05
1.215478000000000000e+06
1.066709000000000000e+06
3.894850000000000000e+05
1.218501000000000000e+06
9.340050000000000000e+05
1.018339000000000000e+06
1.337515000000000000e+06
1.751908000000000000e+06
3.874940000000000000e+05
1.425770000000000000e+05
9.995970000000000000e+05
9.565580000000000000e+05
1.028986000000000000e+06
1.255896000000000000e+06
3.778480000000000000e+05
9.634380000000000000e+05
1.067811000000000000e+06
1.438658000000000000e+06
9.188350000000000000e+05
9.412850000000000000e+05
1.552333000000000000e+06
9.248420000000000000e+05
1.059579000000000000e+06
3.363010000000000000e+05
1.044202000000000000e+06
3.391680000000000000e+05
1.386203000000000000e+06
1.767247000000000000e+06
1.074083000000000000e+06
1.206782000000000000e+06
3.875240000000000000e+05
1.135679000000000000e+06
1.099861000000000000e+06
1.217271000000000000e+06
7.152670000000000000e+05
3.354000000000000000e+04
1.346264000000000000e+06
1.117024000000000000e+06
1.054776000000000000e+06
6.543700000000000000e+05
1.097799000000000000e+06
1.206363000000000000e+06
1.340410000000000000e+06
8.879490000000000000e+05
8.965100000000000000e+05
3.690200000000000000e+04
2.447100000000000000e+04
2.122410000000000000e+05
1.133037000000000000e+06
1.022187000000000000e+06
1.182154000000000000e+06
1.455161000000000000e+06
9.211300000000000000e+04
1.689980000000000000e+05
2.234500000000000000e+04
7.187270000000000000e+05
9.543430000000000000e+05
9.929480000000000000e+05
5.208960000000000000e+05
9.296790000000000000e+05
1.429242000000000000e+06
1.073806000000000000e+06
1.160291000000000000e+06
3.397110000000000000e+05
1.065128000000000000e+06
1.047277000000000000e+06
3.845000000000000000e+04
1.012569000000000000e+06
4.315010000000000000e+05
1.038027000000000000e+06
1.062031000000000000e+06
7.643170000000000000e+05
7.243260000000000000e+05
1.457167000000000000e+06
1.138955000000000000e+06
1.631737000000000000e+06
1.338344000000000000e+06
1.738666000000000000e+06
1.838868000000000000e+06
1.334122000000000000e+06
1.167606000000000000e+06
1.289986000000000000e+06
4.372080000000000000e+05
1.722875000000000000e+06
1.339345000000000000e+06
1.299286000000000000e+06
9.459690000000000000e+05
9.659170000000000000e+05
1.020976000000000000e+06
1.182252000000000000e+06
9.598490000000000000e+05
1.055194000000000000e+06
1.037630000000000000e+06
9.317480000000000000e+05
1.216381000000000000e+06
1.060964000000000000e+06
9.210780000000000000e+05
1.441649000000000000e+06
6.723520000000000000e+05
7.570750000000000000e+05
7.152930000000000000e+05
7.395650000000000000e+05
1.806031000000000000e+06
1.094868000000000000e+06
7.270560000000000000e+05
1.025167000000000000e+06
9.347300000000000000e+05
9.038530000000000000e+05
4.387420000000000000e+05
1.069421000000000000e+06
1.313676000000000000e+06
5.794920000000000000e+05
1.214441000000000000e+06
9.278390000000000000e+05
4.283150000000000000e+05
4.089920000000000000e+05
1.550669000000000000e+06
4.020410000000000000e+05
1.026186000000000000e+06
1.025767000000000000e+06
9.751810000000000000e+05
1.352390000000000000e+05
1.158239000000000000e+06
1.058330000000000000e+06
1.348020000000000000e+05
8.239800000000000000e+04
1.131689000000000000e+06
9.802200000000000000e+05
9.043590000000000000e+05
7.420240000000000000e+05
1.072666000000000000e+06
8.797190000000000000e+05
6.943050000000000000e+05
3.925800000000000000e+05
1.086386000000000000e+06
9.353280000000000000e+05
5.195680000000000000e+05
2.459400000000000000e+04
1.024568000000000000e+06
1.101033000000000000e+06
4.357580000000000000e+05
6.701230000000000000e+05
4.504970000000000000e+05
9.120950000000000000e+05
9.364900000000000000e+04
1.087289000000000000e+06
7.271580000000000000e+05
9.489070000000000000e+05
3.878170000000000000e+05
1.409140000000000000e+06
1.553029000000000000e+06
1.855620000000000000e+06
8.138860000000000000e+05
8.458770000000000000e+05
3.115700000000000000e+05
1.157637000000000000e+06
6.985010000000000000e+05
6.367500000000000000e+05
1.256529000000000000e+06
6.819990000000000000e+05
4.502330000000000000e+05
3.008580000000000000e+05
9.968270000000000000e+05
1.150662000000000000e+06
1.135358000000000000e+06
8.945410000000000000e+05
8.049220000000000000e+05
1.770740000000000000e+05
1.116476000000000000e+06
1.285020000000000000e+05
7.118820000000000000e+05
1.115989000000000000e+06
4.342050000000000000e+05
9.355240000000000000e+05
1.066725000000000000e+06
1.098157000000000000e+06
9.250650000000000000e+05
9.927440000000000000e+05
1.102950000000000000e+06
9.310200000000000000e+05
1.004533000000000000e+06
1.348904000000000000e+06
1.042696000000000000e+06
1.457816000000000000e+06
7.700720000000000000e+05
8.860680000000000000e+05
6.553340000000000000e+05
1.450789000000000000e+06
4.411690000000000000e+05
4.103940000000000000e+05
3.481740000000000000e+05
9.376400000000000000e+04
6.271810000000000000e+05
6.888260000000000000e+05
6.750720000000000000e+05
1.342540000000000000e+06
7.264550000000000000e+05
9.861080000000000000e+05
1.180780000000000000e+05
9.907910000000000000e+05
1.074178000000000000e+06
1.028773000000000000e+06
1.371635000000000000e+06
1.008197000000000000e+06
1.223947000000000000e+06
1.015676000000000000e+06
8.981180000000000000e+05
1.081022000000000000e+06
3.437820000000000000e+05
9.252730000000000000e+05
1.037216000000000000e+06
8.380400000000000000e+04
1.183751000000000000e+06
8.358560000000000000e+05
1.062770000000000000e+06
5.955810000000000000e+05
1.554314000000000000e+06
1.417542000000000000e+06
1.061065000000000000e+06
7.056630000000000000e+05
1.456706000000000000e+06
6.231770000000000000e+05
1.132985000000000000e+06
1.443341000000000000e+06
1.065996000000000000e+06
7.354790000000000000e+05
1.496982000000000000e+06
1.054952000000000000e+06
1.075208000000000000e+06
1.748855000000000000e+06
1.753027000000000000e+06
1.158457000000000000e+06
1.767231000000000000e+06
7.808600000000000000e+04
1.119698000000000000e+06
1.213111000000000000e+06
1.556313000000000000e+06
3.888220000000000000e+05
1.761919000000000000e+06
9.376290000000000000e+05
1.003464000000000000e+06
4.007600000000000000e+05
1.769350000000000000e+05
1.552695000000000000e+06
1.019376000000000000e+06
9.456890000000000000e+05
3.692940000000000000e+05
7.576260000000000000e+05
9.220840000000000000e+05
4.649590000000000000e+05
1.152367000000000000e+06
1.103357000000000000e+06
1.737249000000000000e+06
1.406383000000000000e+06
1.138223000000000000e+06
9.425430000000000000e+05
1.112251000000000000e+06
6.946700000000000000e+04
5.773890000000000000e+05
1.218432000000000000e+06
9.963380000000000000e+05
1.194417000000000000e+06
1.730004000000000000e+06
1.058452000000000000e+06
4.019060000000000000e+05
4.033190000000000000e+05
1.030899000000000000e+06
1.550474000000000000e+06
1.199829000000000000e+06
1.087430000000000000e+06
1.554384000000000000e+06
1.005461000000000000e+06
4.126890000000000000e+05
1.248290000000000000e+06
1.054792000000000000e+06
9.012400000000000000e+05
6.330640000000000000e+05
1.087225000000000000e+06
1.158116000000000000e+06
1.466069000000000000e+06
1.060836000000000000e+06
3.119390000000000000e+05
1.378680000000000000e+06
1.767328000000000000e+06
6.627130000000000000e+05
1.804541000000000000e+06
7.222720000000000000e+05
1.666471000000000000e+06
6.799370000000000000e+05
3.819150000000000000e+05
4.634050000000000000e+05
4.502650000000000000e+05
1.731089000000000000e+06
9.204250000000000000e+05
1.066614000000000000e+06
3.784740000000000000e+05
3.516470000000000000e+05
7.801610000000000000e+05
7.373240000000000000e+05
1.727307000000000000e+06
1.134069000000000000e+06
7.310190000000000000e+05
7.681100000000000000e+05
8.462340000000000000e+05
9.007690000000000000e+05
8.290300000000000000e+04
7.391210000000000000e+05
1.246730000000000000e+06
7.965620000000000000e+05
9.348200000000000000e+04
1.332614000000000000e+06
1.136787000000000000e+06
1.766120000000000000e+06
9.534030000000000000e+05
9.297940000000000000e+05
1.213792000000000000e+06
3.452740000000000000e+05
1.494524000000000000e+06
8.182690000000000000e+05
8.578100000000000000e+05
7.865460000000000000e+05
1.031351000000000000e+06
8.094200000000000000e+04
9.911280000000000000e+05
1.225115000000000000e+06
1.438751000000000000e+06
1.552944000000000000e+06
1.086620000000000000e+06
9.254370000000000000e+05
4.508300000000000000e+05
6.511330000000000000e+05
7.349650000000000000e+05
4.602000000000000000e+05
1.329216000000000000e+06
1.218038000000000000e+06
1.157636000000000000e+06
6.745180000000000000e+05
1.427063000000000000e+06
9.022970000000000000e+05
1.333299000000000000e+06
1.636745000000000000e+06
3.406910000000000000e+05
1.019070000000000000e+06
1.058216000000000000e+06
1.215307000000000000e+06
9.656080000000000000e+05
4.226140000000000000e+05
3.828050000000000000e+05
6.619570000000000000e+05
7.167590000000000000e+05
1.203466000000000000e+06
8.058400000000000000e+04
4.010610000000000000e+05
1.199400000000000000e+06
8.601000000000000000e+04
1.733409000000000000e+06
1.729924000000000000e+06
1.175125000000000000e+06
9.116500000000000000e+05
1.085670000000000000e+06
8.918510000000000000e+05
1.335614000000000000e+06
7.170740000000000000e+05
2.415160000000000000e+05
1.055004000000000000e+06
6.586680000000000000e+05
1.706545000000000000e+06
1.245478000000000000e+06
1.160916000000000000e+06
4.475150000000000000e+05
1.288723000000000000e+06
1.192480000000000000e+05
9.162220000000000000e+05
8.967120000000000000e+05
1.833988000000000000e+06
1.469666000000000000e+06
1.413255000000000000e+06
5.972490000000000000e+05
1.385031000000000000e+06
9.380020000000000000e+05
3.418320000000000000e+05
9.545530000000000000e+05
1.301061000000000000e+06
7.063900000000000000e+05
1.384386000000000000e+06
1.094227000000000000e+06
4.498830000000000000e+05
9.594110000000000000e+05
1.113709000000000000e+06
6.156000000000000000e+03
3.044450000000000000e+05
1.631979000000000000e+06
1.349790000000000000e+05
3.785650000000000000e+05
1.288028000000000000e+06
1.208386000000000000e+06
3.828470000000000000e+05
8.191450000000000000e+05
7.797940000000000000e+05
5.879670000000000000e+05
1.461266000000000000e+06
8.918500000000000000e+04
1.735826000000000000e+06
1.713203000000000000e+06
5.796330000000000000e+05
1.097681000000000000e+06
5.451280000000000000e+05
1.100609000000000000e+06
5.205470000000000000e+05
5.316790000000000000e+05
1.409683000000000000e+06
1.186049000000000000e+06
3.520820000000000000e+05
1.095354000000000000e+06
9.325800000000000000e+04
5.255340000000000000e+05
7.377160000000000000e+05
1.638970000000000000e+06
1.437261000000000000e+06
3.917360000000000000e+05
1.758047000000000000e+06
3.878370000000000000e+05
3.044600000000000000e+04
7.608000000000000000e+03
9.556580000000000000e+05
1.548152000000000000e+06
1.342248000000000000e+06
4.476090000000000000e+05
4.697120000000000000e+05
9.283430000000000000e+05
9.946460000000000000e+05
2.891580000000000000e+05
9.549950000000000000e+05
1.194559000000000000e+06
1.806994000000000000e+06
1.279620000000000000e+06
1.029470000000000000e+06
1.145560000000000000e+06
1.388488000000000000e+06
1.549217000000000000e+06
1.011557000000000000e+06
1.213938000000000000e+06
1.110339000000000000e+06
5.988740000000000000e+05
1.076040000000000000e+06
1.286191000000000000e+06
3.861010000000000000e+05
1.342199000000000000e+06
9.202190000000000000e+05
1.161070000000000000e+06
9.500970000000000000e+05
1.297690000000000000e+05
2.443750000000000000e+05
9.313990000000000000e+05
7.430020000000000000e+05
8.985120000000000000e+05
1.549034000000000000e+06
3.330810000000000000e+05
3.843860000000000000e+05
1.737593000000000000e+06
3.821900000000000000e+04
1.550536000000000000e+06
1.577790000000000000e+06
1.667341000000000000e+06
9.263530000000000000e+05
1.214742000000000000e+06
1.224206000000000000e+06
1.247437000000000000e+06
1.849348000000000000e+06
4.740210000000000000e+05
6.955290000000000000e+05
1.018808000000000000e+06
1.437874000000000000e+06
9.494730000000000000e+05
1.070871000000000000e+06
1.244597000000000000e+06
1.089072000000000000e+06
1.275490000000000000e+05
7.048890000000000000e+05
4.262100000000000000e+05
1.112382000000000000e+06
1.415210000000000000e+05
1.339482000000000000e+06
1.830818000000000000e+06
1.194925000000000000e+06
6.310950000000000000e+05
7.184770000000000000e+05
9.610620000000000000e+05
9.323870000000000000e+05
1.199040000000000000e+06
1.082703000000000000e+06
9.623790000000000000e+05
7.279670000000000000e+05
1.724220000000000000e+05
1.731561000000000000e+06
5.564210000000000000e+05
9.360260000000000000e+05
1.555054000000000000e+06
4.735670000000000000e+05
1.233800000000000000e+05
1.099281000000000000e+06
1.108714000000000000e+06
1.816452000000000000e+06
1.320389000000000000e+06
1.294691000000000000e+06
1.772322000000000000e+06
3.333760000000000000e+05
1.131880000000000000e+06
1.206343000000000000e+06
9.415510000000000000e+05
8.570920000000000000e+05
7.873240000000000000e+05
1.223561000000000000e+06
3.704030000000000000e+05
9.345500000000000000e+04
1.153438000000000000e+06
1.103225000000000000e+06
8.658520000000000000e+05
7.784560000000000000e+05
4.609870000000000000e+05
1.265458000000000000e+06
5.592690000000000000e+05
7.387290000000000000e+05
6.975290000000000000e+05
7.398620000000000000e+05
1.822546000000000000e+06
1.215498000000000000e+06
1.221814000000000000e+06
6.490140000000000000e+05
1.096940000000000000e+06
1.624514000000000000e+06
1.637348000000000000e+06
7.519080000000000000e+05
4.483770000000000000e+05
1.093180000000000000e+06
1.314173000000000000e+06
1.554369000000000000e+06
1.537919000000000000e+06
1.269160000000000000e+05
7.075200000000000000e+04
9.000040000000000000e+05
7.045610000000000000e+05
9.814050000000000000e+05
1.340490000000000000e+05
1.767631000000000000e+06
1.115481000000000000e+06
1.337095000000000000e+06
1.723602000000000000e+06
9.258130000000000000e+05
1.461764000000000000e+06
9.498630000000000000e+05
3.061510000000000000e+05
3.769610000000000000e+05
5.713850000000000000e+05
5.950780000000000000e+05
1.175729000000000000e+06
7.274500000000000000e+05
1.059400000000000000e+06
1.460592000000000000e+06
4.004700000000000000e+05
1.298336000000000000e+06
1.351721000000000000e+06
1.814617000000000000e+06
1.343633000000000000e+06
7.169660000000000000e+05
1.443209000000000000e+06
1.231636000000000000e+06
4.287860000000000000e+05
8.904350000000000000e+05
3.877250000000000000e+05
1.444527000000000000e+06
1.440134000000000000e+06
1.150283000000000000e+06
1.782250000000000000e+05
1.473555000000000000e+06
1.354696000000000000e+06
1.153677000000000000e+06
1.372350000000000000e+05
1.455788000000000000e+06
4.368260000000000000e+05
4.000070000000000000e+05
7.285260000000000000e+05
1.123494000000000000e+06
2.224400000000000000e+04
2.194500000000000000e+04
1.218141000000000000e+06
3.721000000000000000e+05
7.049000000000000000e+05
1.335717000000000000e+06
1.756768000000000000e+06
7.270950000000000000e+05
1.196279000000000000e+06
6.853300000000000000e+05
4.099320000000000000e+05
1.139557000000000000e+06
7.206240000000000000e+05
1.414695000000000000e+06
1.834770000000000000e+06
1.215953000000000000e+06
1.324995000000000000e+06
1.807282000000000000e+06
9.336680000000000000e+05
3.407150000000000000e+05
1.262296000000000000e+06
2.946350000000000000e+05
1.437052000000000000e+06
1.168082000000000000e+06
1.743156000000000000e+06
1.668112000000000000e+06
1.401096000000000000e+06
1.676350000000000000e+05
1.208608000000000000e+06
3.294860000000000000e+05
1.085671000000000000e+06
1.083590000000000000e+05
1.028496000000000000e+06
1.415049000000000000e+06
1.214182000000000000e+06
1.400072000000000000e+06
7.240000000000000000e+05
1.854506000000000000e+06
4.860580000000000000e+05
1.033552000000000000e+06
1.117387000000000000e+06
1.221364000000000000e+06
6.997430000000000000e+05
1.046861000000000000e+06
1.764163000000000000e+06
3.933840000000000000e+05
7.920710000000000000e+05
8.385100000000000000e+05
1.691409000000000000e+06
1.821733000000000000e+06
1.336414000000000000e+06
1.213433000000000000e+06
4.650610000000000000e+05
1.097561000000000000e+06
3.891450000000000000e+05
6.899100000000000000e+04
1.555841000000000000e+06
1.284005000000000000e+06
5.004530000000000000e+05
3.491410000000000000e+05
7.232890000000000000e+05
9.268990000000000000e+05
7.152550000000000000e+05
5.311960000000000000e+05
1.196982000000000000e+06
7.225520000000000000e+05
1.220401000000000000e+06
1.231696000000000000e+06
4.753660000000000000e+05
1.507645000000000000e+06
1.242512000000000000e+06
4.245930000000000000e+05
1.724417000000000000e+06
3.877410000000000000e+05
1.287370000000000000e+06
4.299020000000000000e+05
9.316740000000000000e+05
3.410720000000000000e+05
2.747140000000000000e+05
1.305546000000000000e+06
1.161101000000000000e+06
1.102897000000000000e+06
1.267301000000000000e+06
3.001590000000000000e+05
1.095297000000000000e+06
1.339580000000000000e+06
1.333010000000000000e+06
7.191130000000000000e+05
3.842760000000000000e+05
8.145830000000000000e+05
1.106659000000000000e+06
6.400900000000000000e+05
1.095933000000000000e+06
3.254750000000000000e+05
7.426120000000000000e+05
1.549137000000000000e+06
1.082903000000000000e+06
1.190198000000000000e+06
8.936850000000000000e+05
1.414717000000000000e+06
1.633904000000000000e+06
1.514544000000000000e+06
1.708760000000000000e+06
5.968530000000000000e+05
9.311530000000000000e+05
1.204741000000000000e+06
1.630769000000000000e+06
1.099919000000000000e+06
1.634038000000000000e+06
9.060150000000000000e+05
1.765546000000000000e+06
7.266980000000000000e+05
6.396160000000000000e+05
1.214850000000000000e+06
7.292280000000000000e+05
9.482560000000000000e+05
1.099599000000000000e+06
1.418074000000000000e+06
6.564000000000000000e+03
1.637534000000000000e+06
1.074294000000000000e+06
1.211356000000000000e+06
3.731000000000000000e+04
1.055541000000000000e+06
3.226670000000000000e+05
4.429430000000000000e+05
1.180890000000000000e+05
1.211192000000000000e+06
1.084957000000000000e+06
9.592970000000000000e+05
1.488613000000000000e+06
3.898710000000000000e+05
7.048010000000000000e+05
2.469200000000000000e+04
1.434114000000000000e+06
1.476141000000000000e+06
1.552894000000000000e+06
1.215680000000000000e+06
9.136520000000000000e+05
1.461856000000000000e+06
1.199653000000000000e+06
3.383290000000000000e+05
1.756080000000000000e+06
7.196150000000000000e+05
1.119983000000000000e+06
1.761816000000000000e+06
1.058033000000000000e+06
3.857360000000000000e+05
1.254174000000000000e+06
4.382440000000000000e+05
1.135772000000000000e+06
9.057050000000000000e+05
3.751380000000000000e+05
8.297000000000000000e+04
1.631416000000000000e+06
1.328007000000000000e+06
3.990500000000000000e+05
1.043402000000000000e+06
1.834338000000000000e+06
1.823835000000000000e+06
1.271071000000000000e+06
1.535616000000000000e+06
1.856627000000000000e+06
1.296777000000000000e+06
1.075053000000000000e+06
1.254022000000000000e+06
4.502490000000000000e+05
1.065108000000000000e+06
4.854600000000000000e+04
3.427040000000000000e+05
3.290510000000000000e+05
1.460942000000000000e+06
1.136158000000000000e+06
2.406380000000000000e+05
1.037469000000000000e+06
1.750131000000000000e+06
1.083587000000000000e+06
2.522960000000000000e+05
1.136150000000000000e+05
1.122722000000000000e+06
5.100770000000000000e+05
6.951670000000000000e+05
4.292270000000000000e+05
1.215359000000000000e+06
1.216384000000000000e+06
6.868680000000000000e+05
1.368840000000000000e+05
3.349780000000000000e+05
1.412852000000000000e+06
1.161428000000000000e+06
1.422508000000000000e+06
7.864800000000000000e+04
1.624345000000000000e+06
1.320812000000000000e+06
4.365470000000000000e+05
1.333933000000000000e+06
1.347958000000000000e+06
1.271011000000000000e+06
7.977340000000000000e+05
1.032623000000000000e+06
1.846131000000000000e+06
1.456109000000000000e+06
1.283438000000000000e+06
7.134000000000000000e+03
1.276661000000000000e+06
1.044595000000000000e+06
4.849720000000000000e+05
7.172670000000000000e+05
1.162494000000000000e+06
1.231861000000000000e+06
1.059642000000000000e+06
3.989100000000000000e+05
1.242818000000000000e+06
8.094100000000000000e+04
7.249530000000000000e+05
7.104370000000000000e+05
7.058600000000000000e+05
1.828203000000000000e+06
1.639944000000000000e+06
5.241240000000000000e+05
6.595980000000000000e+05
1.063789000000000000e+06
1.640822000000000000e+06
1.382940000000000000e+06
1.150600000000000000e+06
8.417800000000000000e+04
1.221539000000000000e+06
1.238220000000000000e+05
1.632906000000000000e+06
2.662280000000000000e+05
3.323960000000000000e+05
1.548699000000000000e+06
6.605120000000000000e+05
1.711240000000000000e+05
1.709360000000000000e+05
4.004380000000000000e+05
6.397150000000000000e+05
1.189020000000000000e+05
9.118090000000000000e+05
1.549468000000000000e+06
5.235240000000000000e+05
5.998140000000000000e+05
7.851000000000000000e+03
1.087031000000000000e+06
1.807742000000000000e+06
1.732196000000000000e+06
5.424840000000000000e+05
1.642776000000000000e+06
4.961130000000000000e+05
1.470571000000000000e+06
1.843045000000000000e+06
4.668030000000000000e+05
1.283090000000000000e+05
1.204680000000000000e+05
9.250900000000000000e+04
4.537460000000000000e+05
1.204744000000000000e+06
4.510580000000000000e+05
9.941640000000000000e+05
1.242763000000000000e+06
4.293390000000000000e+05
1.027850000000000000e+06
1.153472000000000000e+06
1.766165000000000000e+06
1.460523000000000000e+06
1.282620000000000000e+05
1.310425000000000000e+06
4.979700000000000000e+05
6.675400000000000000e+05
1.080840000000000000e+06
1.452270000000000000e+06
1.344890000000000000e+06
1.228996000000000000e+06
2.998010000000000000e+05
1.167302000000000000e+06
7.412230000000000000e+05
2.062240000000000000e+05
5.169700000000000000e+05
9.116530000000000000e+05
1.755705000000000000e+06
1.064978000000000000e+06
1.139087000000000000e+06
1.453767000000000000e+06
1.433754000000000000e+06
1.103273000000000000e+06
5.877690000000000000e+05
1.565189000000000000e+06
9.090310000000000000e+05
6.984540000000000000e+05
1.224492000000000000e+06
1.262065000000000000e+06
2.384040000000000000e+05
5.172150000000000000e+05
1.631563000000000000e+06
8.283690000000000000e+05
1.209496000000000000e+06
9.242310000000000000e+05
2.296600000000000000e+04
1.163929000000000000e+06
9.422600000000000000e+04
1.830185000000000000e+06
1.357826000000000000e+06
4.566990000000000000e+05
1.409680000000000000e+06
1.075029000000000000e+06
1.129700000000000000e+06
1.244350000000000000e+05
9.058310000000000000e+05
9.450860000000000000e+05
4.770040000000000000e+05
8.909540000000000000e+05
5.770230000000000000e+05
4.465530000000000000e+05
7.190100000000000000e+04
1.532048000000000000e+06
1.131628000000000000e+06
3.748120000000000000e+05
1.057535000000000000e+06
3.876150000000000000e+05
5.988960000000000000e+05
1.455257000000000000e+06
1.591437000000000000e+06
4.141410000000000000e+05
1.081385000000000000e+06
1.778675000000000000e+06
1.164400000000000000e+05
1.270080000000000000e+06
1.744128000000000000e+06
1.115040000000000000e+06
4.666950000000000000e+05
1.666482000000000000e+06
1.215683000000000000e+06
1.241444000000000000e+06
9.161380000000000000e+05
1.220504000000000000e+06
7.309960000000000000e+05
1.292906000000000000e+06
1.194582000000000000e+06
1.249148000000000000e+06
1.788467000000000000e+06
1.854121000000000000e+06
1.451482000000000000e+06
4.966090000000000000e+05
1.442619000000000000e+06
1.088439000000000000e+06
2.060960000000000000e+05
1.377152000000000000e+06
7.241010000000000000e+05
9.957740000000000000e+05
7.168440000000000000e+05
4.948100000000000000e+04
5.787250000000000000e+05
6.733900000000000000e+05
1.630891000000000000e+06
1.161186000000000000e+06
2.251700000000000000e+04
7.038830000000000000e+05
4.869760000000000000e+05
3.712490000000000000e+05
4.564390000000000000e+05
1.219137000000000000e+06
1.674110000000000000e+06
1.731859000000000000e+06
1.324312000000000000e+06
1.456576000000000000e+06
1.113730000000000000e+06
1.103525000000000000e+06
3.903060000000000000e+05
1.673882000000000000e+06
3.303990000000000000e+05
9.983540000000000000e+05
2.939790000000000000e+05
1.471859000000000000e+06
2.306600000000000000e+04
3.866690000000000000e+05
1.248720000000000000e+06
1.251510000000000000e+06
3.168900000000000000e+04
1.136352000000000000e+06
5.013270000000000000e+05
1.786700000000000000e+05
4.398240000000000000e+05
1.189282000000000000e+06
3.509250000000000000e+05
1.457165000000000000e+06
1.451353000000000000e+06
1.838548000000000000e+06
7.244560000000000000e+05
2.751390000000000000e+05
4.701780000000000000e+05
8.810300000000000000e+04
1.379016000000000000e+06
1.297662000000000000e+06
1.369727000000000000e+06
2.517440000000000000e+05
7.168720000000000000e+05
2.075850000000000000e+05
1.166165000000000000e+06
3.823510000000000000e+05
4.959400000000000000e+05
1.085866000000000000e+06
4.619370000000000000e+05
1.275822000000000000e+06
1.366330000000000000e+05
1.354211000000000000e+06
1.209137000000000000e+06
1.335181000000000000e+06
1.217804000000000000e+06
6.718030000000000000e+05
1.313580000000000000e+06
7.422000000000000000e+05
1.650105000000000000e+06
1.494733000000000000e+06
1.149438000000000000e+06
5.168630000000000000e+05
4.777470000000000000e+05
3.189400000000000000e+04
1.488516000000000000e+06
9.506700000000000000e+04
7.601540000000000000e+05
4.641330000000000000e+05
1.561520000000000000e+05
1.161344000000000000e+06
1.071166000000000000e+06
1.743565000000000000e+06
1.488969000000000000e+06
3.668590000000000000e+05
6.185980000000000000e+05
3.829110000000000000e+05
1.755543000000000000e+06
1.135169000000000000e+06
1.151391000000000000e+06
7.029200000000000000e+05
9.936180000000000000e+05
9.299690000000000000e+05
1.165702000000000000e+06
7.246330000000000000e+05
1.252945000000000000e+06
1.760657000000000000e+06
2.131970000000000000e+05
1.058437000000000000e+06
5.876130000000000000e+05
9.401480000000000000e+05
1.339480000000000000e+06
1.513474000000000000e+06
9.205000000000000000e+05
1.783898000000000000e+06
1.580567000000000000e+06
1.794949000000000000e+06
1.080560000000000000e+05
5.151000000000000000e+05
1.469431000000000000e+06
1.042494000000000000e+06
4.492490000000000000e+05
1.020094000000000000e+06
6.240750000000000000e+05
1.832265000000000000e+06
1.793290000000000000e+05
9.154510000000000000e+05
1.821529000000000000e+06
1.140019000000000000e+06
1.655711000000000000e+06
7.221440000000000000e+05
9.251240000000000000e+05
9.613790000000000000e+05
4.057430000000000000e+05
9.615870000000000000e+05
9.346300000000000000e+04
7.185500000000000000e+05
5.865740000000000000e+05
4.653530000000000000e+05
9.362380000000000000e+05
1.218590000000000000e+06
2.654600000000000000e+04
9.928580000000000000e+05
1.150914000000000000e+06
1.770079000000000000e+06
1.068252000000000000e+06
1.297300000000000000e+05
7.387410000000000000e+05
1.418798000000000000e+06
9.125060000000000000e+05
7.053010000000000000e+05
2.328770000000000000e+05
7.051960000000000000e+05
1.082143000000000000e+06
5.856740000000000000e+05
1.806304000000000000e+06
1.379057000000000000e+06
1.458693000000000000e+06
8.849870000000000000e+05
7.834910000000000000e+05
9.590610000000000000e+05
4.517760000000000000e+05
6.659500000000000000e+05
9.238250000000000000e+05
1.258691000000000000e+06
1.841547000000000000e+06
1.764123000000000000e+06
1.262430000000000000e+05
1.206402000000000000e+06
3.714200000000000000e+04
1.403430000000000000e+06
6.570990000000000000e+05
3.535420000000000000e+05
3.274100000000000000e+05
1.707156000000000000e+06
1.809548000000000000e+06
1.852044000000000000e+06
1.245484000000000000e+06
3.869850000000000000e+05
5.699570000000000000e+05
1.186141000000000000e+06
2.451890000000000000e+05
9.914600000000000000e+04
1.302855000000000000e+06
9.386690000000000000e+05
1.811071000000000000e+06
1.497554000000000000e+06
6.324050000000000000e+05
2.912320000000000000e+05
2.309900000000000000e+04
1.261999000000000000e+06
1.454967000000000000e+06
1.633579000000000000e+06
2.740190000000000000e+05
1.194465000000000000e+06
1.726999000000000000e+06
1.209791000000000000e+06
4.280420000000000000e+05
4.685650000000000000e+05
2.888100000000000000e+05
1.272102000000000000e+06
1.074889000000000000e+06
5.993620000000000000e+05
1.215951000000000000e+06
4.350900000000000000e+04
1.212789000000000000e+06
1.125213000000000000e+06
6.870160000000000000e+05
5.044780000000000000e+05
1.340684000000000000e+06
1.553555000000000000e+06
1.270251000000000000e+06
1.736637000000000000e+06
8.650600000000000000e+04
1.174632000000000000e+06
1.810385000000000000e+06
1.103388000000000000e+06
9.302740000000000000e+05
1.655880000000000000e+06
1.503458000000000000e+06
4.454300000000000000e+05
1.216278000000000000e+06
7.099970000000000000e+05
1.820566000000000000e+06
7.496820000000000000e+05
1.105236000000000000e+06
3.907020000000000000e+05
1.377605000000000000e+06
1.778428000000000000e+06
2.548080000000000000e+05
3.012630000000000000e+05
4.592000000000000000e+03
5.241960000000000000e+05
1.409933000000000000e+06
3.243310000000000000e+05
1.066840000000000000e+06
4.437030000000000000e+05
1.342019000000000000e+06
1.749796000000000000e+06
2.065830000000000000e+05
1.127568000000000000e+06
2.326920000000000000e+05
1.556356000000000000e+06
5.526720000000000000e+05
1.845008000000000000e+06
3.471500000000000000e+04
1.393852000000000000e+06
1.181911000000000000e+06
1.451166000000000000e+06
4.110280000000000000e+05
4.972080000000000000e+05
1.018394000000000000e+06
1.226003000000000000e+06
1.451480000000000000e+06
7.149020000000000000e+05
1.177453000000000000e+06
1.636810000000000000e+05
1.761643000000000000e+06
1.221631000000000000e+06
1.642067000000000000e+06
6.247600000000000000e+05
1.751416000000000000e+06
1.710790000000000000e+05
6.250720000000000000e+05
4.473590000000000000e+05
1.349484000000000000e+06
1.383569000000000000e+06
1.625770000000000000e+05
1.229370000000000000e+05
1.841844000000000000e+06
3.412460000000000000e+05
5.782710000000000000e+05
1.414480000000000000e+05
1.601607000000000000e+06
1.200382000000000000e+06
7.270550000000000000e+05
9.173300000000000000e+05
1.164348000000000000e+06
1.321000000000000000e+06
1.743230000000000000e+05
1.425130000000000000e+05
1.764977000000000000e+06
1.182538000000000000e+06
1.826262000000000000e+06
3.504610000000000000e+05
1.779154000000000000e+06
9.521250000000000000e+05
3.823200000000000000e+04
1.831540000000000000e+06
3.888170000000000000e+05
5.963660000000000000e+05
1.278416000000000000e+06
6.511500000000000000e+04
8.074760000000000000e+05
8.604250000000000000e+05
7.719690000000000000e+05
1.422109000000000000e+06
6.795700000000000000e+04
1.212920000000000000e+06
1.345406000000000000e+06
1.207590000000000000e+06
1.511248000000000000e+06
1.139459000000000000e+06
1.338436000000000000e+06
1.367162000000000000e+06
1.140534000000000000e+06
1.492270000000000000e+05
9.912730000000000000e+05
1.203386000000000000e+06
1.207621000000000000e+06
1.355650000000000000e+05
3.455160000000000000e+05
6.242700000000000000e+05
1.136568000000000000e+06
5.222550000000000000e+05
3.779970000000000000e+05
1.217856000000000000e+06
2.123440000000000000e+05
1.638677000000000000e+06
4.334930000000000000e+05
1.708366000000000000e+06
4.647310000000000000e+05
1.224551000000000000e+06
4.006260000000000000e+05
1.138246000000000000e+06
1.519974000000000000e+06
7.174800000000000000e+05
1.778347000000000000e+06
6.664160000000000000e+05
1.437186000000000000e+06
1.083452000000000000e+06
1.581127000000000000e+06
1.491103000000000000e+06
1.820469000000000000e+06
1.052888000000000000e+06
1.356080000000000000e+06
4.687320000000000000e+05
1.456939000000000000e+06
6.971060000000000000e+05
9.335620000000000000e+05
1.260755000000000000e+06
1.742842000000000000e+06
1.728308000000000000e+06
7.880460000000000000e+05
1.223950000000000000e+06
1.213641000000000000e+06
1.094525000000000000e+06
1.578045000000000000e+06
1.284753000000000000e+06
1.705643000000000000e+06
1.656890000000000000e+06
1.072194000000000000e+06
9.122050000000000000e+05
1.578667000000000000e+06
8.985000000000000000e+05
1.834868000000000000e+06
6.031420000000000000e+05
1.310390000000000000e+05
1.153179000000000000e+06
7.663700000000000000e+04
1.202436000000000000e+06
1.145537000000000000e+06
1.792050000000000000e+05
1.726888000000000000e+06
1.134116000000000000e+06
1.546737000000000000e+06
1.694741000000000000e+06
1.347311000000000000e+06
4.373200000000000000e+04
7.046110000000000000e+05
1.719943000000000000e+06
4.082310000000000000e+05
1.571980000000000000e+05
7.356690000000000000e+05
5.688950000000000000e+05
1.493450000000000000e+05
1.401326000000000000e+06
1.640416000000000000e+06
5.242900000000000000e+05
3.154480000000000000e+05
1.297010000000000000e+05
1.434132000000000000e+06
1.666783000000000000e+06
1.458036000000000000e+06
1.620640000000000000e+05
1.067030000000000000e+06
1.126045000000000000e+06
3.830550000000000000e+05
1.447516000000000000e+06
3.106420000000000000e+05
1.138252000000000000e+06
1.268204000000000000e+06
1.298352000000000000e+06
1.043918000000000000e+06
2.951870000000000000e+05
5.902370000000000000e+05
3.039600000000000000e+04
1.766779000000000000e+06
1.224980000000000000e+06
9.179990000000000000e+05
4.240900000000000000e+04
6.927070000000000000e+05
1.195311000000000000e+06
6.887250000000000000e+05
1.767299000000000000e+06
4.732380000000000000e+05
9.786000000000000000e+03
6.641550000000000000e+05
6.829070000000000000e+05
1.809707000000000000e+06
1.766637000000000000e+06
3.481140000000000000e+05
1.565701000000000000e+06
9.385400000000000000e+04
1.217647000000000000e+06
1.250595000000000000e+06
5.227110000000000000e+05
2.966280000000000000e+05
1.474684000000000000e+06
1.083589000000000000e+06
1.442820000000000000e+06
5.987580000000000000e+05
8.990980000000000000e+05
1.100966000000000000e+06
9.303200000000000000e+04
8.278780000000000000e+05
1.471906000000000000e+06
6.398940000000000000e+05
1.470061000000000000e+06
9.326620000000000000e+05
7.106000000000000000e+03
1.015575000000000000e+06
3.783860000000000000e+05
1.799521000000000000e+06
9.486080000000000000e+05
6.808060000000000000e+05
3.350830000000000000e+05
1.232041000000000000e+06
4.702570000000000000e+05
1.542535000000000000e+06
1.349130000000000000e+05
1.832203000000000000e+06
1.140097000000000000e+06
4.535660000000000000e+05
9.166440000000000000e+05
1.143259000000000000e+06
1.849920000000000000e+05
1.419593000000000000e+06
1.571292000000000000e+06
9.517290000000000000e+05
1.728458000000000000e+06
9.116800000000000000e+04
5.280740000000000000e+05
1.569110000000000000e+05
1.494816000000000000e+06
1.164773000000000000e+06
1.338608000000000000e+06
2.907690000000000000e+05
1.132386000000000000e+06
6.611640000000000000e+05
5.204950000000000000e+05
1.727946000000000000e+06
1.298099000000000000e+06
1.429896000000000000e+06
1.058240000000000000e+06
4.387350000000000000e+05
1.281948000000000000e+06
1.349390000000000000e+05
1.452450000000000000e+06
2.793400000000000000e+04
1.648888000000000000e+06
1.489638000000000000e+06
1.419260000000000000e+06
5.602890000000000000e+05
1.422843000000000000e+06
1.444565000000000000e+06
1.602576000000000000e+06
4.470640000000000000e+05
1.458596000000000000e+06
1.207528000000000000e+06
1.221546000000000000e+06
7.102880000000000000e+05
5.912340000000000000e+05
1.747126000000000000e+06
1.239398000000000000e+06
6.782200000000000000e+05
1.079072000000000000e+06
9.311190000000000000e+05
4.941650000000000000e+05
3.069200000000000000e+04
1.119950000000000000e+05
5.208340000000000000e+05
5.511700000000000000e+04
1.298454000000000000e+06
3.876220000000000000e+05
1.086993000000000000e+06
5.243120000000000000e+05
3.518730000000000000e+05
1.574274000000000000e+06
1.189419000000000000e+06
7.070650000000000000e+05
2.560350000000000000e+05
1.167300000000000000e+06
6.596780000000000000e+05
1.732714000000000000e+06
1.817877000000000000e+06
2.873670000000000000e+05
1.037789000000000000e+06
1.211992000000000000e+06
1.724478000000000000e+06
1.771240000000000000e+05
9.900140000000000000e+05
5.549200000000000000e+05
4.943310000000000000e+05
4.382610000000000000e+05
1.064073000000000000e+06
1.742010000000000000e+06
5.859530000000000000e+05
6.980080000000000000e+05
1.457610000000000000e+06
6.169330000000000000e+05
1.279524000000000000e+06
1.391170000000000000e+05
8.057400000000000000e+04
1.057474000000000000e+06
6.886600000000000000e+05
1.152084000000000000e+06
5.213090000000000000e+05
1.766154000000000000e+06
3.190400000000000000e+05
1.767900000000000000e+05
1.788484000000000000e+06
3.289040000000000000e+05
5.570410000000000000e+05
3.471240000000000000e+05
5.053960000000000000e+05
9.968620000000000000e+05
1.343120000000000000e+05
1.090886000000000000e+06
3.152530000000000000e+05
9.103450000000000000e+05
1.756464000000000000e+06
2.782800000000000000e+05
2.488500000000000000e+04
3.459330000000000000e+05
7.184520000000000000e+05
1.243210000000000000e+05
5.800410000000000000e+05
1.088902000000000000e+06
1.126069000000000000e+06
1.210594000000000000e+06
3.224390000000000000e+05
1.037062000000000000e+06
4.710130000000000000e+05
1.519279000000000000e+06
1.347914000000000000e+06
1.367529000000000000e+06
3.274910000000000000e+05
1.335973000000000000e+06
1.069430000000000000e+05
1.744990000000000000e+06
1.833330000000000000e+06
1.469977000000000000e+06
6.666800000000000000e+05
1.346413000000000000e+06
8.891600000000000000e+04
7.763100000000000000e+04
1.060666000000000000e+06
1.804607000000000000e+06
1.333076000000000000e+06
1.810438000000000000e+06
7.197560000000000000e+05
1.396579000000000000e+06
1.490879000000000000e+06
1.632158000000000000e+06
4.993950000000000000e+05
1.417620000000000000e+05
7.195460000000000000e+05
1.431689000000000000e+06
1.585913000000000000e+06
6.127100000000000000e+05
6.800140000000000000e+05
6.400350000000000000e+05
5.311500000000000000e+05
5.394070000000000000e+05
1.143627000000000000e+06
1.023604000000000000e+06
2.653620000000000000e+05
1.220500000000000000e+06
9.908750000000000000e+05
1.086938000000000000e+06
1.192800000000000000e+06
1.242670000000000000e+06
1.208610000000000000e+06
5.578050000000000000e+05
3.075990000000000000e+05
7.297600000000000000e+04
7.992900000000000000e+04
1.589146000000000000e+06
5.238500000000000000e+05
1.082962000000000000e+06
4.903340000000000000e+05
1.147338000000000000e+06
5.127000000000000000e+05
1.327544000000000000e+06
1.553582000000000000e+06
1.058318000000000000e+06
1.066544000000000000e+06
1.065657000000000000e+06
1.230938000000000000e+06
1.522987000000000000e+06
1.672000000000000000e+05
1.254031000000000000e+06
4.867460000000000000e+05
3.888450000000000000e+05
3.491660000000000000e+05
3.460000000000000000e+04
5.962640000000000000e+05
1.310140000000000000e+06
5.618920000000000000e+05
1.667508000000000000e+06
2.041360000000000000e+05
1.333129000000000000e+06
5.249860000000000000e+05
1.825865000000000000e+06
1.629515000000000000e+06
5.189220000000000000e+05
1.276360000000000000e+05
5.368150000000000000e+05
1.377961000000000000e+06
1.783484000000000000e+06
1.086497000000000000e+06
1.686393000000000000e+06
2.604570000000000000e+05
1.356312000000000000e+06
6.612290000000000000e+05
9.864150000000000000e+05
1.605400000000000000e+06
1.491451000000000000e+06
1.556015000000000000e+06
3.301600000000000000e+05
6.752820000000000000e+05
6.879260000000000000e+05
1.216536000000000000e+06
1.445984000000000000e+06
9.173100000000000000e+04
1.341014000000000000e+06
7.244680000000000000e+05
3.858460000000000000e+05
1.094585000000000000e+06
5.795670000000000000e+05
1.969760000000000000e+05
8.580300000000000000e+04
3.826840000000000000e+05
1.568851000000000000e+06
2.069260000000000000e+05
1.674327000000000000e+06
1.535650000000000000e+05
1.357375000000000000e+06
7.908560000000000000e+05
8.594790000000000000e+05
4.018800000000000000e+05
1.807410000000000000e+06
1.733900000000000000e+05
5.605140000000000000e+05
1.060199000000000000e+06
3.818900000000000000e+04
1.365819000000000000e+06
1.203928000000000000e+06
1.338277000000000000e+06
1.360130000000000000e+05
1.650967000000000000e+06
2.954980000000000000e+05
1.373873000000000000e+06
1.224068000000000000e+06
1.708149000000000000e+06
1.261576000000000000e+06
1.089123000000000000e+06
1.111324000000000000e+06
1.758966000000000000e+06
3.661200000000000000e+05
1.077453000000000000e+06
6.075770000000000000e+05
1.673250000000000000e+06
1.222865000000000000e+06
1.854102000000000000e+06
1.554695000000000000e+06
2.329670000000000000e+05
9.132910000000000000e+05
1.255724000000000000e+06
1.163947000000000000e+06
8.825650000000000000e+05
1.762428000000000000e+06
1.324028000000000000e+06
4.304630000000000000e+05
1.200276000000000000e+06
1.556153000000000000e+06
2.938990000000000000e+05
1.631351000000000000e+06
5.209340000000000000e+05
4.580800000000000000e+04
1.825371000000000000e+06
1.718400000000000000e+05
1.463720000000000000e+05
1.633367000000000000e+06
1.722929000000000000e+06
9.533700000000000000e+05
1.706816000000000000e+06
1.418089000000000000e+06
3.788260000000000000e+05
5.046860000000000000e+05
1.856810000000000000e+06
3.377850000000000000e+05
1.645497000000000000e+06
1.415270000000000000e+05
1.276844000000000000e+06
1.327040000000000000e+06
9.259300000000000000e+04
2.520800000000000000e+04
9.373500000000000000e+05
1.571724000000000000e+06
3.847660000000000000e+05
3.459190000000000000e+05
1.323782000000000000e+06
3.255080000000000000e+05
1.433928000000000000e+06
1.286200000000000000e+05
2.664400000000000000e+04
5.970580000000000000e+05
1.010917000000000000e+06
1.800155000000000000e+06
1.766590000000000000e+05
1.640432000000000000e+06
1.238596000000000000e+06
2.133280000000000000e+05
7.177220000000000000e+05
7.103850000000000000e+05
4.971600000000000000e+05
1.354210000000000000e+06
1.143986000000000000e+06
1.290121000000000000e+06
1.295029000000000000e+06
1.333743000000000000e+06
9.578930000000000000e+05
2.410000000000000000e+02
5.249780000000000000e+05
1.773941000000000000e+06
4.387710000000000000e+05
2.573090000000000000e+05
4.158960000000000000e+05
1.164376000000000000e+06
1.674656000000000000e+06
9.309280000000000000e+05
1.581755000000000000e+06
1.683833000000000000e+06
1.461084000000000000e+06
1.845678000000000000e+06
5.254770000000000000e+05
2.256600000000000000e+04
1.804955000000000000e+06
1.813512000000000000e+06
9.421680000000000000e+05
1.746805000000000000e+06
1.495234000000000000e+06
1.092507000000000000e+06
1.507199000000000000e+06
9.876200000000000000e+04
6.494060000000000000e+05
4.688160000000000000e+05
6.710100000000000000e+05
1.418224000000000000e+06
1.631335000000000000e+06
1.766164000000000000e+06
6.685830000000000000e+05
1.087550000000000000e+05
1.342046000000000000e+06
3.172120000000000000e+05
1.656592000000000000e+06
4.966270000000000000e+05
1.213682000000000000e+06
1.260270000000000000e+06
1.808938000000000000e+06
1.230750000000000000e+06
5.525670000000000000e+05
1.129348000000000000e+06
1.523347000000000000e+06
1.371300000000000000e+06
1.320006000000000000e+06
1.249431000000000000e+06
3.700090000000000000e+05
3.208890000000000000e+05
6.921600000000000000e+05
1.312978000000000000e+06
2.904880000000000000e+05
1.675121000000000000e+06
1.739366000000000000e+06
1.182508000000000000e+06
3.304250000000000000e+05
6.299640000000000000e+05
1.259023000000000000e+06
1.344194000000000000e+06
7.175210000000000000e+05
3.952530000000000000e+05
1.807515000000000000e+06
1.707105000000000000e+06
1.670422000000000000e+06
4.683280000000000000e+05
5.867170000000000000e+05
1.029464000000000000e+06
1.353510000000000000e+06
4.868810000000000000e+05
9.304280000000000000e+05
1.689964000000000000e+06
1.607982000000000000e+06
1.127905000000000000e+06
3.551800000000000000e+04
3.015350000000000000e+05
1.578029000000000000e+06
9.922800000000000000e+04
1.594838000000000000e+06
8.543800000000000000e+05
1.248470000000000000e+05
1.801273000000000000e+06
1.095330000000000000e+06
2.968300000000000000e+05
1.323574000000000000e+06
1.454995000000000000e+06
1.088324000000000000e+06
8.891420000000000000e+05
1.143304000000000000e+06
3.728730000000000000e+05
1.728073000000000000e+06
3.895610000000000000e+05
1.342225000000000000e+06
1.230633000000000000e+06
1.139210000000000000e+06
1.253187000000000000e+06
1.726294000000000000e+06
1.109580000000000000e+06
8.941000000000000000e+04
1.533518000000000000e+06
7.033280000000000000e+05
1.514443000000000000e+06
6.879310000000000000e+05
5.550100000000000000e+04
3.847040000000000000e+05
6.613330000000000000e+05
1.163820000000000000e+06
5.231480000000000000e+05
1.088410000000000000e+06
1.698330000000000000e+05
1.206329000000000000e+06
1.248367000000000000e+06
3.901040000000000000e+05
1.570160000000000000e+05
2.933700000000000000e+04
1.661260000000000000e+06
1.086491000000000000e+06
5.105470000000000000e+05
1.669356000000000000e+06
1.324786000000000000e+06
1.668302000000000000e+06
1.730235000000000000e+06
2.433390000000000000e+05
1.315737000000000000e+06
1.648643000000000000e+06
4.204020000000000000e+05
1.513750000000000000e+05
1.304572000000000000e+06
5.802790000000000000e+05
5.303140000000000000e+05
1.433789000000000000e+06
1.494950000000000000e+06
1.371492000000000000e+06
1.445071000000000000e+06
1.585015000000000000e+06
6.957500000000000000e+05
1.483659000000000000e+06
3.499360000000000000e+05
1.709170000000000000e+05
1.813945000000000000e+06
4.661590000000000000e+05
1.445925000000000000e+06
1.805133000000000000e+06
3.658260000000000000e+05
3.738620000000000000e+05
1.734898000000000000e+06
1.440303000000000000e+06
1.603005000000000000e+06
9.340210000000000000e+05
1.751801000000000000e+06
1.403415000000000000e+06
1.501991000000000000e+06
1.426511000000000000e+06
1.220159000000000000e+06
1.085390000000000000e+06
1.974010000000000000e+05
7.241330000000000000e+05
1.777561000000000000e+06
1.736804000000000000e+06
1.091217000000000000e+06
1.166016000000000000e+06
1.076065000000000000e+06
1.363720000000000000e+05
2.663980000000000000e+05
7.089200000000000000e+05
2.609480000000000000e+05
1.261199000000000000e+06
8.866300000000000000e+04
2.680110000000000000e+05
7.117990000000000000e+05
1.066969000000000000e+06
1.261740000000000000e+06
1.807695000000000000e+06
1.094145000000000000e+06
1.380760000000000000e+06
1.227817000000000000e+06
8.921160000000000000e+05
3.541610000000000000e+05
1.126861000000000000e+06
3.512020000000000000e+05
1.185098000000000000e+06
2.403730000000000000e+05
1.214357000000000000e+06
1.593395000000000000e+06
1.467750000000000000e+06
1.121231000000000000e+06
1.817387000000000000e+06
1.252421000000000000e+06
9.199380000000000000e+05
1.664011000000000000e+06
1.492673000000000000e+06
6.674200000000000000e+05
1.226462000000000000e+06
3.051440000000000000e+05
6.541640000000000000e+05
1.600594000000000000e+06
1.031800000000000000e+05
5.178070000000000000e+05
1.696681000000000000e+06
5.186400000000000000e+05
1.346914000000000000e+06
1.488275000000000000e+06
3.798460000000000000e+05
1.662243000000000000e+06
1.631250000000000000e+05
4.747900000000000000e+04
1.372503000000000000e+06
1.519869000000000000e+06
1.724340000000000000e+06
1.191722000000000000e+06
1.025226000000000000e+06
4.335640000000000000e+05
4.543950000000000000e+05
6.170160000000000000e+05
1.125016000000000000e+06
1.767039000000000000e+06
6.377220000000000000e+05
1.085211000000000000e+06
1.115404000000000000e+06
7.554700000000000000e+04
9.365130000000000000e+05
1.101169000000000000e+06
1.131063000000000000e+06
1.303670000000000000e+05
4.161730000000000000e+05
1.425990000000000000e+06
3.611960000000000000e+05
4.258000000000000000e+05
1.639104000000000000e+06
8.656720000000000000e+05
5.815200000000000000e+04
1.060576000000000000e+06
1.842835000000000000e+06
1.483199000000000000e+06
2.231300000000000000e+04
9.291000000000000000e+04
1.094621000000000000e+06
1.155502000000000000e+06
7.009800000000000000e+04
1.288830000000000000e+05
1.786666000000000000e+06
1.164813000000000000e+06
3.573960000000000000e+05
6.631090000000000000e+05
1.556924000000000000e+06
1.768708000000000000e+06
3.735790000000000000e+05
1.570132000000000000e+06
8.992140000000000000e+05
1.851449000000000000e+06
1.758384000000000000e+06
1.051318000000000000e+06
1.752932000000000000e+06
6.167820000000000000e+05
8.606480000000000000e+05
7.710850000000000000e+05
3.184980000000000000e+05
1.351814000000000000e+06
6.575120000000000000e+05
1.525622000000000000e+06
1.462092000000000000e+06
9.290200000000000000e+05
1.216500000000000000e+04
1.830463000000000000e+06
1.548252000000000000e+06
1.346270000000000000e+05
1.073370000000000000e+05
1.758960000000000000e+06
6.639730000000000000e+05
1.639586000000000000e+06
1.553800000000000000e+06
6.859300000000000000e+05
1.710571000000000000e+06
1.766275000000000000e+06
1.130702000000000000e+06
9.536130000000000000e+05
1.244790000000000000e+06
1.689204000000000000e+06
1.874750000000000000e+05
1.259971000000000000e+06
1.444718000000000000e+06
1.085269000000000000e+06
2.534920000000000000e+05
2.740470000000000000e+05
7.248380000000000000e+05
1.834193000000000000e+06
1.426319000000000000e+06
1.206668000000000000e+06
1.730351000000000000e+06
3.696460000000000000e+05
1.410500000000000000e+04
1.321794000000000000e+06
2.388220000000000000e+05
1.694884000000000000e+06
4.416180000000000000e+05
1.677225000000000000e+06
1.221310000000000000e+06
9.207550000000000000e+05
1.427904000000000000e+06
1.242236000000000000e+06
9.220000000000000000e+04
2.480400000000000000e+04
4.196300000000000000e+04
1.224515000000000000e+06
5.150430000000000000e+05
1.253129000000000000e+06
7.502000000000000000e+04
1.208991000000000000e+06
6.632190000000000000e+05
3.863510000000000000e+05
1.319452000000000000e+06
3.061130000000000000e+05
4.421420000000000000e+05
1.025277000000000000e+06
6.900330000000000000e+05
1.194912000000000000e+06
1.166117000000000000e+06
1.601806000000000000e+06
4.083090000000000000e+05
1.052500000000000000e+05
3.863600000000000000e+05
1.263304000000000000e+06
1.711196000000000000e+06
3.714870000000000000e+05
1.301278000000000000e+06
3.041300000000000000e+04
3.607050000000000000e+05
6.979280000000000000e+05
1.088800000000000000e+06
1.068442000000000000e+06
4.976610000000000000e+05
1.320178000000000000e+06
5.669270000000000000e+05
1.856449000000000000e+06
7.834600000000000000e+04
1.235246000000000000e+06
9.236700000000000000e+04
5.092140000000000000e+05
1.444952000000000000e+06
3.292770000000000000e+05
1.295391000000000000e+06
1.280447000000000000e+06
1.256264000000000000e+06
3.090800000000000000e+05
1.393180000000000000e+05
3.246010000000000000e+05
1.139627000000000000e+06
9.157250000000000000e+05
2.089020000000000000e+05
4.328200000000000000e+04
1.483774000000000000e+06
1.766612000000000000e+06
1.846061000000000000e+06
1.415057000000000000e+06
5.539510000000000000e+05
7.043770000000000000e+05
1.455155000000000000e+06
1.159330000000000000e+06
3.521290000000000000e+05
