1.010258000000000000e+06
1.123268000000000000e+06
2.659090000000000000e+05
1.015295000000000000e+06
1.127228000000000000e+06
1.013144000000000000e+06
1.740148000000000000e+06
1.017360000000000000e+06
1.177108000000000000e+06
1.319901000000000000e+06
1.120950000000000000e+06
1.023666000000000000e+06
1.118894000000000000e+06
1.118560000000000000e+06
1.605466000000000000e+06
1.751086000000000000e+06
1.027432000000000000e+06
9.773850000000000000e+05
1.004749000000000000e+06
9.921540000000000000e+05
1.018487000000000000e+06
1.453205000000000000e+06
9.941090000000000000e+05
1.123844000000000000e+06
1.025631000000000000e+06
1.023857000000000000e+06
1.114552000000000000e+06
1.127930000000000000e+06
1.263367000000000000e+06
2.607900000000000000e+05
1.011292000000000000e+06
1.123520000000000000e+06
1.120529000000000000e+06
1.125051000000000000e+06
5.512310000000000000e+05
1.122788000000000000e+06
2.684740000000000000e+05
1.085048000000000000e+06
1.315987000000000000e+06
2.662170000000000000e+05
1.007369000000000000e+06
1.165364000000000000e+06
1.381829000000000000e+06
1.125663000000000000e+06
9.957610000000000000e+05
9.394790000000000000e+05
1.645021000000000000e+06
2.307620000000000000e+05
1.043758000000000000e+06
1.195026000000000000e+06
1.178045000000000000e+06
1.177067000000000000e+06
1.108714000000000000e+06
1.028496000000000000e+06
1.096848000000000000e+06
2.604480000000000000e+05
1.766172000000000000e+06
2.675070000000000000e+05
9.939830000000000000e+05
1.015922000000000000e+06
1.537624000000000000e+06
2.445850000000000000e+05
2.317600000000000000e+05
1.028751000000000000e+06
2.723590000000000000e+05
1.114788000000000000e+06
1.114739000000000000e+06
1.054780000000000000e+06
2.837710000000000000e+05
1.739822000000000000e+06
1.592595000000000000e+06
1.284040000000000000e+06
1.136459000000000000e+06
2.645160000000000000e+05
1.161388000000000000e+06
1.022338000000000000e+06
1.137016000000000000e+06
1.021734000000000000e+06
2.933800000000000000e+05
1.028202000000000000e+06
1.082776000000000000e+06
1.182210000000000000e+06
1.030701000000000000e+06
1.115869000000000000e+06
1.426980000000000000e+06
6.336380000000000000e+05
9.738640000000000000e+05
1.118415000000000000e+06
1.259854000000000000e+06
1.094229000000000000e+06
1.108281000000000000e+06
1.694455000000000000e+06
1.012460000000000000e+06
1.025328000000000000e+06
1.122185000000000000e+06
1.122457000000000000e+06
1.000761000000000000e+06
9.329170000000000000e+05
1.089606000000000000e+06
9.313770000000000000e+05
2.720020000000000000e+05
1.131198000000000000e+06
1.112151000000000000e+06
1.000848000000000000e+06
1.765879000000000000e+06
1.088304000000000000e+06
1.036680000000000000e+06
1.621794000000000000e+06
1.202630000000000000e+06
1.030960000000000000e+06
2.719700000000000000e+05
1.055305000000000000e+06
1.604022000000000000e+06
6.548900000000000000e+05
1.026809000000000000e+06
2.479020000000000000e+05
1.075581000000000000e+06
1.082687000000000000e+06
1.126234000000000000e+06
1.060180000000000000e+06
1.024543000000000000e+06
1.123905000000000000e+06
1.605396000000000000e+06
8.730300000000000000e+04
1.103178000000000000e+06
1.124321000000000000e+06
1.307110000000000000e+06
2.800580000000000000e+05
1.026296000000000000e+06
1.655234000000000000e+06
6.140600000000000000e+05
1.004013000000000000e+06
1.074233000000000000e+06
1.192006000000000000e+06
2.308200000000000000e+05
1.130468000000000000e+06
2.658210000000000000e+05
1.091039000000000000e+06
1.058937000000000000e+06
1.450276000000000000e+06
1.450809000000000000e+06
7.277160000000000000e+05
6.127540000000000000e+05
2.648800000000000000e+05
1.025161000000000000e+06
1.742133000000000000e+06
1.140399000000000000e+06
2.781910000000000000e+05
4.621440000000000000e+05
1.382204000000000000e+06
6.963000000000000000e+04
9.767200000000000000e+05
1.055805000000000000e+06
1.054949000000000000e+06
1.137577000000000000e+06
8.919380000000000000e+05
9.247050000000000000e+05
1.063165000000000000e+06
1.035670000000000000e+06
1.685150000000000000e+06
1.451053000000000000e+06
1.262981000000000000e+06
9.210070000000000000e+05
2.965070000000000000e+05
9.374540000000000000e+05
7.780000000000000000e+02
1.061217000000000000e+06
9.179900000000000000e+05
1.131343000000000000e+06
1.018473000000000000e+06
1.083171000000000000e+06
1.104136000000000000e+06
5.021520000000000000e+05
9.175890000000000000e+05
1.606420000000000000e+06
1.645887000000000000e+06
1.537465000000000000e+06
5.306680000000000000e+05
8.957300000000000000e+04
2.631670000000000000e+05
1.175515000000000000e+06
1.126963000000000000e+06
1.688372000000000000e+06
4.487560000000000000e+05
1.733920000000000000e+06
2.678870000000000000e+05
1.003677000000000000e+06
1.493790000000000000e+05
5.575430000000000000e+05
1.538501000000000000e+06
1.690080000000000000e+06
5.836700000000000000e+05
1.043196000000000000e+06
1.137473000000000000e+06
1.693765000000000000e+06
1.333331000000000000e+06
1.744238000000000000e+06
9.644010000000000000e+05
9.313690000000000000e+05
2.595080000000000000e+05
4.050250000000000000e+05
4.272130000000000000e+05
1.322171000000000000e+06
1.478200000000000000e+05
5.780250000000000000e+05
1.164029000000000000e+06
1.242683000000000000e+06
5.867280000000000000e+05
1.016232000000000000e+06
1.110667000000000000e+06
1.727770000000000000e+06
1.126053000000000000e+06
9.493360000000000000e+05
1.460557000000000000e+06
1.320305000000000000e+06
1.017089000000000000e+06
1.071342000000000000e+06
4.702190000000000000e+05
7.249330000000000000e+05
1.057950000000000000e+06
1.140661000000000000e+06
1.084184000000000000e+06
1.298414000000000000e+06
1.036346000000000000e+06
1.061208000000000000e+06
1.199455000000000000e+06
1.112156000000000000e+06
1.085003000000000000e+06
2.692160000000000000e+05
1.116031000000000000e+06
1.437884000000000000e+06
1.069967000000000000e+06
9.251190000000000000e+05
1.089218000000000000e+06
1.055203000000000000e+06
9.373400000000000000e+05
1.526234000000000000e+06
1.217612000000000000e+06
6.130290000000000000e+05
8.904060000000000000e+05
9.936040000000000000e+05
1.450721000000000000e+06
1.374991000000000000e+06
1.082866000000000000e+06
1.251807000000000000e+06
1.676652000000000000e+06
1.331016000000000000e+06
9.317280000000000000e+05
4.097610000000000000e+05
9.194230000000000000e+05
1.002187000000000000e+06
1.330436000000000000e+06
1.103880000000000000e+05
4.522360000000000000e+05
1.090290000000000000e+06
9.254730000000000000e+05
1.320561000000000000e+06
9.557670000000000000e+05
1.084100000000000000e+06
1.357430000000000000e+06
1.074065000000000000e+06
1.192680000000000000e+05
1.137435000000000000e+06
4.950940000000000000e+05
1.127153000000000000e+06
9.334850000000000000e+05
1.817826000000000000e+06
1.146798000000000000e+06
1.222850000000000000e+06
1.446837000000000000e+06
1.232105000000000000e+06
6.816000000000000000e+05
1.167459000000000000e+06
1.454051000000000000e+06
1.025280000000000000e+06
5.514400000000000000e+05
1.989230000000000000e+05
2.537730000000000000e+05
6.133170000000000000e+05
5.286070000000000000e+05
1.166886000000000000e+06
1.692158000000000000e+06
9.359850000000000000e+05
6.681590000000000000e+05
5.844530000000000000e+05
2.528480000000000000e+05
6.131210000000000000e+05
1.239747000000000000e+06
1.736183000000000000e+06
1.059770000000000000e+06
7.554480000000000000e+05
9.533920000000000000e+05
1.319267000000000000e+06
2.592350000000000000e+05
2.684140000000000000e+05
1.369438000000000000e+06
8.940130000000000000e+05
1.316298000000000000e+06
2.669600000000000000e+05
4.469970000000000000e+05
5.592540000000000000e+05
7.055590000000000000e+05
9.076840000000000000e+05
1.029726000000000000e+06
1.180562000000000000e+06
1.065094000000000000e+06
7.376040000000000000e+05
1.537522000000000000e+06
1.319747000000000000e+06
9.937930000000000000e+05
7.075830000000000000e+05
1.125825000000000000e+06
1.134894000000000000e+06
1.453660000000000000e+06
1.260573000000000000e+06
1.525834000000000000e+06
1.096227000000000000e+06
9.250430000000000000e+05
1.546456000000000000e+06
9.523970000000000000e+05
5.401920000000000000e+05
1.020902000000000000e+06
4.703400000000000000e+05
1.644445000000000000e+06
7.081010000000000000e+05
1.537541000000000000e+06
5.521170000000000000e+05
1.180173000000000000e+06
1.165872000000000000e+06
1.431987000000000000e+06
1.156155000000000000e+06
1.184519000000000000e+06
3.240160000000000000e+05
1.087615000000000000e+06
1.649236000000000000e+06
1.301880000000000000e+06
7.273790000000000000e+05
9.260000000000000000e+05
1.704472000000000000e+06
8.953560000000000000e+05
1.710142000000000000e+06
1.133619000000000000e+06
1.774413000000000000e+06
1.348539000000000000e+06
1.836751000000000000e+06
1.817711000000000000e+06
1.514115000000000000e+06
1.846137000000000000e+06
1.039780000000000000e+06
2.866440000000000000e+05
1.832992000000000000e+06
7.128310000000000000e+05
9.567540000000000000e+05
7.176470000000000000e+05
6.963650000000000000e+05
1.602924000000000000e+06
1.030445000000000000e+06
1.572284000000000000e+06
1.438784000000000000e+06
1.642585000000000000e+06
1.474012000000000000e+06
1.088460000000000000e+06
1.323494000000000000e+06
1.263460000000000000e+05
3.467900000000000000e+04
2.933950000000000000e+05
5.331420000000000000e+05
1.143332000000000000e+06
1.436069000000000000e+06
2.837400000000000000e+04
1.734837000000000000e+06
9.405730000000000000e+05
1.247088000000000000e+06
1.762902000000000000e+06
1.674998000000000000e+06
6.374100000000000000e+05
6.311430000000000000e+05
1.416687000000000000e+06
2.781860000000000000e+05
1.470107000000000000e+06
1.382852000000000000e+06
1.538852000000000000e+06
1.312150000000000000e+05
3.878370000000000000e+05
1.333837000000000000e+06
1.249678000000000000e+06
1.228356000000000000e+06
1.518654000000000000e+06
6.609750000000000000e+05
2.578110000000000000e+05
1.130891000000000000e+06
7.185130000000000000e+05
1.448675000000000000e+06
9.222440000000000000e+05
1.743541000000000000e+06
7.004450000000000000e+05
5.240260000000000000e+05
2.963070000000000000e+05
1.125179000000000000e+06
9.197990000000000000e+05
1.060190000000000000e+06
1.074898000000000000e+06
1.224973000000000000e+06
5.186820000000000000e+05
1.318530000000000000e+06
1.212503000000000000e+06
1.696267000000000000e+06
5.642630000000000000e+05
6.368180000000000000e+05
1.480078000000000000e+06
9.018420000000000000e+05
9.309330000000000000e+05
5.294910000000000000e+05
1.498050000000000000e+05
9.877590000000000000e+05
1.387496000000000000e+06
1.753250000000000000e+06
1.742035000000000000e+06
1.162855000000000000e+06
7.050120000000000000e+05
1.320920000000000000e+06
1.689010000000000000e+06
1.330574000000000000e+06
2.528200000000000000e+05
1.152239000000000000e+06
1.682100000000000000e+06
1.772827000000000000e+06
1.275735000000000000e+06
6.672030000000000000e+05
6.554360000000000000e+05
1.565523000000000000e+06
9.353160000000000000e+05
1.652838000000000000e+06
1.633614000000000000e+06
2.022390000000000000e+05
1.629755000000000000e+06
1.666455000000000000e+06
1.079144000000000000e+06
1.323493000000000000e+06
1.261764000000000000e+06
1.691530000000000000e+06
1.595976000000000000e+06
1.548246000000000000e+06
2.627500000000000000e+05
1.455436000000000000e+06
4.687480000000000000e+05
2.622070000000000000e+05
6.127870000000000000e+05
1.523080000000000000e+06
1.028661000000000000e+06
5.312130000000000000e+05
1.033490000000000000e+06
1.564461000000000000e+06
1.471686000000000000e+06
1.682502000000000000e+06
6.967770000000000000e+05
1.728615000000000000e+06
3.742310000000000000e+05
1.466454000000000000e+06
7.306830000000000000e+05
6.750840000000000000e+05
1.062577000000000000e+06
3.829170000000000000e+05
1.101966000000000000e+06
1.223661000000000000e+06
1.789196000000000000e+06
1.272199000000000000e+06
1.432729000000000000e+06
1.350137000000000000e+06
1.460759000000000000e+06
4.553250000000000000e+05
1.160230000000000000e+06
5.863560000000000000e+05
1.157775000000000000e+06
9.220560000000000000e+05
4.297200000000000000e+05
1.281009000000000000e+06
1.479036000000000000e+06
1.150203000000000000e+06
5.681880000000000000e+05
3.988260000000000000e+05
1.054677000000000000e+06
1.541486000000000000e+06
1.203502000000000000e+06
7.391700000000000000e+04
1.164238000000000000e+06
2.942500000000000000e+05
1.024255000000000000e+06
7.657720000000000000e+05
7.566510000000000000e+05
1.082982000000000000e+06
4.689490000000000000e+05
1.619801000000000000e+06
1.773799000000000000e+06
1.364854000000000000e+06
2.109630000000000000e+05
6.707860000000000000e+05
2.665210000000000000e+05
1.221508000000000000e+06
1.213140000000000000e+05
1.320164000000000000e+06
1.247533000000000000e+06
5.603290000000000000e+05
1.068276000000000000e+06
6.999240000000000000e+05
5.576790000000000000e+05
9.263050000000000000e+05
2.724100000000000000e+05
5.903230000000000000e+05
1.021411000000000000e+06
6.926970000000000000e+05
1.396684000000000000e+06
2.653670000000000000e+05
1.646101000000000000e+06
6.607580000000000000e+05
7.224510000000000000e+05
2.541920000000000000e+05
4.643300000000000000e+05
1.686179000000000000e+06
1.131146000000000000e+06
1.714100000000000000e+04
1.260928000000000000e+06
1.126072000000000000e+06
7.183910000000000000e+05
5.408790000000000000e+05
1.615275000000000000e+06
5.142070000000000000e+05
1.057989000000000000e+06
1.696652000000000000e+06
1.845822000000000000e+06
8.596470000000000000e+05
8.096850000000000000e+05
7.084920000000000000e+05
7.190610000000000000e+05
1.324504000000000000e+06
1.319009000000000000e+06
7.062110000000000000e+05
8.794720000000000000e+05
1.453412000000000000e+06
1.764502000000000000e+06
4.458780000000000000e+05
1.541525000000000000e+06
2.422100000000000000e+04
1.293854000000000000e+06
7.148340000000000000e+05
9.341850000000000000e+05
5.520540000000000000e+05
1.836670000000000000e+06
1.352435000000000000e+06
1.071054000000000000e+06
9.337070000000000000e+05
1.230832000000000000e+06
1.480004000000000000e+06
1.036217000000000000e+06
1.487677000000000000e+06
7.815180000000000000e+05
8.420320000000000000e+05
7.266740000000000000e+05
1.066664000000000000e+06
1.140937000000000000e+06
1.343876000000000000e+06
1.708991000000000000e+06
1.330086000000000000e+06
2.442850000000000000e+05
1.713106000000000000e+06
1.452682000000000000e+06
1.112099000000000000e+06
1.134426000000000000e+06
1.131046000000000000e+06
9.367270000000000000e+05
1.276332000000000000e+06
1.229195000000000000e+06
5.728720000000000000e+05
1.195237000000000000e+06
7.273030000000000000e+05
2.690010000000000000e+05
1.342447000000000000e+06
1.074178000000000000e+06
1.591561000000000000e+06
1.242308000000000000e+06
1.673250000000000000e+06
5.575470000000000000e+05
9.176130000000000000e+05
1.687594000000000000e+06
4.802300000000000000e+05
1.183754000000000000e+06
1.830291000000000000e+06
1.721158000000000000e+06
1.255561000000000000e+06
2.214970000000000000e+05
6.396170000000000000e+05
6.828700000000000000e+05
5.316260000000000000e+05
1.538734000000000000e+06
1.693957000000000000e+06
1.206956000000000000e+06
1.600903000000000000e+06
9.330050000000000000e+05
1.217699000000000000e+06
1.114337000000000000e+06
1.355146000000000000e+06
1.766203000000000000e+06
1.688156000000000000e+06
1.968700000000000000e+05
1.460318000000000000e+06
1.453814000000000000e+06
4.340860000000000000e+05
7.286450000000000000e+05
7.092950000000000000e+05
1.619600000000000000e+06
1.644222000000000000e+06
1.720029000000000000e+06
1.096885000000000000e+06
3.016320000000000000e+05
1.225381000000000000e+06
6.752940000000000000e+05
5.533270000000000000e+05
1.450132000000000000e+06
2.567060000000000000e+05
1.044120000000000000e+06
1.806756000000000000e+06
5.319830000000000000e+05
3.450750000000000000e+05
1.727540000000000000e+06
5.053050000000000000e+05
1.268589000000000000e+06
1.374966000000000000e+06
1.319438000000000000e+06
5.565500000000000000e+04
1.318374000000000000e+06
1.178048000000000000e+06
7.245040000000000000e+05
1.424285000000000000e+06
1.676152000000000000e+06
1.496750000000000000e+05
1.728364000000000000e+06
1.322040000000000000e+06
1.347433000000000000e+06
1.583270000000000000e+05
1.370866000000000000e+06
2.899770000000000000e+05
1.450873000000000000e+06
1.266092000000000000e+06
9.173450000000000000e+05
1.433557000000000000e+06
1.342186000000000000e+06
1.685843000000000000e+06
1.406725000000000000e+06
1.479408000000000000e+06
1.717857000000000000e+06
1.320023000000000000e+06
1.124652000000000000e+06
1.059388000000000000e+06
6.672110000000000000e+05
6.347470000000000000e+05
1.390071000000000000e+06
5.544430000000000000e+05
1.267775000000000000e+06
1.633197000000000000e+06
1.218454000000000000e+06
1.275072000000000000e+06
6.157420000000000000e+05
1.074728000000000000e+06
1.700358000000000000e+06
1.121681000000000000e+06
1.086511000000000000e+06
5.134900000000000000e+05
1.004389000000000000e+06
1.449045000000000000e+06
1.225637000000000000e+06
4.178010000000000000e+05
1.027799000000000000e+06
1.704485000000000000e+06
1.138018000000000000e+06
1.067259000000000000e+06
8.965100000000000000e+05
1.738415000000000000e+06
9.161610000000000000e+05
5.392350000000000000e+05
1.307695000000000000e+06
7.271180000000000000e+05
8.964070000000000000e+05
1.756327000000000000e+06
7.055290000000000000e+05
1.215609000000000000e+06
1.112094000000000000e+06
1.062731000000000000e+06
1.709859000000000000e+06
6.886130000000000000e+05
1.178229000000000000e+06
1.125059000000000000e+06
9.501230000000000000e+05
8.269630000000000000e+05
7.923140000000000000e+05
8.661850000000000000e+05
5.906780000000000000e+05
1.693619000000000000e+06
5.630480000000000000e+05
1.645132000000000000e+06
1.222459000000000000e+06
1.645797000000000000e+06
1.212034000000000000e+06
1.648765000000000000e+06
1.338241000000000000e+06
7.039430000000000000e+05
4.836550000000000000e+05
3.400100000000000000e+05
1.554630000000000000e+06
1.299683000000000000e+06
1.260970000000000000e+06
9.522960000000000000e+05
1.540478000000000000e+06
2.836300000000000000e+04
1.433789000000000000e+06
1.131729000000000000e+06
1.084763000000000000e+06
7.014670000000000000e+05
7.026890000000000000e+05
1.115577000000000000e+06
1.703949000000000000e+06
2.050490000000000000e+05
2.798350000000000000e+05
1.565494000000000000e+06
9.829020000000000000e+05
6.724280000000000000e+05
1.471596000000000000e+06
9.245170000000000000e+05
5.290170000000000000e+05
1.324441000000000000e+06
1.440837000000000000e+06
1.285905000000000000e+06
1.339262000000000000e+06
4.916010000000000000e+05
2.621880000000000000e+05
1.320824000000000000e+06
1.320267000000000000e+06
5.930400000000000000e+05
5.719510000000000000e+05
1.385711000000000000e+06
6.764740000000000000e+05
2.801050000000000000e+05
1.282419000000000000e+06
8.994420000000000000e+05
1.428115000000000000e+06
1.055039000000000000e+06
1.084667000000000000e+06
1.123627000000000000e+06
4.670420000000000000e+05
1.287887000000000000e+06
1.728639000000000000e+06
1.419499000000000000e+06
1.487324000000000000e+06
1.207158000000000000e+06
5.162520000000000000e+05
1.618192000000000000e+06
2.433590000000000000e+05
1.478883000000000000e+06
1.603335000000000000e+06
4.675300000000000000e+05
3.465500000000000000e+04
9.956830000000000000e+05
4.075060000000000000e+05
1.497393000000000000e+06
5.302180000000000000e+05
1.084280000000000000e+06
1.211356000000000000e+06
1.261024000000000000e+06
1.351866000000000000e+06
1.538639000000000000e+06
1.808471000000000000e+06
1.237091000000000000e+06
1.472858000000000000e+06
1.319025000000000000e+06
5.742910000000000000e+05
1.058423000000000000e+06
2.155370000000000000e+05
1.081714000000000000e+06
2.620180000000000000e+05
2.323350000000000000e+05
7.040040000000000000e+05
1.696709000000000000e+06
1.469571000000000000e+06
1.157837000000000000e+06
3.911410000000000000e+05
2.761090000000000000e+05
9.250210000000000000e+05
5.517710000000000000e+05
5.319920000000000000e+05
1.768453000000000000e+06
2.524150000000000000e+05
9.669070000000000000e+05
1.364700000000000000e+06
1.419110000000000000e+06
7.183030000000000000e+05
1.984740000000000000e+05
1.705799000000000000e+06
3.194170000000000000e+05
1.689454000000000000e+06
1.424357000000000000e+06
1.225034000000000000e+06
1.636030000000000000e+06
1.133707000000000000e+06
7.232080000000000000e+05
1.066725000000000000e+06
1.576300000000000000e+05
4.375900000000000000e+04
3.968210000000000000e+05
1.251073000000000000e+06
1.450035000000000000e+06
1.534550000000000000e+05
1.299381000000000000e+06
4.278960000000000000e+05
5.744540000000000000e+05
1.596055000000000000e+06
6.570140000000000000e+05
2.512240000000000000e+05
1.271780000000000000e+06
1.541910000000000000e+05
1.440588000000000000e+06
1.136919000000000000e+06
1.857000000000000000e+04
1.776036000000000000e+06
1.072837000000000000e+06
1.014999000000000000e+06
1.353346000000000000e+06
4.884670000000000000e+05
1.525753000000000000e+06
7.049430000000000000e+05
1.701087000000000000e+06
1.842792000000000000e+06
1.738126000000000000e+06
9.283990000000000000e+05
6.435740000000000000e+05
1.544658000000000000e+06
6.365490000000000000e+05
1.114777000000000000e+06
5.905740000000000000e+05
6.207610000000000000e+05
1.893640000000000000e+05
1.195956000000000000e+06
3.296740000000000000e+05
5.305050000000000000e+05
6.456350000000000000e+05
1.044205000000000000e+06
1.241769000000000000e+06
1.219653000000000000e+06
1.439224000000000000e+06
1.619757000000000000e+06
1.231186000000000000e+06
1.643849000000000000e+06
5.608660000000000000e+05
5.098380000000000000e+05
1.129297000000000000e+06
5.299020000000000000e+05
1.496611000000000000e+06
1.710531000000000000e+06
1.246934000000000000e+06
4.263050000000000000e+05
1.590170000000000000e+05
1.185616000000000000e+06
1.462389000000000000e+06
4.312610000000000000e+05
1.194417000000000000e+06
1.137483000000000000e+06
4.694130000000000000e+05
6.888220000000000000e+05
1.561424000000000000e+06
1.166226000000000000e+06
6.550000000000000000e+05
1.401742000000000000e+06
7.071920000000000000e+05
7.051180000000000000e+05
1.718855000000000000e+06
5.948970000000000000e+05
5.517420000000000000e+05
7.246010000000000000e+05
1.265569000000000000e+06
7.027600000000000000e+04
1.224473000000000000e+06
1.268240000000000000e+06
1.660681000000000000e+06
1.000988000000000000e+06
6.658770000000000000e+05
1.089650000000000000e+05
1.253735000000000000e+06
6.418640000000000000e+05
1.125690000000000000e+05
4.470640000000000000e+05
2.894630000000000000e+05
1.030457000000000000e+06
9.116900000000000000e+05
1.677028000000000000e+06
1.164629000000000000e+06
7.350920000000000000e+05
2.964070000000000000e+05
1.097059000000000000e+06
1.791773000000000000e+06
9.378730000000000000e+05
8.614760000000000000e+05
8.066110000000000000e+05
1.492273000000000000e+06
1.347620000000000000e+05
9.159460000000000000e+05
2.939040000000000000e+05
1.563991000000000000e+06
6.829270000000000000e+05
1.163668000000000000e+06
1.207891000000000000e+06
4.948970000000000000e+05
1.494628000000000000e+06
3.894920000000000000e+05
1.363301000000000000e+06
7.386580000000000000e+05
1.524805000000000000e+06
1.127810000000000000e+06
1.689209000000000000e+06
4.016350000000000000e+05
1.607000000000000000e+06
1.027903000000000000e+06
3.347510000000000000e+05
7.260410000000000000e+05
1.006792000000000000e+06
1.733212000000000000e+06
6.842080000000000000e+05
3.711200000000000000e+05
1.368518000000000000e+06
1.058014000000000000e+06
1.150329000000000000e+06
2.263990000000000000e+05
4.647070000000000000e+05
1.620306000000000000e+06
3.456500000000000000e+04
1.576102000000000000e+06
1.608360000000000000e+05
1.279383000000000000e+06
1.450505000000000000e+06
1.086045000000000000e+06
1.520920000000000000e+06
1.337525000000000000e+06
2.799300000000000000e+04
1.283145000000000000e+06
1.521570000000000000e+05
3.421210000000000000e+05
1.218372000000000000e+06
1.373610000000000000e+06
1.466775000000000000e+06
1.358252000000000000e+06
1.701936000000000000e+06
1.286496000000000000e+06
5.542850000000000000e+05
4.338980000000000000e+05
2.645820000000000000e+05
1.324040000000000000e+06
2.688590000000000000e+05
1.200539000000000000e+06
1.652688000000000000e+06
5.513860000000000000e+05
1.789369000000000000e+06
1.004818000000000000e+06
1.214374000000000000e+06
1.246521000000000000e+06
1.620830000000000000e+06
1.488229000000000000e+06
5.091540000000000000e+05
1.043745000000000000e+06
1.226042000000000000e+06
1.826186000000000000e+06
1.708852000000000000e+06
1.396545000000000000e+06
1.602847000000000000e+06
1.262709000000000000e+06
1.608680000000000000e+06
5.993620000000000000e+05
1.757678000000000000e+06
1.677266000000000000e+06
3.619540000000000000e+05
2.752920000000000000e+05
1.311863000000000000e+06
9.543650000000000000e+05
1.555938000000000000e+06
1.716662000000000000e+06
3.217190000000000000e+05
1.470995000000000000e+06
1.789092000000000000e+06
1.144417000000000000e+06
1.572810000000000000e+05
1.356820000000000000e+06
1.060759000000000000e+06
7.368430000000000000e+05
1.088125000000000000e+06
1.558870000000000000e+05
2.308440000000000000e+05
7.881600000000000000e+04
1.225497000000000000e+06
7.033090000000000000e+05
1.493010000000000000e+06
3.272430000000000000e+05
9.369460000000000000e+05
1.117258000000000000e+06
1.075598000000000000e+06
9.044720000000000000e+05
1.200387000000000000e+06
2.598530000000000000e+05
4.649820000000000000e+05
9.360920000000000000e+05
2.126310000000000000e+05
1.719465000000000000e+06
1.140374000000000000e+06
6.398700000000000000e+05
1.464720000000000000e+06
9.011430000000000000e+05
1.298810000000000000e+06
1.160764000000000000e+06
3.828890000000000000e+05
2.673090000000000000e+05
1.066105000000000000e+06
1.277878000000000000e+06
1.842390000000000000e+06
1.206853000000000000e+06
1.207886000000000000e+06
5.140070000000000000e+05
5.305650000000000000e+05
1.217050000000000000e+05
2.971640000000000000e+05
1.294510000000000000e+06
1.111649000000000000e+06
9.566580000000000000e+05
1.516795000000000000e+06
1.640934000000000000e+06
1.537615000000000000e+06
1.204842000000000000e+06
1.817242000000000000e+06
6.376260000000000000e+05
1.539917000000000000e+06
1.086599000000000000e+06
1.640852000000000000e+06
1.701080000000000000e+05
1.706657000000000000e+06
1.750901000000000000e+06
5.560270000000000000e+05
1.497774000000000000e+06
2.875270000000000000e+05
1.018114000000000000e+06
1.255755000000000000e+06
1.472189000000000000e+06
1.196250000000000000e+06
1.539701000000000000e+06
6.560660000000000000e+05
6.667270000000000000e+05
5.257100000000000000e+05
2.648340000000000000e+05
1.658060000000000000e+06
1.690259000000000000e+06
7.396300000000000000e+04
6.151530000000000000e+05
1.251415000000000000e+06
1.601072000000000000e+06
1.445099000000000000e+06
1.710226000000000000e+06
5.305480000000000000e+05
7.049480000000000000e+05
1.456780000000000000e+06
9.252810000000000000e+05
1.507908000000000000e+06
5.396000000000000000e+05
1.140340000000000000e+06
5.930540000000000000e+05
6.586950000000000000e+05
5.720460000000000000e+05
2.227540000000000000e+05
1.095334000000000000e+06
8.966740000000000000e+05
1.063549000000000000e+06
1.057985000000000000e+06
1.385484000000000000e+06
1.027925000000000000e+06
7.080180000000000000e+05
5.661600000000000000e+05
1.673479000000000000e+06
1.248029000000000000e+06
2.538710000000000000e+05
2.393160000000000000e+05
7.391000000000000000e+03
7.691560000000000000e+05
1.079566000000000000e+06
1.204173000000000000e+06
6.887890000000000000e+05
2.348720000000000000e+05
1.758616000000000000e+06
6.928000000000000000e+05
1.287127000000000000e+06
1.268513000000000000e+06
1.710015000000000000e+06
7.354860000000000000e+05
2.876770000000000000e+05
1.490831000000000000e+06
1.474137000000000000e+06
2.319810000000000000e+05
1.085030000000000000e+06
1.625260000000000000e+05
1.492667000000000000e+06
7.700270000000000000e+05
1.643402000000000000e+06
8.885350000000000000e+05
1.779398000000000000e+06
5.595920000000000000e+05
1.324353000000000000e+06
5.089820000000000000e+05
1.813011000000000000e+06
5.696440000000000000e+05
1.347007000000000000e+06
1.234688000000000000e+06
2.308370000000000000e+05
1.388015000000000000e+06
1.224228000000000000e+06
2.107590000000000000e+05
1.314196000000000000e+06
3.566310000000000000e+05
1.498279000000000000e+06
5.245750000000000000e+05
5.593160000000000000e+05
5.498730000000000000e+05
1.219155000000000000e+06
1.206142000000000000e+06
1.713110000000000000e+06
5.583810000000000000e+05
1.084934000000000000e+06
1.593730000000000000e+06
3.528060000000000000e+05
1.085800000000000000e+06
1.061907000000000000e+06
1.226327000000000000e+06
3.146150000000000000e+05
6.655300000000000000e+04
1.575469000000000000e+06
1.603086000000000000e+06
1.494939000000000000e+06
1.758280000000000000e+06
6.944050000000000000e+05
1.054875000000000000e+06
5.349810000000000000e+05
5.616090000000000000e+05
5.017190000000000000e+05
1.664024000000000000e+06
1.601461000000000000e+06
1.142805000000000000e+06
1.696531000000000000e+06
2.924960000000000000e+05
4.779050000000000000e+05
1.398401000000000000e+06
5.312390000000000000e+05
1.733048000000000000e+06
1.547666000000000000e+06
1.426966000000000000e+06
1.780616000000000000e+06
1.521734000000000000e+06
1.387246000000000000e+06
1.114271000000000000e+06
3.903420000000000000e+05
7.113610000000000000e+05
5.688790000000000000e+05
2.308300000000000000e+05
1.254163000000000000e+06
5.952470000000000000e+05
1.594302000000000000e+06
7.304060000000000000e+05
1.683065000000000000e+06
1.099137000000000000e+06
1.207621000000000000e+06
4.936410000000000000e+05
1.742707000000000000e+06
1.762346000000000000e+06
1.314703000000000000e+06
2.329010000000000000e+05
1.217525000000000000e+06
3.997700000000000000e+05
5.662490000000000000e+05
7.077440000000000000e+05
1.099419000000000000e+06
1.602983000000000000e+06
6.161540000000000000e+05
1.374328000000000000e+06
7.232900000000000000e+05
9.375660000000000000e+05
