1.010574000000000000e+06
1.123268000000000000e+06
2.651730000000000000e+05
1.015295000000000000e+06
1.127516000000000000e+06
1.120950000000000000e+06
1.174708000000000000e+06
1.013441000000000000e+06
1.123844000000000000e+06
1.118560000000000000e+06
1.739830000000000000e+06
1.118533000000000000e+06
1.004749000000000000e+06
1.605466000000000000e+06
1.021886000000000000e+06
1.127822000000000000e+06
1.751086000000000000e+06
1.007101000000000000e+06
2.609850000000000000e+05
9.773850000000000000e+05
1.017360000000000000e+06
1.125051000000000000e+06
9.941090000000000000e+05
1.319981000000000000e+06
1.453205000000000000e+06
1.177407000000000000e+06
2.578110000000000000e+05
1.114552000000000000e+06
9.915640000000000000e+05
1.123520000000000000e+06
1.018487000000000000e+06
2.662170000000000000e+05
1.028202000000000000e+06
1.085048000000000000e+06
1.122809000000000000e+06
5.512310000000000000e+05
1.027432000000000000e+06
1.025631000000000000e+06
1.029726000000000000e+06
1.023055000000000000e+06
9.394790000000000000e+05
1.284040000000000000e+06
1.044246000000000000e+06
2.306900000000000000e+05
1.030445000000000000e+06
7.277160000000000000e+05
1.645497000000000000e+06
1.135302000000000000e+06
1.259854000000000000e+06
1.125663000000000000e+06
2.684740000000000000e+05
1.739822000000000000e+06
1.263873000000000000e+06
1.116158000000000000e+06
1.031627000000000000e+06
1.317312000000000000e+06
2.645820000000000000e+05
1.704472000000000000e+06
2.837710000000000000e+05
1.108714000000000000e+06
1.075581000000000000e+06
9.220560000000000000e+05
2.612330000000000000e+05
9.957610000000000000e+05
1.621626000000000000e+06
2.313760000000000000e+05
1.165364000000000000e+06
1.060180000000000000e+06
7.128310000000000000e+05
1.120529000000000000e+06
8.921000000000000000e+04
1.011269000000000000e+06
2.538710000000000000e+05
3.894920000000000000e+05
1.629844000000000000e+06
1.592595000000000000e+06
1.736183000000000000e+06
1.094200000000000000e+06
7.273030000000000000e+05
5.312130000000000000e+05
1.688372000000000000e+06
1.716662000000000000e+06
1.074065000000000000e+06
1.126583000000000000e+06
1.114739000000000000e+06
1.223584000000000000e+06
1.137016000000000000e+06
1.195384000000000000e+06
1.069967000000000000e+06
1.177003000000000000e+06
6.371480000000000000e+05
1.219132000000000000e+06
1.118415000000000000e+06
1.184519000000000000e+06
5.575430000000000000e+05
1.137473000000000000e+06
1.694455000000000000e+06
1.051713000000000000e+06
1.766172000000000000e+06
1.164029000000000000e+06
1.026360000000000000e+06
1.024167000000000000e+06
5.903230000000000000e+05
1.339084000000000000e+06
2.933800000000000000e+05
3.806980000000000000e+05
1.199969000000000000e+06
1.437437000000000000e+06
7.663230000000000000e+05
1.134894000000000000e+06
1.703949000000000000e+06
5.673260000000000000e+05
1.806756000000000000e+06
9.738640000000000000e+05
1.685150000000000000e+06
1.218660000000000000e+05
6.548520000000000000e+05
1.742142000000000000e+06
1.324353000000000000e+06
1.084294000000000000e+06
5.514400000000000000e+05
1.469435000000000000e+06
2.308200000000000000e+05
1.221726000000000000e+06
1.703932000000000000e+06
1.195056000000000000e+06
1.055313000000000000e+06
9.644010000000000000e+05
1.733920000000000000e+06
3.271070000000000000e+05
1.381829000000000000e+06
1.057989000000000000e+06
2.965070000000000000e+05
9.197990000000000000e+05
7.306830000000000000e+05
2.781860000000000000e+05
1.226327000000000000e+06
1.116497000000000000e+06
1.131198000000000000e+06
1.057392000000000000e+06
1.537624000000000000e+06
1.319370000000000000e+06
1.137764000000000000e+06
1.444403000000000000e+06
1.123905000000000000e+06
2.781910000000000000e+05
1.085003000000000000e+06
9.329170000000000000e+05
7.552670000000000000e+05
1.122457000000000000e+06
7.081010000000000000e+05
1.547157000000000000e+06
1.635648000000000000e+06
1.061217000000000000e+06
1.030960000000000000e+06
1.082776000000000000e+06
1.083171000000000000e+06
1.055203000000000000e+06
1.163668000000000000e+06
9.092160000000000000e+05
1.103178000000000000e+06
1.699678000000000000e+06
1.028496000000000000e+06
1.061208000000000000e+06
1.178045000000000000e+06
6.967770000000000000e+05
1.269254000000000000e+06
1.203502000000000000e+06
7.273790000000000000e+05
1.263460000000000000e+05
2.836300000000000000e+04
1.059101000000000000e+06
2.669600000000000000e+05
1.133619000000000000e+06
1.386213000000000000e+06
1.095239000000000000e+06
1.125825000000000000e+06
1.085529000000000000e+06
1.655234000000000000e+06
5.867280000000000000e+05
1.540444000000000000e+06
1.517992000000000000e+06
1.223431000000000000e+06
2.592080000000000000e+05
1.639525000000000000e+06
1.693720000000000000e+05
1.989230000000000000e+05
2.816510000000000000e+05
1.650680000000000000e+06
5.733540000000000000e+05
7.197050000000000000e+05
8.953560000000000000e+05
2.585460000000000000e+05
1.689010000000000000e+06
5.355200000000000000e+05
1.171691000000000000e+06
1.705891000000000000e+06
7.088710000000000000e+05
1.054713000000000000e+06
9.359850000000000000e+05
2.723590000000000000e+05
7.368800000000000000e+04
3.822380000000000000e+05
1.545400000000000000e+06
1.836863000000000000e+06
1.088460000000000000e+06
4.691940000000000000e+05
2.720020000000000000e+05
1.832992000000000000e+06
1.261764000000000000e+06
1.425717000000000000e+06
1.131046000000000000e+06
4.687480000000000000e+05
3.387410000000000000e+05
1.674640000000000000e+05
1.242683000000000000e+06
1.250808000000000000e+06
1.426980000000000000e+06
4.334870000000000000e+05
1.538501000000000000e+06
1.115577000000000000e+06
1.606420000000000000e+06
1.691530000000000000e+06
8.760960000000000000e+05
1.348539000000000000e+06
1.218372000000000000e+06
1.121681000000000000e+06
1.324507000000000000e+06
1.333837000000000000e+06
1.676863000000000000e+06
7.286450000000000000e+05
1.017089000000000000e+06
1.620311000000000000e+06
6.963330000000000000e+05
6.553960000000000000e+05
5.635880000000000000e+05
1.541910000000000000e+05
1.764252000000000000e+06
1.323493000000000000e+06
4.886060000000000000e+05
9.175890000000000000e+05
1.643596000000000000e+06
1.082979000000000000e+06
1.192980000000000000e+05
1.124321000000000000e+06
1.302400000000000000e+05
1.027799000000000000e+06
1.742707000000000000e+06
2.801050000000000000e+05
9.498190000000000000e+05
1.357430000000000000e+06
2.675070000000000000e+05
4.553250000000000000e+05
1.106183000000000000e+06
1.307136000000000000e+06
1.664024000000000000e+06
1.450010000000000000e+06
1.126053000000000000e+06
1.025328000000000000e+06
1.130891000000000000e+06
5.409330000000000000e+05
1.693765000000000000e+06
1.043196000000000000e+06
2.855380000000000000e+05
1.057950000000000000e+06
1.156958000000000000e+06
9.863810000000000000e+05
1.710142000000000000e+06
2.692160000000000000e+05
1.639104000000000000e+06
9.767290000000000000e+05
1.247533000000000000e+06
1.339031000000000000e+06
1.450169000000000000e+06
1.685682000000000000e+06
1.342447000000000000e+06
1.817690000000000000e+06
9.374760000000000000e+05
1.192680000000000000e+05
1.320164000000000000e+06
6.336380000000000000e+05
1.574852000000000000e+06
5.309570000000000000e+05
1.630059000000000000e+06
1.028107000000000000e+06
4.468510000000000000e+05
1.432729000000000000e+06
2.690010000000000000e+05
1.724327000000000000e+06
1.476989000000000000e+06
1.199842000000000000e+06
5.592540000000000000e+05
1.137725000000000000e+06
1.126963000000000000e+06
7.260410000000000000e+05
7.851440000000000000e+05
8.390780000000000000e+05
1.468100000000000000e+06
2.645160000000000000e+05
1.114788000000000000e+06
7.055590000000000000e+05
5.967090000000000000e+05
8.940130000000000000e+05
1.273762000000000000e+06
1.801972000000000000e+06
1.112159000000000000e+06
1.765879000000000000e+06
7.155480000000000000e+05
8.917200000000000000e+05
7.673200000000000000e+04
1.225668000000000000e+06
3.829170000000000000e+05
1.453660000000000000e+06
1.643516000000000000e+06
6.658770000000000000e+05
1.072837000000000000e+06
1.644445000000000000e+06
7.075830000000000000e+05
5.636060000000000000e+05
1.478883000000000000e+06
1.451053000000000000e+06
1.492221000000000000e+06
9.514660000000000000e+05
1.242397000000000000e+06
1.605524000000000000e+06
1.024514000000000000e+06
1.480078000000000000e+06
1.798753000000000000e+06
1.572810000000000000e+05
3.175050000000000000e+05
1.538734000000000000e+06
1.060224000000000000e+06
1.275824000000000000e+06
6.127670000000000000e+05
1.618192000000000000e+06
5.527130000000000000e+05
1.067259000000000000e+06
7.071920000000000000e+05
2.855510000000000000e+05
5.948970000000000000e+05
1.253735000000000000e+06
1.096848000000000000e+06
8.734900000000000000e+04
2.800580000000000000e+05
1.602502000000000000e+06
5.603290000000000000e+05
5.863560000000000000e+05
1.479930000000000000e+05
1.379999000000000000e+06
5.319920000000000000e+05
7.313540000000000000e+05
1.803071000000000000e+06
5.517710000000000000e+05
1.074233000000000000e+06
1.030701000000000000e+06
1.125016000000000000e+06
9.179900000000000000e+05
7.553500000000000000e+04
1.137435000000000000e+06
2.214970000000000000e+05
1.094211000000000000e+06
1.646101000000000000e+06
1.330086000000000000e+06
2.933950000000000000e+05
5.848300000000000000e+05
1.318530000000000000e+06
1.228145000000000000e+06
3.878370000000000000e+05
7.040040000000000000e+05
3.272430000000000000e+05
1.290790000000000000e+06
9.469890000000000000e+05
1.366553000000000000e+06
6.140600000000000000e+05
1.104136000000000000e+06
1.847087000000000000e+06
2.402500000000000000e+04
1.130468000000000000e+06
1.687644000000000000e+06
4.272130000000000000e+05
1.522231000000000000e+06
9.530550000000000000e+05
5.274430000000000000e+05
9.957170000000000000e+05
1.401742000000000000e+06
1.084100000000000000e+06
3.664110000000000000e+05
1.085983000000000000e+06
1.547666000000000000e+06
1.594240000000000000e+05
3.997700000000000000e+05
3.456500000000000000e+04
7.006330000000000000e+05
1.454050000000000000e+06
1.713918000000000000e+06
6.433080000000000000e+05
9.934020000000000000e+05
1.699235000000000000e+06
1.450132000000000000e+06
1.082687000000000000e+06
1.165872000000000000e+06
1.734837000000000000e+06
1.813011000000000000e+06
2.537730000000000000e+05
1.772105000000000000e+06
1.049156000000000000e+06
7.400500000000000000e+04
1.093620000000000000e+06
1.971700000000000000e+05
7.179950000000000000e+05
1.036680000000000000e+06
1.250050000000000000e+06
1.103880000000000000e+05
1.323867000000000000e+06
1.608680000000000000e+06
1.533469000000000000e+06
7.049480000000000000e+05
1.222250000000000000e+05
1.088324000000000000e+06
1.310400000000000000e+04
6.131210000000000000e+05
2.567060000000000000e+05
9.341850000000000000e+05
6.612650000000000000e+05
1.450802000000000000e+06
1.115251000000000000e+06
1.677101000000000000e+06
4.535170000000000000e+05
1.445984000000000000e+06
2.899770000000000000e+05
3.115360000000000000e+05
1.776323000000000000e+06
7.245560000000000000e+05
5.869460000000000000e+05
1.791236000000000000e+06
1.219010000000000000e+05
1.171796000000000000e+06
1.161382000000000000e+06
1.063903000000000000e+06
1.021066000000000000e+06
1.460143000000000000e+06
1.660367000000000000e+06
2.898870000000000000e+05
7.129400000000000000e+05
1.815731000000000000e+06
1.773507000000000000e+06
1.714836000000000000e+06
2.894630000000000000e+05
1.077793000000000000e+06
2.909940000000000000e+05
1.645930000000000000e+06
1.432726000000000000e+06
1.508516000000000000e+06
1.324040000000000000e+06
1.221508000000000000e+06
1.601301000000000000e+06
3.154140000000000000e+05
1.236028000000000000e+06
1.708852000000000000e+06
4.604360000000000000e+05
1.513992000000000000e+06
9.018420000000000000e+05
1.641048000000000000e+06
1.460759000000000000e+06
1.222850000000000000e+06
2.746690000000000000e+05
1.079144000000000000e+06
1.204373000000000000e+06
1.554630000000000000e+06
1.088304000000000000e+06
1.368518000000000000e+06
1.324976000000000000e+06
3.225120000000000000e+05
1.000761000000000000e+06
2.517560000000000000e+05
8.919380000000000000e+05
1.007946000000000000e+06
9.177450000000000000e+05
1.206973000000000000e+06
1.226042000000000000e+06
1.531781000000000000e+06
4.682730000000000000e+05
1.671394000000000000e+06
1.455261000000000000e+06
1.027195000000000000e+06
8.794720000000000000e+05
1.320300000000000000e+04
6.968730000000000000e+05
1.262790000000000000e+05
1.320920000000000000e+06
1.728615000000000000e+06
1.011994000000000000e+06
1.388006000000000000e+06
1.279788000000000000e+06
6.365490000000000000e+05
1.333331000000000000e+06
1.800598000000000000e+06
1.625260000000000000e+05
5.510210000000000000e+05
1.218100000000000000e+06
1.677100000000000000e+04
7.917000000000000000e+03
1.112151000000000000e+06
1.712339000000000000e+06
6.127540000000000000e+05
1.177184000000000000e+06
3.322730000000000000e+05
1.677266000000000000e+06
2.409510000000000000e+05
1.652838000000000000e+06
1.599104000000000000e+06
1.728240000000000000e+06
2.854480000000000000e+05
4.522360000000000000e+05
5.363990000000000000e+05
1.239747000000000000e+06
1.136919000000000000e+06
1.450873000000000000e+06
1.066231000000000000e+06
1.166226000000000000e+06
2.793060000000000000e+05
1.338138000000000000e+06
4.384510000000000000e+05
6.888220000000000000e+05
1.528008000000000000e+06
1.028873000000000000e+06
9.314710000000000000e+05
4.917420000000000000e+05
7.245040000000000000e+05
1.455953000000000000e+06
1.446148000000000000e+06
1.710968000000000000e+06
1.381879000000000000e+06
7.039080000000000000e+05
7.190610000000000000e+05
1.714100000000000000e+04
8.083370000000000000e+05
8.420320000000000000e+05
7.736520000000000000e+05
2.656310000000000000e+05
2.541920000000000000e+05
5.169510000000000000e+05
7.050930000000000000e+05
1.774413000000000000e+06
3.940910000000000000e+05
3.875240000000000000e+05
1.099774000000000000e+06
1.494939000000000000e+06
2.454690000000000000e+05
3.663510000000000000e+05
1.312844000000000000e+06
9.210070000000000000e+05
1.555938000000000000e+06
2.865700000000000000e+05
1.217612000000000000e+06
2.509670000000000000e+05
1.004013000000000000e+06
1.103673000000000000e+06
5.719510000000000000e+05
5.240260000000000000e+05
1.124172000000000000e+06
1.277807000000000000e+06
2.665290000000000000e+05
1.439007000000000000e+06
2.977860000000000000e+05
1.705897000000000000e+06
2.234160000000000000e+05
1.225279000000000000e+06
1.707868000000000000e+06
1.212013000000000000e+06
1.358252000000000000e+06
6.735900000000000000e+04
5.614780000000000000e+05
1.231720000000000000e+05
2.719700000000000000e+05
1.661176000000000000e+06
5.948990000000000000e+05
1.700382000000000000e+06
1.319025000000000000e+06
1.694991000000000000e+06
1.767964000000000000e+06
4.470490000000000000e+05
1.122185000000000000e+06
1.602847000000000000e+06
1.676652000000000000e+06
1.807243000000000000e+06
5.957720000000000000e+05
9.342120000000000000e+05
3.708000000000000000e+04
1.155334000000000000e+06
2.857610000000000000e+05
8.924580000000000000e+05
1.596055000000000000e+06
1.738415000000000000e+06
1.260072000000000000e+06
1.236753000000000000e+06
6.570140000000000000e+05
6.926970000000000000e+05
6.944050000000000000e+05
1.625101000000000000e+06
1.628020000000000000e+05
4.278960000000000000e+05
2.126310000000000000e+05
3.188530000000000000e+05
1.673250000000000000e+06
1.771894000000000000e+06
1.207891000000000000e+06
1.654168000000000000e+06
4.621440000000000000e+05
2.489570000000000000e+05
5.051050000000000000e+05
1.251807000000000000e+06
7.230400000000000000e+04
1.593702000000000000e+06
1.433237000000000000e+06
4.846620000000000000e+05
2.426000000000000000e+05
1.637585000000000000e+06
1.710973000000000000e+06
1.268980000000000000e+05
5.897690000000000000e+05
1.744238000000000000e+06
1.352435000000000000e+06
1.230780000000000000e+06
1.029975000000000000e+06
1.793500000000000000e+05
1.275735000000000000e+06
1.000848000000000000e+06
1.298414000000000000e+06
7.657890000000000000e+05
6.988570000000000000e+05
1.356189000000000000e+06
5.783370000000000000e+05
2.528480000000000000e+05
1.228356000000000000e+06
1.640852000000000000e+06
1.090002000000000000e+06
2.617810000000000000e+05
5.260410000000000000e+05
5.614570000000000000e+05
1.231411000000000000e+06
1.531238000000000000e+06
1.211780000000000000e+05
7.069950000000000000e+05
1.331761000000000000e+06
1.089606000000000000e+06
8.979600000000000000e+04
7.235550000000000000e+05
1.281009000000000000e+06
9.309330000000000000e+05
1.302433000000000000e+06
1.094460000000000000e+06
9.250210000000000000e+05
5.622580000000000000e+05
9.378730000000000000e+05
1.807926000000000000e+06
1.066842000000000000e+06
3.741900000000000000e+04
5.308620000000000000e+05
1.632732000000000000e+06
1.693580000000000000e+05
4.900700000000000000e+05
1.064992000000000000e+06
1.180106000000000000e+06
1.336901000000000000e+06
5.775100000000000000e+04
1.353543000000000000e+06
5.930400000000000000e+05
1.812677000000000000e+06
1.058694000000000000e+06
