2.658560000000000000e+05
1.123940000000000000e+06
9.254650000000000000e+05
1.262981000000000000e+06
1.320035000000000000e+06
1.177788000000000000e+06
1.135149000000000000e+06
1.740398000000000000e+06
1.136785000000000000e+06
1.125529000000000000e+06
2.661920000000000000e+05
1.693976000000000000e+06
1.334044000000000000e+06
1.604497000000000000e+06
1.016423000000000000e+06
9.195940000000000000e+05
9.250500000000000000e+05
5.519130000000000000e+05
2.659910000000000000e+05
1.375174000000000000e+06
1.691962000000000000e+06
1.127785000000000000e+06
1.751908000000000000e+06
4.627130000000000000e+05
1.860300000000000000e+04
2.316870000000000000e+05
1.178510000000000000e+06
1.694483000000000000e+06
2.646110000000000000e+05
1.306164000000000000e+06
1.217851000000000000e+06
8.704200000000000000e+04
1.062919000000000000e+06
4.440000000000000000e+02
1.498376000000000000e+06
2.664150000000000000e+05
1.750982000000000000e+06
1.120602000000000000e+06
2.726380000000000000e+05
2.306900000000000000e+05
1.249967000000000000e+06
1.693666000000000000e+06
1.136109000000000000e+06
6.943300000000000000e+04
2.658580000000000000e+05
2.616020000000000000e+05
1.266823000000000000e+06
9.284460000000000000e+05
1.689928000000000000e+06
1.766172000000000000e+06
5.429450000000000000e+05
4.648390000000000000e+05
1.734068000000000000e+06
1.438719000000000000e+06
1.122682000000000000e+06
1.019501000000000000e+06
1.167279000000000000e+06
2.835810000000000000e+05
1.265730000000000000e+06
1.741866000000000000e+06
1.368397000000000000e+06
3.862980000000000000e+05
1.385041000000000000e+06
6.357310000000000000e+05
1.177983000000000000e+06
1.778095000000000000e+06
9.209110000000000000e+05
9.145460000000000000e+05
1.266927000000000000e+06
6.718030000000000000e+05
1.225658000000000000e+06
9.656610000000000000e+05
2.758510000000000000e+05
1.318826000000000000e+06
1.215681000000000000e+06
1.739042000000000000e+06
2.241220000000000000e+05
1.971700000000000000e+05
1.166157000000000000e+06
1.695946000000000000e+06
1.606420000000000000e+06
1.485480000000000000e+06
1.014246000000000000e+06
1.137002000000000000e+06
2.663160000000000000e+05
1.115989000000000000e+06
1.973880000000000000e+05
9.168730000000000000e+05
1.123982000000000000e+06
1.074889000000000000e+06
5.392630000000000000e+05
9.198620000000000000e+05
1.461510000000000000e+05
1.641112000000000000e+06
2.746560000000000000e+05
9.193750000000000000e+05
1.336011000000000000e+06
1.175763000000000000e+06
1.123885000000000000e+06
1.351110000000000000e+05
1.332682000000000000e+06
8.366300000000000000e+04
5.031200000000000000e+05
1.132178000000000000e+06
1.639326000000000000e+06
1.112028000000000000e+06
2.858650000000000000e+05
1.166275000000000000e+06
1.189717000000000000e+06
2.649410000000000000e+05
1.740543000000000000e+06
2.608720000000000000e+05
5.459310000000000000e+05
1.121638000000000000e+06
1.249740000000000000e+06
2.784850000000000000e+05
7.288390000000000000e+05
1.320459000000000000e+06
7.719800000000000000e+04
1.738915000000000000e+06
6.810970000000000000e+05
1.128342000000000000e+06
5.784230000000000000e+05
1.585010000000000000e+05
8.568000000000000000e+04
6.810080000000000000e+05
9.265000000000000000e+05
1.363280000000000000e+05
1.136919000000000000e+06
2.610270000000000000e+05
1.061038000000000000e+06
1.319329000000000000e+06
1.320006000000000000e+06
1.319094000000000000e+06
1.248917000000000000e+06
1.007049000000000000e+06
8.987550000000000000e+05
1.693969000000000000e+06
2.643800000000000000e+05
1.190865000000000000e+06
4.665980000000000000e+05
9.118070000000000000e+05
1.134855000000000000e+06
1.217856000000000000e+06
9.120380000000000000e+05
1.982410000000000000e+05
1.060877000000000000e+06
1.050504000000000000e+06
1.830500000000000000e+04
1.640459000000000000e+06
2.845540000000000000e+05
1.156383000000000000e+06
1.676123000000000000e+06
9.199380000000000000e+05
1.445350000000000000e+05
6.343110000000000000e+05
1.677025000000000000e+06
9.428580000000000000e+05
1.250386000000000000e+06
9.279880000000000000e+05
1.412970000000000000e+05
1.035144000000000000e+06
6.140600000000000000e+05
2.444810000000000000e+05
1.124113000000000000e+06
1.375630000000000000e+06
2.074830000000000000e+05
9.508330000000000000e+05
1.693747000000000000e+06
1.179867000000000000e+06
5.880950000000000000e+05
1.752475000000000000e+06
1.168457000000000000e+06
4.636760000000000000e+05
1.130746000000000000e+06
1.018734000000000000e+06
1.319047000000000000e+06
1.507645000000000000e+06
1.262177000000000000e+06
1.383932000000000000e+06
9.304280000000000000e+05
5.352590000000000000e+05
1.476990000000000000e+05
1.247934000000000000e+06
1.375860000000000000e+06
1.440052000000000000e+06
4.466500000000000000e+04
5.773890000000000000e+05
9.165660000000000000e+05
5.164760000000000000e+05
1.448973000000000000e+06
7.707890000000000000e+05
1.669764000000000000e+06
1.456780000000000000e+06
1.602970000000000000e+06
3.428000000000000000e+03
1.850512000000000000e+06
5.588100000000000000e+04
9.240590000000000000e+05
1.455565000000000000e+06
1.337931000000000000e+06
1.134387000000000000e+06
1.367873000000000000e+06
1.216562000000000000e+06
1.030307000000000000e+06
1.321794000000000000e+06
1.334429000000000000e+06
1.262670000000000000e+06
1.264777000000000000e+06
9.307020000000000000e+05
3.457490000000000000e+05
1.574780000000000000e+05
1.752127000000000000e+06
1.118478000000000000e+06
1.044718000000000000e+06
6.595980000000000000e+05
4.667990000000000000e+05
1.289212000000000000e+06
1.282902000000000000e+06
1.750697000000000000e+06
5.674130000000000000e+05
1.119279000000000000e+06
1.200311000000000000e+06
1.691250000000000000e+06
1.224791000000000000e+06
1.187517000000000000e+06
1.766138000000000000e+06
4.263120000000000000e+05
1.645466000000000000e+06
1.267326000000000000e+06
1.455091000000000000e+06
6.922300000000000000e+04
1.633541000000000000e+06
1.766355000000000000e+06
1.668948000000000000e+06
6.399290000000000000e+05
1.075974000000000000e+06
1.375340000000000000e+05
1.131539000000000000e+06
2.290170000000000000e+05
9.249610000000000000e+05
1.453288000000000000e+06
5.662710000000000000e+05
1.711969000000000000e+06
9.665600000000000000e+05
1.176047000000000000e+06
1.728009000000000000e+06
1.023871000000000000e+06
2.643580000000000000e+05
1.217948000000000000e+06
2.578670000000000000e+05
1.455152000000000000e+06
9.015060000000000000e+05
1.323570000000000000e+06
1.268268000000000000e+06
1.412730000000000000e+05
2.443750000000000000e+05
9.398440000000000000e+05
9.259930000000000000e+05
1.227817000000000000e+06
2.080150000000000000e+05
1.109839000000000000e+06
1.204073000000000000e+06
1.376999000000000000e+06
1.631416000000000000e+06
1.025016000000000000e+06
5.355200000000000000e+05
1.190395000000000000e+06
1.777172000000000000e+06
1.500007000000000000e+06
5.529200000000000000e+05
1.128082000000000000e+06
3.925900000000000000e+04
1.225381000000000000e+06
5.092140000000000000e+05
1.415940000000000000e+05
1.008609000000000000e+06
1.017487000000000000e+06
1.470924000000000000e+06
1.728592000000000000e+06
6.376320000000000000e+05
2.309630000000000000e+05
6.543350000000000000e+05
8.123000000000000000e+04
1.588360000000000000e+05
1.185718000000000000e+06
9.042930000000000000e+05
4.625100000000000000e+05
9.273240000000000000e+05
4.179870000000000000e+05
1.738688000000000000e+06
1.088312000000000000e+06
1.648888000000000000e+06
1.266522000000000000e+06
1.218303000000000000e+06
1.494816000000000000e+06
1.810070000000000000e+06
1.309824000000000000e+06
1.215877000000000000e+06
1.634627000000000000e+06
1.345440000000000000e+05
1.274628000000000000e+06
2.578110000000000000e+05
1.438184000000000000e+06
1.741556000000000000e+06
1.604990000000000000e+06
6.746020000000000000e+05
4.916070000000000000e+05
2.670440000000000000e+05
1.475810000000000000e+06
1.386032000000000000e+06
2.380000000000000000e+03
2.679120000000000000e+05
1.737198000000000000e+06
1.657087000000000000e+06
2.617690000000000000e+05
3.400600000000000000e+04
7.573610000000000000e+05
1.319579000000000000e+06
1.183742000000000000e+06
9.534580000000000000e+05
1.135047000000000000e+06
1.438523000000000000e+06
6.823640000000000000e+05
1.327282000000000000e+06
1.620958000000000000e+06
4.404960000000000000e+05
5.735920000000000000e+05
1.024203000000000000e+06
1.637585000000000000e+06
1.105137000000000000e+06
1.457338000000000000e+06
1.345148000000000000e+06
4.709770000000000000e+05
7.459800000000000000e+04
1.426842000000000000e+06
1.274735000000000000e+06
1.296755000000000000e+06
1.231403000000000000e+06
6.718570000000000000e+05
1.155941000000000000e+06
1.312978000000000000e+06
3.738620000000000000e+05
5.930400000000000000e+05
1.337467000000000000e+06
2.775550000000000000e+05
6.609200000000000000e+05
1.097801000000000000e+06
6.725500000000000000e+04
1.461825000000000000e+06
6.378860000000000000e+05
1.324580000000000000e+06
1.809459000000000000e+06
1.508588000000000000e+06
1.261434000000000000e+06
4.988190000000000000e+05
1.262152000000000000e+06
1.095320000000000000e+06
6.985410000000000000e+05
1.260919000000000000e+06
1.708366000000000000e+06
1.263419000000000000e+06
5.054400000000000000e+05
1.591200000000000000e+05
1.661858000000000000e+06
1.304474000000000000e+06
1.067242000000000000e+06
1.125408000000000000e+06
1.319729000000000000e+06
1.780634000000000000e+06
1.812593000000000000e+06
2.780850000000000000e+05
1.216901000000000000e+06
2.558070000000000000e+05
1.285008000000000000e+06
2.589590000000000000e+05
1.739526000000000000e+06
3.894890000000000000e+05
4.688440000000000000e+05
1.062525000000000000e+06
8.838600000000000000e+05
1.177210000000000000e+05
1.337223000000000000e+06
1.820413000000000000e+06
5.026310000000000000e+05
1.424982000000000000e+06
1.133039000000000000e+06
3.327330000000000000e+05
5.233200000000000000e+04
1.388894000000000000e+06
6.818190000000000000e+05
6.570990000000000000e+05
1.766612000000000000e+06
1.669664000000000000e+06
1.806300000000000000e+04
1.320180000000000000e+06
1.498959000000000000e+06
1.010350000000000000e+06
1.238424000000000000e+06
1.863820000000000000e+05
9.267460000000000000e+05
1.733816000000000000e+06
1.374967000000000000e+06
1.248512000000000000e+06
6.778790000000000000e+05
1.783426000000000000e+06
1.320698000000000000e+06
1.690981000000000000e+06
5.804510000000000000e+05
1.751511000000000000e+06
5.011740000000000000e+05
1.642945000000000000e+06
1.179430000000000000e+06
1.321753000000000000e+06
2.674970000000000000e+05
1.435264000000000000e+06
1.499604000000000000e+06
1.282016000000000000e+06
1.013188000000000000e+06
1.231052000000000000e+06
1.046090000000000000e+06
1.301629000000000000e+06
1.180749000000000000e+06
1.376953000000000000e+06
1.182550000000000000e+05
1.291149000000000000e+06
6.859300000000000000e+05
1.685823000000000000e+06
5.847560000000000000e+05
1.366551000000000000e+06
9.255530000000000000e+05
7.346970000000000000e+05
1.847089000000000000e+06
1.842792000000000000e+06
1.179549000000000000e+06
1.141622000000000000e+06
2.535350000000000000e+05
1.213301000000000000e+06
9.756910000000000000e+05
1.108380000000000000e+06
1.398660000000000000e+05
2.290870000000000000e+05
7.010440000000000000e+05
1.418749000000000000e+06
1.520872000000000000e+06
2.562710000000000000e+05
1.032427000000000000e+06
1.436134000000000000e+06
1.378337000000000000e+06
1.692015000000000000e+06
1.268382000000000000e+06
1.241397000000000000e+06
1.772141000000000000e+06
2.210320000000000000e+05
1.603855000000000000e+06
1.436686000000000000e+06
1.549559000000000000e+06
6.592870000000000000e+05
1.710498000000000000e+06
5.525670000000000000e+05
4.704680000000000000e+05
1.741369000000000000e+06
4.626100000000000000e+05
2.733170000000000000e+05
1.437150000000000000e+06
1.061307000000000000e+06
1.727672000000000000e+06
8.937360000000000000e+05
1.108777000000000000e+06
1.738759000000000000e+06
1.696008000000000000e+06
1.199471000000000000e+06
2.390100000000000000e+05
8.824690000000000000e+05
9.309360000000000000e+05
1.179881000000000000e+06
1.244250000000000000e+06
1.395510000000000000e+06
5.387480000000000000e+05
1.097800000000000000e+04
9.100660000000000000e+05
2.844370000000000000e+05
3.061640000000000000e+05
1.367970000000000000e+05
1.655694000000000000e+06
4.690250000000000000e+05
1.343680000000000000e+05
1.739180000000000000e+06
1.348230000000000000e+06
1.355650000000000000e+05
4.366130000000000000e+05
1.007808000000000000e+06
1.809428000000000000e+06
1.455002000000000000e+06
9.255390000000000000e+05
5.050390000000000000e+05
1.607471000000000000e+06
9.456000000000000000e+03
1.643037000000000000e+06
3.838050000000000000e+05
1.194519000000000000e+06
4.647610000000000000e+05
5.833930000000000000e+05
9.513530000000000000e+05
1.641104000000000000e+06
1.866400000000000000e+04
9.314000000000000000e+05
1.395500000000000000e+05
1.262942000000000000e+06
1.017244000000000000e+06
5.249190000000000000e+05
1.252784000000000000e+06
1.434114000000000000e+06
1.694100000000000000e+04
3.337560000000000000e+05
6.373150000000000000e+05
9.239160000000000000e+05
2.073000000000000000e+03
1.947500000000000000e+04
6.503400000000000000e+05
6.812600000000000000e+05
6.007850000000000000e+05
1.641600000000000000e+04
1.607982000000000000e+06
1.052790000000000000e+06
1.228225000000000000e+06
6.364770000000000000e+05
7.406400000000000000e+04
1.919500000000000000e+04
1.308293000000000000e+06
5.522400000000000000e+04
1.320165000000000000e+06
7.205830000000000000e+05
2.648600000000000000e+05
1.638970000000000000e+06
1.503370000000000000e+06
4.363100000000000000e+04
1.705363000000000000e+06
6.404500000000000000e+05
1.140534000000000000e+06
1.327821000000000000e+06
2.902700000000000000e+05
6.331460000000000000e+05
1.005461000000000000e+06
6.909440000000000000e+05
1.096560000000000000e+05
5.505050000000000000e+05
1.644020000000000000e+06
6.123390000000000000e+05
1.743156000000000000e+06
1.359692000000000000e+06
2.597140000000000000e+05
1.500633000000000000e+06
1.269588000000000000e+06
2.215510000000000000e+05
3.227420000000000000e+05
1.199254000000000000e+06
6.770850000000000000e+05
1.113730000000000000e+06
1.327915000000000000e+06
3.836230000000000000e+05
1.155401000000000000e+06
6.641550000000000000e+05
4.616910000000000000e+05
2.252370000000000000e+05
5.287800000000000000e+04
3.354500000000000000e+04
1.293834000000000000e+06
1.142958000000000000e+06
1.440834000000000000e+06
1.766182000000000000e+06
2.274710000000000000e+05
1.137483000000000000e+06
1.274259000000000000e+06
1.766733000000000000e+06
1.376127000000000000e+06
1.652866000000000000e+06
8.977700000000000000e+04
6.715450000000000000e+05
1.978550000000000000e+05
1.124644000000000000e+06
1.025741000000000000e+06
1.268314000000000000e+06
1.339345000000000000e+06
1.248556000000000000e+06
1.587518000000000000e+06
5.445450000000000000e+05
1.766910000000000000e+06
1.379005000000000000e+06
2.058100000000000000e+04
8.070800000000000000e+04
1.989940000000000000e+05
4.196160000000000000e+05
5.212940000000000000e+05
1.212939000000000000e+06
1.383492000000000000e+06
1.608966000000000000e+06
1.721660000000000000e+06
1.793845000000000000e+06
1.514466000000000000e+06
1.479079000000000000e+06
2.153060000000000000e+05
6.792700000000000000e+04
4.184560000000000000e+05
1.232676000000000000e+06
1.612451000000000000e+06
9.933440000000000000e+05
1.487756000000000000e+06
2.969000000000000000e+03
1.457630000000000000e+05
3.920400000000000000e+04
4.678490000000000000e+05
7.022800000000000000e+04
1.114424000000000000e+06
3.005100000000000000e+04
9.578930000000000000e+05
1.162494000000000000e+06
1.402110000000000000e+05
1.250671000000000000e+06
1.315137000000000000e+06
2.786750000000000000e+05
4.951550000000000000e+05
6.637090000000000000e+05
1.684330000000000000e+06
7.231110000000000000e+05
6.728310000000000000e+05
1.180841000000000000e+06
1.580925000000000000e+06
1.268173000000000000e+06
1.289986000000000000e+06
1.741359000000000000e+06
1.157851000000000000e+06
1.440865000000000000e+06
6.604350000000000000e+05
2.647920000000000000e+05
1.702800000000000000e+04
1.381605000000000000e+06
5.687960000000000000e+05
1.656549000000000000e+06
5.849410000000000000e+05
9.202370000000000000e+05
1.464849000000000000e+06
1.784425000000000000e+06
3.391080000000000000e+05
1.654032000000000000e+06
1.338900000000000000e+04
1.194726000000000000e+06
2.109100000000000000e+05
1.657629000000000000e+06
1.320568000000000000e+06
9.184040000000000000e+05
1.367903000000000000e+06
1.167827000000000000e+06
1.695866000000000000e+06
9.425070000000000000e+05
5.853050000000000000e+05
1.688832000000000000e+06
2.646400000000000000e+05
1.995930000000000000e+05
6.258000000000000000e+04
1.597061000000000000e+06
1.136666000000000000e+06
1.083452000000000000e+06
1.113938000000000000e+06
1.132942000000000000e+06
1.833981000000000000e+06
1.668160000000000000e+05
2.725110000000000000e+05
9.313990000000000000e+05
1.966360000000000000e+05
2.984080000000000000e+05
1.152114000000000000e+06
7.259400000000000000e+05
6.688500000000000000e+05
8.171000000000000000e+03
9.456890000000000000e+05
4.702190000000000000e+05
1.187641000000000000e+06
2.256180000000000000e+05
5.001870000000000000e+05
1.228208000000000000e+06
9.355870000000000000e+05
2.020100000000000000e+05
6.726860000000000000e+05
8.823870000000000000e+05
2.526360000000000000e+05
7.066930000000000000e+05
2.458280000000000000e+05
6.397300000000000000e+04
4.146570000000000000e+05
6.580800000000000000e+04
4.408330000000000000e+05
1.411370000000000000e+05
1.931100000000000000e+04
1.264118000000000000e+06
1.305667000000000000e+06
7.275230000000000000e+05
1.107051000000000000e+06
1.602666000000000000e+06
9.255970000000000000e+05
2.128630000000000000e+05
1.336092000000000000e+06
1.228052000000000000e+06
1.141620000000000000e+05
1.851875000000000000e+06
1.710961000000000000e+06
5.053960000000000000e+05
5.791520000000000000e+05
2.765410000000000000e+05
2.883000000000000000e+05
1.378076000000000000e+06
9.506880000000000000e+05
2.669700000000000000e+05
7.834600000000000000e+04
1.429860000000000000e+05
7.288120000000000000e+05
4.979430000000000000e+05
1.478616000000000000e+06
1.510060000000000000e+06
1.756719000000000000e+06
1.085348000000000000e+06
3.027350000000000000e+05
1.710067000000000000e+06
1.588806000000000000e+06
1.945500000000000000e+04
1.511272000000000000e+06
1.264387000000000000e+06
1.739316000000000000e+06
1.799670000000000000e+05
2.753350000000000000e+05
1.087874000000000000e+06
9.206390000000000000e+05
6.143690000000000000e+05
1.837203000000000000e+06
1.188056000000000000e+06
1.131017000000000000e+06
1.777683000000000000e+06
5.993500000000000000e+05
1.995400000000000000e+04
1.140800000000000000e+04
5.495360000000000000e+05
1.300919000000000000e+06
1.074797000000000000e+06
9.310200000000000000e+05
3.158240000000000000e+05
1.574674000000000000e+06
1.735782000000000000e+06
1.037914000000000000e+06
6.829700000000000000e+04
1.705978000000000000e+06
5.498850000000000000e+05
