1.010689000000000000e+06
1.123268000000000000e+06
2.651730000000000000e+05
1.127516000000000000e+06
1.015295000000000000e+06
1.013422000000000000e+06
1.017360000000000000e+06
1.319981000000000000e+06
1.118560000000000000e+06
1.178370000000000000e+06
9.773850000000000000e+05
1.741504000000000000e+06
1.120950000000000000e+06
9.920140000000000000e+05
1.127930000000000000e+06
1.021886000000000000e+06
1.123844000000000000e+06
1.118533000000000000e+06
2.607630000000000000e+05
1.751086000000000000e+06
1.605466000000000000e+06
1.114552000000000000e+06
1.004749000000000000e+06
1.025318000000000000e+06
1.018487000000000000e+06
1.120529000000000000e+06
1.023957000000000000e+06
1.125663000000000000e+06
1.123471000000000000e+06
1.263873000000000000e+06
1.125051000000000000e+06
1.453205000000000000e+06
9.941090000000000000e+05
1.007202000000000000e+06
1.027582000000000000e+06
2.660020000000000000e+05
2.612330000000000000e+05
5.512310000000000000e+05
1.085048000000000000e+06
1.165364000000000000e+06
1.011292000000000000e+06
2.684740000000000000e+05
1.050682000000000000e+06
2.837710000000000000e+05
1.122788000000000000e+06
9.394790000000000000e+05
2.307480000000000000e+05
2.578110000000000000e+05
1.165628000000000000e+06
9.957610000000000000e+05
1.176455000000000000e+06
1.381829000000000000e+06
1.317312000000000000e+06
1.028202000000000000e+06
1.060180000000000000e+06
1.073983000000000000e+06
1.030092000000000000e+06
1.645259000000000000e+06
1.136009000000000000e+06
1.028496000000000000e+06
9.738640000000000000e+05
1.108714000000000000e+06
1.766172000000000000e+06
1.178045000000000000e+06
7.273790000000000000e+05
1.324353000000000000e+06
1.075581000000000000e+06
1.259854000000000000e+06
1.621794000000000000e+06
1.096848000000000000e+06
1.437939000000000000e+06
7.277160000000000000e+05
1.025328000000000000e+06
1.164125000000000000e+06
2.317600000000000000e+05
1.131198000000000000e+06
9.773740000000000000e+05
1.094204000000000000e+06
1.118415000000000000e+06
1.284040000000000000e+06
1.137473000000000000e+06
1.537624000000000000e+06
2.675070000000000000e+05
1.021909000000000000e+06
1.817711000000000000e+06
1.029726000000000000e+06
1.592595000000000000e+06
9.220560000000000000e+05
1.116281000000000000e+06
1.030960000000000000e+06
1.202630000000000000e+06
1.114739000000000000e+06
1.470107000000000000e+06
2.109630000000000000e+05
2.800580000000000000e+05
1.195056000000000000e+06
1.004013000000000000e+06
1.694455000000000000e+06
1.703932000000000000e+06
2.645160000000000000e+05
1.182548000000000000e+06
1.015922000000000000e+06
2.538710000000000000e+05
1.655234000000000000e+06
9.939830000000000000e+05
1.116245000000000000e+06
1.136459000000000000e+06
1.024514000000000000e+06
6.336380000000000000e+05
1.126234000000000000e+06
1.765879000000000000e+06
1.057950000000000000e+06
1.688372000000000000e+06
7.551870000000000000e+05
1.114788000000000000e+06
1.261764000000000000e+06
2.935860000000000000e+05
9.644010000000000000e+05
9.314620000000000000e+05
9.313770000000000000e+05
1.022347000000000000e+06
2.514820000000000000e+05
1.307136000000000000e+06
1.426980000000000000e+06
1.635648000000000000e+06
1.317034000000000000e+06
1.108281000000000000e+06
1.030701000000000000e+06
1.137764000000000000e+06
8.919380000000000000e+05
7.081010000000000000e+05
1.084180000000000000e+06
1.089606000000000000e+06
1.222850000000000000e+06
2.452500000000000000e+05
1.333837000000000000e+06
7.376040000000000000e+05
1.438784000000000000e+06
1.218372000000000000e+06
9.329170000000000000e+05
2.720020000000000000e+05
1.523080000000000000e+06
9.210070000000000000e+05
1.085003000000000000e+06
1.338241000000000000e+06
1.103880000000000000e+05
1.057690000000000000e+06
8.957300000000000000e+04
8.953440000000000000e+05
1.061217000000000000e+06
5.575430000000000000e+05
1.320920000000000000e+06
1.693765000000000000e+06
1.444077000000000000e+06
1.739822000000000000e+06
1.122457000000000000e+06
1.710142000000000000e+06
9.820010000000000000e+05
7.088710000000000000e+05
9.557670000000000000e+05
1.704472000000000000e+06
1.221508000000000000e+06
1.089218000000000000e+06
1.629742000000000000e+06
1.103177000000000000e+06
9.533610000000000000e+05
1.320824000000000000e+06
9.175660000000000000e+05
9.359850000000000000e+05
1.112151000000000000e+06
1.652838000000000000e+06
1.516596000000000000e+06
4.703400000000000000e+05
1.008106000000000000e+06
1.126755000000000000e+06
5.903230000000000000e+05
1.027195000000000000e+06
1.602502000000000000e+06
5.733540000000000000e+05
8.904060000000000000e+05
7.055590000000000000e+05
5.286070000000000000e+05
1.061208000000000000e+06
1.453660000000000000e+06
1.646101000000000000e+06
1.352435000000000000e+06
1.450809000000000000e+06
3.894920000000000000e+05
1.319025000000000000e+06
6.957720000000000000e+05
1.180173000000000000e+06
1.547157000000000000e+06
1.184519000000000000e+06
7.167790000000000000e+05
1.242683000000000000e+06
7.128310000000000000e+05
7.306830000000000000e+05
2.595080000000000000e+05
1.764502000000000000e+06
1.069967000000000000e+06
2.781860000000000000e+05
8.760960000000000000e+05
1.247533000000000000e+06
1.026360000000000000e+06
1.320023000000000000e+06
1.817826000000000000e+06
1.140399000000000000e+06
9.039500000000000000e+05
1.320164000000000000e+06
9.193990000000000000e+05
1.736183000000000000e+06
6.542440000000000000e+05
1.605413000000000000e+06
1.028751000000000000e+06
2.723590000000000000e+05
2.692160000000000000e+05
9.374540000000000000e+05
1.132001000000000000e+06
7.977250000000000000e+05
8.329700000000000000e+05
2.308200000000000000e+05
1.685682000000000000e+06
1.733920000000000000e+06
7.243110000000000000e+05
1.322171000000000000e+06
7.286450000000000000e+05
9.469890000000000000e+05
1.716662000000000000e+06
2.866440000000000000e+05
1.124321000000000000e+06
1.072837000000000000e+06
7.273030000000000000e+05
1.137435000000000000e+06
5.867280000000000000e+05
2.664280000000000000e+05
1.121418000000000000e+06
2.719700000000000000e+05
1.690080000000000000e+06
2.690010000000000000e+05
1.123905000000000000e+06
1.094211000000000000e+06
1.067787000000000000e+06
1.619757000000000000e+06
1.348539000000000000e+06
7.281540000000000000e+05
1.199455000000000000e+06
5.514430000000000000e+05
7.048090000000000000e+05
1.989230000000000000e+05
1.232105000000000000e+06
7.260410000000000000e+05
1.633202000000000000e+06
1.333331000000000000e+06
4.687480000000000000e+05
1.472189000000000000e+06
1.432729000000000000e+06
7.663230000000000000e+05
1.644323000000000000e+06
9.018420000000000000e+05
1.054677000000000000e+06
1.676152000000000000e+06
1.772806000000000000e+06
1.039780000000000000e+06
1.324040000000000000e+06
1.057989000000000000e+06
1.773799000000000000e+06
2.965070000000000000e+05
1.806756000000000000e+06
1.071577000000000000e+06
1.330499000000000000e+06
1.454050000000000000e+06
1.357430000000000000e+06
9.863810000000000000e+05
5.312130000000000000e+05
1.685150000000000000e+06
1.088304000000000000e+06
5.523610000000000000e+05
1.000305000000000000e+06
2.645820000000000000e+05
9.558140000000000000e+05
2.865700000000000000e+05
1.133619000000000000e+06
1.217612000000000000e+06
1.017089000000000000e+06
1.324504000000000000e+06
1.175396000000000000e+06
1.703949000000000000e+06
1.156144000000000000e+06
1.382204000000000000e+06
9.373400000000000000e+05
1.082445000000000000e+06
1.676652000000000000e+06
1.165872000000000000e+06
1.320560000000000000e+06
1.383803000000000000e+06
1.645887000000000000e+06
1.450276000000000000e+06
3.619540000000000000e+05
1.478883000000000000e+06
1.074233000000000000e+06
2.214970000000000000e+05
1.192006000000000000e+06
1.817242000000000000e+06
1.712339000000000000e+06
1.125016000000000000e+06
1.055313000000000000e+06
1.096227000000000000e+06
1.834929000000000000e+06
3.997700000000000000e+05
1.564461000000000000e+06
1.492221000000000000e+06
5.863560000000000000e+05
1.401742000000000000e+06
1.606420000000000000e+06
6.131210000000000000e+05
6.440250000000000000e+05
5.948970000000000000e+05
2.341540000000000000e+05
1.832992000000000000e+06
1.059388000000000000e+06
1.706256000000000000e+06
1.514115000000000000e+06
1.084100000000000000e+06
1.602936000000000000e+06
1.172431000000000000e+06
5.673260000000000000e+05
2.781910000000000000e+05
1.630059000000000000e+06
4.621440000000000000e+05
8.715000000000000000e+04
1.024396000000000000e+06
1.110667000000000000e+06
1.323493000000000000e+06
5.636060000000000000e+05
1.068276000000000000e+06
1.742707000000000000e+06
5.579740000000000000e+05
1.618192000000000000e+06
3.467900000000000000e+04
2.798350000000000000e+05
1.250739000000000000e+06
1.162703000000000000e+06
7.069950000000000000e+05
1.379999000000000000e+06
1.126963000000000000e+06
1.055805000000000000e+06
6.967770000000000000e+05
1.455261000000000000e+06
1.096885000000000000e+06
1.677266000000000000e+06
1.134894000000000000e+06
1.094460000000000000e+06
1.239747000000000000e+06
1.664024000000000000e+06
1.082090000000000000e+06
1.714100000000000000e+04
9.378220000000000000e+05
1.320150000000000000e+06
3.878370000000000000e+05
5.622580000000000000e+05
1.432726000000000000e+06
1.608680000000000000e+06
1.727540000000000000e+06
9.266230000000000000e+05
1.433237000000000000e+06
1.600903000000000000e+06
1.268513000000000000e+06
2.657730000000000000e+05
3.213320000000000000e+05
5.897690000000000000e+05
4.886060000000000000e+05
1.738415000000000000e+06
1.677100000000000000e+04
1.596055000000000000e+06
3.829170000000000000e+05
1.055203000000000000e+06
1.226327000000000000e+06
7.313540000000000000e+05
2.056150000000000000e+05
2.836300000000000000e+04
1.058937000000000000e+06
7.231110000000000000e+05
1.160442000000000000e+06
1.323867000000000000e+06
1.167459000000000000e+06
1.541910000000000000e+05
9.247050000000000000e+05
7.232080000000000000e+05
7.075830000000000000e+05
1.541486000000000000e+06
1.529303000000000000e+06
1.088324000000000000e+06
1.222250000000000000e+05
1.466095000000000000e+06
2.585460000000000000e+05
3.650100000000000000e+04
5.305650000000000000e+05
1.466922000000000000e+06
1.249788000000000000e+06
1.538501000000000000e+06
1.321152000000000000e+06
1.660681000000000000e+06
1.803071000000000000e+06
1.218660000000000000e+05
5.603290000000000000e+05
1.650680000000000000e+06
1.386291000000000000e+06
9.952250000000000000e+05
1.163668000000000000e+06
1.451053000000000000e+06
1.192680000000000000e+05
1.247992000000000000e+06
1.157775000000000000e+06
1.439146000000000000e+06
7.155480000000000000e+05
1.330086000000000000e+06
1.570070000000000000e+05
1.625260000000000000e+05
6.133170000000000000e+05
1.177038000000000000e+06
1.744238000000000000e+06
1.619801000000000000e+06
1.205671000000000000e+06
1.223431000000000000e+06
1.496850000000000000e+06
1.699648000000000000e+06
1.604022000000000000e+06
1.445984000000000000e+06
1.817890000000000000e+06
1.219132000000000000e+06
1.059101000000000000e+06
9.179900000000000000e+05
1.107117000000000000e+06
1.078930000000000000e+06
1.436069000000000000e+06
1.330213000000000000e+06
1.548246000000000000e+06
4.702190000000000000e+05
1.801972000000000000e+06
1.681999000000000000e+06
1.263460000000000000e+05
7.295320000000000000e+05
1.445955000000000000e+06
1.645132000000000000e+06
1.449045000000000000e+06
1.791236000000000000e+06
3.806980000000000000e+05
1.768972000000000000e+06
5.952470000000000000e+05
1.122185000000000000e+06
5.555460000000000000e+05
1.019132000000000000e+06
1.689010000000000000e+06
1.207891000000000000e+06
3.175050000000000000e+05
5.021520000000000000e+05
5.719510000000000000e+05
1.493790000000000000e+05
6.963000000000000000e+04
5.836700000000000000e+05
1.166226000000000000e+06
1.544658000000000000e+06
1.219010000000000000e+05
1.437734000000000000e+06
1.231001000000000000e+06
1.251807000000000000e+06
7.071920000000000000e+05
2.631670000000000000e+05
5.294910000000000000e+05
4.950940000000000000e+05
1.161388000000000000e+06
6.965940000000000000e+05
4.553250000000000000e+05
1.079306000000000000e+06
1.774413000000000000e+06
4.477390000000000000e+05
2.909940000000000000e+05
6.594650000000000000e+05
1.498120000000000000e+05
1.687644000000000000e+06
1.728615000000000000e+06
1.225668000000000000e+06
6.374100000000000000e+05
1.302433000000000000e+06
6.555920000000000000e+05
1.262602000000000000e+06
3.387410000000000000e+05
1.028107000000000000e+06
1.812677000000000000e+06
1.055706000000000000e+06
1.217699000000000000e+06
1.319771000000000000e+06
1.641048000000000000e+06
5.722550000000000000e+05
1.476244000000000000e+06
1.074178000000000000e+06
1.645797000000000000e+06
1.450132000000000000e+06
5.052810000000000000e+05
1.273782000000000000e+06
1.221726000000000000e+06
1.466792000000000000e+06
1.212034000000000000e+06
6.127540000000000000e+05
3.184130000000000000e+05
1.298414000000000000e+06
1.832401000000000000e+06
2.409510000000000000e+05
1.121681000000000000e+06
1.640852000000000000e+06
1.498279000000000000e+06
1.047285000000000000e+06
1.140661000000000000e+06
5.512510000000000000e+05
8.818870000000000000e+05
3.270940000000000000e+05
1.085030000000000000e+06
5.409330000000000000e+05
5.240260000000000000e+05
5.520540000000000000e+05
7.049480000000000000e+05
5.140070000000000000e+05
2.684140000000000000e+05
1.115843000000000000e+06
2.622070000000000000e+05
1.443127000000000000e+06
2.315250000000000000e+05
1.171691000000000000e+06
1.439007000000000000e+06
4.675300000000000000e+05
1.342447000000000000e+06
3.188530000000000000e+05
1.124780000000000000e+06
1.313333000000000000e+06
1.077793000000000000e+06
9.239420000000000000e+05
1.066231000000000000e+06
2.933950000000000000e+05
1.003467000000000000e+06
1.124865000000000000e+06
7.245040000000000000e+05
1.364700000000000000e+06
1.274453000000000000e+06
1.789196000000000000e+06
5.632030000000000000e+05
1.025814000000000000e+06
1.223584000000000000e+06
4.948970000000000000e+05
1.700007000000000000e+06
5.993620000000000000e+05
1.643009000000000000e+06
6.365490000000000000e+05
3.141020000000000000e+05
2.899770000000000000e+05
1.242308000000000000e+06
1.572284000000000000e+06
5.844530000000000000e+05
1.146325000000000000e+06
1.385983000000000000e+06
1.281009000000000000e+06
9.010740000000000000e+05
9.530550000000000000e+05
9.820880000000000000e+05
6.999240000000000000e+05
5.664960000000000000e+05
7.657890000000000000e+05
1.355146000000000000e+06
9.514660000000000000e+05
9.501230000000000000e+05
1.704485000000000000e+06
9.250210000000000000e+05
5.905740000000000000e+05
1.025066000000000000e+06
1.396684000000000000e+06
3.903420000000000000e+05
1.091606000000000000e+06
2.572980000000000000e+05
1.337525000000000000e+06
2.854480000000000000e+05
1.602983000000000000e+06
1.229195000000000000e+06
1.434675000000000000e+06
6.658770000000000000e+05
2.646840000000000000e+05
1.053752000000000000e+06
1.596043000000000000e+06
8.911400000000000000e+04
1.356189000000000000e+06
1.625101000000000000e+06
4.534580000000000000e+05
1.873690000000000000e+05
2.678870000000000000e+05
1.218100000000000000e+06
1.027799000000000000e+06
1.066725000000000000e+06
4.272130000000000000e+05
1.393905000000000000e+06
1.531238000000000000e+06
1.852138000000000000e+06
1.059862000000000000e+06
5.517710000000000000e+05
1.701742000000000000e+06
1.709859000000000000e+06
1.632732000000000000e+06
4.602060000000000000e+05
1.226042000000000000e+06
1.225637000000000000e+06
1.140340000000000000e+06
1.017335000000000000e+06
4.278960000000000000e+05
1.674640000000000000e+05
1.098380000000000000e+06
1.706657000000000000e+06
1.115577000000000000e+06
6.681590000000000000e+05
7.391700000000000000e+04
1.043196000000000000e+06
1.130468000000000000e+06
1.479408000000000000e+06
3.741900000000000000e+04
8.994420000000000000e+05
9.222440000000000000e+05
2.567060000000000000e+05
5.297410000000000000e+05
6.526980000000000000e+05
6.724250000000000000e+05
2.837400000000000000e+04
1.131046000000000000e+06
6.127870000000000000e+05
8.178450000000000000e+05
8.523020000000000000e+05
6.328650000000000000e+05
1.083740000000000000e+06
9.337070000000000000e+05
7.780000000000000000e+02
1.491590000000000000e+05
1.673984000000000000e+06
1.228356000000000000e+06
1.073289000000000000e+06
1.479095000000000000e+06
1.124652000000000000e+06
1.124313000000000000e+06
1.705799000000000000e+06
1.025161000000000000e+06
1.375370000000000000e+06
1.082838000000000000e+06
1.772105000000000000e+06
5.630480000000000000e+05
4.375900000000000000e+04
2.541920000000000000e+05
1.218038000000000000e+06
6.888220000000000000e+05
7.673200000000000000e+04
6.909270000000000000e+05
1.311854000000000000e+06
2.317230000000000000e+05
1.063165000000000000e+06
1.749190000000000000e+06
1.269254000000000000e+06
1.225381000000000000e+06
2.233240000000000000e+05
9.566580000000000000e+05
1.347007000000000000e+06
5.309570000000000000e+05
3.456500000000000000e+04
1.718855000000000000e+06
1.099734000000000000e+06
1.112156000000000000e+06
1.331761000000000000e+06
1.166746000000000000e+06
1.830291000000000000e+06
1.275735000000000000e+06
1.624905000000000000e+06
5.592540000000000000e+05
1.789369000000000000e+06
1.460759000000000000e+06
1.378516000000000000e+06
1.971700000000000000e+05
1.462389000000000000e+06
1.381803000000000000e+06
1.195384000000000000e+06
2.057940000000000000e+05
1.701080000000000000e+05
1.468100000000000000e+06
8.985810000000000000e+05
1.692492000000000000e+06
1.667341000000000000e+06
9.418550000000000000e+05
1.800598000000000000e+06
7.335170000000000000e+05
1.476989000000000000e+06
9.285500000000000000e+05
1.212503000000000000e+06
1.762902000000000000e+06
1.682502000000000000e+06
3.277140000000000000e+05
1.261019000000000000e+06
1.247523000000000000e+06
7.055470000000000000e+05
1.603335000000000000e+06
7.246010000000000000e+05
1.159952000000000000e+06
1.758160000000000000e+06
4.662070000000000000e+05
3.015880000000000000e+05
1.369438000000000000e+06
9.197990000000000000e+05
7.031020000000000000e+05
1.331016000000000000e+06
1.436207000000000000e+06
1.324441000000000000e+06
5.746050000000000000e+05
1.687594000000000000e+06
1.521734000000000000e+06
5.509840000000000000e+05
7.210680000000000000e+05
1.984740000000000000e+05
1.389881000000000000e+06
1.209936000000000000e+06
1.547666000000000000e+06
7.692270000000000000e+05
1.336901000000000000e+06
3.228290000000000000e+05
1.538087000000000000e+06
7.176470000000000000e+05
7.090230000000000000e+05
1.696267000000000000e+06
1.817833000000000000e+06
1.439221000000000000e+06
1.374966000000000000e+06
1.130891000000000000e+06
2.801050000000000000e+05
1.707770000000000000e+06
9.334850000000000000e+05
1.063549000000000000e+06
1.677589000000000000e+06
1.155487000000000000e+06
1.842864000000000000e+06
6.323860000000000000e+05
6.140600000000000000e+05
1.633708000000000000e+06
5.797400000000000000e+04
1.433789000000000000e+06
5.017190000000000000e+05
4.522360000000000000e+05
7.113730000000000000e+05
1.539549000000000000e+06
1.131729000000000000e+06
1.538734000000000000e+06
1.576102000000000000e+06
1.277807000000000000e+06
1.318530000000000000e+06
5.306680000000000000e+05
3.911410000000000000e+05
5.775100000000000000e+04
1.319009000000000000e+06
7.364300000000000000e+04
2.963070000000000000e+05
1.241769000000000000e+06
4.189740000000000000e+05
1.219653000000000000e+06
2.274040000000000000e+05
2.855430000000000000e+05
1.082746000000000000e+06
9.309330000000000000e+05
9.341850000000000000e+05
1.531297000000000000e+06
7.117690000000000000e+05
1.246521000000000000e+06
9.408170000000000000e+05
1.111649000000000000e+06
6.926970000000000000e+05
1.706841000000000000e+06
1.584091000000000000e+06
1.028971000000000000e+06
1.493674000000000000e+06
1.382374000000000000e+06
1.320300000000000000e+04
9.312180000000000000e+05
1.225497000000000000e+06
1.710968000000000000e+06
9.311220000000000000e+05
1.026600000000000000e+06
1.279788000000000000e+06
1.026273000000000000e+06
1.365109000000000000e+06
6.443200000000000000e+05
8.979600000000000000e+04
1.450721000000000000e+06
1.060724000000000000e+06
1.938660000000000000e+05
1.590170000000000000e+05
1.480078000000000000e+06
2.609740000000000000e+05
1.620311000000000000e+06
9.466630000000000000e+05
1.753250000000000000e+06
2.393160000000000000e+05
1.337185000000000000e+06
1.565494000000000000e+06
1.359241000000000000e+06
1.231147000000000000e+06
1.382408000000000000e+06
1.533496000000000000e+06
6.371480000000000000e+05
1.602847000000000000e+06
3.595800000000000000e+04
1.152239000000000000e+06
7.042780000000000000e+05
8.822250000000000000e+05
5.638600000000000000e+05
1.249703000000000000e+06
1.625923000000000000e+06
1.591561000000000000e+06
1.325056000000000000e+06
5.453000000000000000e+05
1.433764000000000000e+06
1.299683000000000000e+06
1.026890000000000000e+06
1.078839000000000000e+06
1.574704000000000000e+06
1.786570000000000000e+05
2.489260000000000000e+05
1.044120000000000000e+06
9.533920000000000000e+05
1.756212000000000000e+06
3.115360000000000000e+05
5.053550000000000000e+05
7.183910000000000000e+05
9.629730000000000000e+05
1.268478000000000000e+06
1.214306000000000000e+06
1.351993000000000000e+06
1.178229000000000000e+06
2.308300000000000000e+05
1.776323000000000000e+06
1.531908000000000000e+06
1.728639000000000000e+06
2.855360000000000000e+05
1.310400000000000000e+04
1.433805000000000000e+06
1.872110000000000000e+05
9.224320000000000000e+05
1.545466000000000000e+06
1.517992000000000000e+06
1.565523000000000000e+06
9.310500000000000000e+05
1.312150000000000000e+05
5.558070000000000000e+05
1.043846000000000000e+06
5.614570000000000000e+05
9.310200000000000000e+05
1.492130000000000000e+06
1.203502000000000000e+06
1.837514000000000000e+06
1.402981000000000000e+06
1.555938000000000000e+06
4.844560000000000000e+05
5.131980000000000000e+05
1.088460000000000000e+06
1.199402000000000000e+06
1.643849000000000000e+06
1.096185000000000000e+06
2.528200000000000000e+05
1.049156000000000000e+06
6.368180000000000000e+05
1.202058000000000000e+06
3.160480000000000000e+05
1.768085000000000000e+06
1.165053000000000000e+06
3.880960000000000000e+05
1.440859000000000000e+06
7.304060000000000000e+05
3.450750000000000000e+05
