9.394790000000000000e+05
1.010035000000000000e+06
1.128739000000000000e+06
1.659243000000000000e+06
1.058381000000000000e+06
5.245820000000000000e+05
1.178370000000000000e+06
5.858090000000000000e+05
1.273033000000000000e+06
1.123268000000000000e+06
1.123712000000000000e+06
5.870430000000000000e+05
4.128510000000000000e+05
1.283218000000000000e+06
2.011900000000000000e+04
1.706374000000000000e+06
1.218929000000000000e+06
1.228768000000000000e+06
1.281040000000000000e+05
1.120950000000000000e+06
1.837661000000000000e+06
1.421454000000000000e+06
1.318126000000000000e+06
3.242660000000000000e+05
5.520520000000000000e+05
1.928360000000000000e+05
7.076720000000000000e+05
1.228519000000000000e+06
1.639610000000000000e+06
2.650080000000000000e+05
4.083040000000000000e+05
1.082209000000000000e+06
1.853930000000000000e+06
1.666389000000000000e+06
1.276644000000000000e+06
1.220825000000000000e+06
1.124592000000000000e+06
6.937850000000000000e+05
1.227743000000000000e+06
9.159460000000000000e+05
4.672800000000000000e+04
1.029726000000000000e+06
1.572413000000000000e+06
3.143070000000000000e+05
1.565978000000000000e+06
1.180106000000000000e+06
1.496190000000000000e+06
1.711240000000000000e+05
5.137400000000000000e+05
1.298414000000000000e+06
5.824900000000000000e+05
5.955200000000000000e+04
1.245246000000000000e+06
3.758060000000000000e+05
5.615400000000000000e+04
1.514115000000000000e+06
5.310750000000000000e+05
5.514400000000000000e+05
3.144480000000000000e+05
1.283823000000000000e+06
1.798393000000000000e+06
1.575708000000000000e+06
1.554880000000000000e+06
7.684870000000000000e+05
1.281416000000000000e+06
1.493194000000000000e+06
2.156600000000000000e+04
1.391119000000000000e+06
3.265630000000000000e+05
1.085529000000000000e+06
1.464150000000000000e+06
1.526469000000000000e+06
1.775761000000000000e+06
1.662690000000000000e+05
1.776832000000000000e+06
1.662080000000000000e+05
1.306260000000000000e+06
1.814554000000000000e+06
5.905880000000000000e+05
1.648244000000000000e+06
1.493080000000000000e+05
1.047285000000000000e+06
1.062679000000000000e+06
3.222790000000000000e+05
1.240408000000000000e+06
1.239637000000000000e+06
1.266014000000000000e+06
9.424000000000000000e+05
1.729848000000000000e+06
9.333630000000000000e+05
5.558960000000000000e+05
5.994100000000000000e+05
1.476244000000000000e+06
1.538600000000000000e+05
2.240720000000000000e+05
2.496280000000000000e+05
1.434278000000000000e+06
7.129400000000000000e+05
3.542920000000000000e+05
1.655965000000000000e+06
5.517300000000000000e+05
1.760139000000000000e+06
1.436390000000000000e+05
1.548083000000000000e+06
1.454963000000000000e+06
1.355900000000000000e+04
9.272700000000000000e+04
8.747320000000000000e+05
3.917400000000000000e+05
1.359420000000000000e+05
1.660054000000000000e+06
9.270420000000000000e+05
7.347700000000000000e+05
1.706404000000000000e+06
1.480273000000000000e+06
1.219155000000000000e+06
1.064687000000000000e+06
1.114318000000000000e+06
5.932610000000000000e+05
1.713978000000000000e+06
1.075581000000000000e+06
1.455397000000000000e+06
1.855710000000000000e+06
1.496991000000000000e+06
1.072837000000000000e+06
1.660680000000000000e+05
5.074600000000000000e+04
1.856303000000000000e+06
1.630243000000000000e+06
1.584913000000000000e+06
5.698490000000000000e+05
1.766164000000000000e+06
1.461108000000000000e+06
1.323528000000000000e+06
9.039500000000000000e+05
7.078500000000000000e+05
1.667867000000000000e+06
3.287790000000000000e+05
1.260030000000000000e+05
9.220560000000000000e+05
3.113580000000000000e+05
1.833712000000000000e+06
1.357962000000000000e+06
1.383122000000000000e+06
1.694536000000000000e+06
2.470900000000000000e+04
1.383649000000000000e+06
2.988640000000000000e+05
1.372045000000000000e+06
5.764400000000000000e+05
1.096080000000000000e+05
1.516858000000000000e+06
1.378417000000000000e+06
1.830542000000000000e+06
5.862310000000000000e+05
3.039660000000000000e+05
5.152010000000000000e+05
1.338241000000000000e+06
1.033640000000000000e+06
1.367297000000000000e+06
8.794330000000000000e+05
6.143290000000000000e+05
1.260366000000000000e+06
1.026809000000000000e+06
5.355430000000000000e+05
1.624077000000000000e+06
2.476700000000000000e+04
1.345341000000000000e+06
3.015370000000000000e+05
1.058780000000000000e+06
5.247110000000000000e+05
3.432790000000000000e+05
4.820460000000000000e+05
1.224160000000000000e+06
5.528980000000000000e+05
5.648300000000000000e+05
1.190840000000000000e+05
1.294816000000000000e+06
1.230323000000000000e+06
4.746300000000000000e+04
5.791820000000000000e+05
1.666586000000000000e+06
4.065490000000000000e+05
1.464609000000000000e+06
1.581620000000000000e+05
1.265166000000000000e+06
4.932690000000000000e+05
1.845185000000000000e+06
2.812740000000000000e+05
3.764000000000000000e+04
1.838987000000000000e+06
1.337683000000000000e+06
