1.010689000000000000e+06
1.123139000000000000e+06
2.660160000000000000e+05
1.122100000000000000e+06
1.015295000000000000e+06
1.013746000000000000e+06
1.740148000000000000e+06
1.178295000000000000e+06
1.017986000000000000e+06
1.319953000000000000e+06
1.121529000000000000e+06
1.124733000000000000e+06
9.920140000000000000e+05
1.022325000000000000e+06
1.605466000000000000e+06
1.027582000000000000e+06
1.004749000000000000e+06
1.025318000000000000e+06
1.114552000000000000e+06
1.751086000000000000e+06
1.263367000000000000e+06
9.941090000000000000e+05
1.123520000000000000e+06
1.125051000000000000e+06
1.166813000000000000e+06
1.018487000000000000e+06
1.123844000000000000e+06
1.127930000000000000e+06
9.773850000000000000e+05
1.453205000000000000e+06
1.023844000000000000e+06
1.007046000000000000e+06
1.120529000000000000e+06
2.662170000000000000e+05
5.514370000000000000e+05
1.011441000000000000e+06
1.195026000000000000e+06
1.125663000000000000e+06
9.957610000000000000e+05
2.684740000000000000e+05
1.028496000000000000e+06
1.381829000000000000e+06
2.612330000000000000e+05
1.645259000000000000e+06
1.315987000000000000e+06
1.043758000000000000e+06
6.323000000000000000e+05
9.939830000000000000e+05
1.096848000000000000e+06
2.607630000000000000e+05
1.015859000000000000e+06
9.394790000000000000e+05
1.122185000000000000e+06
1.114739000000000000e+06
2.837710000000000000e+05
2.308550000000000000e+05
1.030701000000000000e+06
1.114788000000000000e+06
1.088304000000000000e+06
1.108714000000000000e+06
1.028202000000000000e+06
1.131198000000000000e+06
1.001519000000000000e+06
1.739767000000000000e+06
1.054780000000000000e+06
1.180632000000000000e+06
8.730300000000000000e+04
2.452500000000000000e+05
1.438784000000000000e+06
1.085048000000000000e+06
1.192006000000000000e+06
1.259854000000000000e+06
1.026701000000000000e+06
1.178045000000000000e+06
1.122457000000000000e+06
1.115869000000000000e+06
8.919380000000000000e+05
1.333331000000000000e+06
1.015922000000000000e+06
1.177003000000000000e+06
6.963000000000000000e+04
1.075581000000000000e+06
1.126234000000000000e+06
6.546880000000000000e+05
2.315670000000000000e+05
1.025328000000000000e+06
1.028873000000000000e+06
2.933800000000000000e+05
1.161477000000000000e+06
2.684120000000000000e+05
1.605396000000000000e+06
1.766172000000000000e+06
9.998270000000000000e+05
1.023348000000000000e+06
1.136514000000000000e+06
1.742133000000000000e+06
1.373989000000000000e+06
1.082746000000000000e+06
1.100544000000000000e+06
1.074205000000000000e+06
1.604022000000000000e+06
6.127540000000000000e+05
5.792060000000000000e+05
2.307480000000000000e+05
1.694455000000000000e+06
2.479020000000000000e+05
9.254990000000000000e+05
1.426980000000000000e+06
1.137773000000000000e+06
2.645160000000000000e+05
2.800580000000000000e+05
1.110667000000000000e+06
1.741892000000000000e+06
1.262981000000000000e+06
8.904060000000000000e+05
9.247050000000000000e+05
9.329170000000000000e+05
9.313770000000000000e+05
2.723590000000000000e+05
1.058937000000000000e+06
1.025161000000000000e+06
2.720020000000000000e+05
1.030960000000000000e+06
1.084180000000000000e+06
1.130468000000000000e+06
1.123905000000000000e+06
1.198215000000000000e+06
4.621440000000000000e+05
1.170173000000000000e+06
1.082776000000000000e+06
1.118415000000000000e+06
1.107117000000000000e+06
1.094460000000000000e+06
1.054949000000000000e+06
7.277160000000000000e+05
6.140600000000000000e+05
9.260000000000000000e+05
1.284040000000000000e+06
1.736183000000000000e+06
1.685150000000000000e+06
1.026296000000000000e+06
1.330501000000000000e+06
9.251190000000000000e+05
1.055805000000000000e+06
5.021520000000000000e+05
1.112151000000000000e+06
2.781910000000000000e+05
1.655433000000000000e+06
2.692160000000000000e+05
1.055305000000000000e+06
7.249330000000000000e+05
1.004013000000000000e+06
1.693765000000000000e+06
1.649236000000000000e+06
1.131628000000000000e+06
1.124321000000000000e+06
1.025066000000000000e+06
9.356350000000000000e+05
1.083668000000000000e+06
3.467900000000000000e+04
8.957300000000000000e+04
1.131146000000000000e+06
4.702190000000000000e+05
5.306680000000000000e+05
1.136881000000000000e+06
9.317280000000000000e+05
1.137473000000000000e+06
1.382204000000000000e+06
1.438294000000000000e+06
9.210070000000000000e+05
1.137435000000000000e+06
1.127153000000000000e+06
1.036680000000000000e+06
1.537624000000000000e+06
6.133170000000000000e+05
2.658210000000000000e+05
9.773740000000000000e+05
9.738640000000000000e+05
6.121370000000000000e+05
1.016018000000000000e+06
1.018658000000000000e+06
1.091776000000000000e+06
1.302433000000000000e+06
7.013250000000000000e+05
1.125195000000000000e+06
1.690080000000000000e+06
7.780000000000000000e+02
1.733920000000000000e+06
1.073913000000000000e+06
1.261764000000000000e+06
1.450276000000000000e+06
2.681970000000000000e+05
1.357430000000000000e+06
1.094200000000000000e+06
1.434403000000000000e+06
1.765879000000000000e+06
9.644010000000000000e+05
1.103178000000000000e+06
1.063165000000000000e+06
2.648640000000000000e+05
1.140399000000000000e+06
1.744238000000000000e+06
1.330436000000000000e+06
9.179900000000000000e+05
1.621626000000000000e+06
2.323930000000000000e+05
1.688372000000000000e+06
1.059388000000000000e+06
1.085003000000000000e+06
9.334850000000000000e+05
1.065094000000000000e+06
1.165872000000000000e+06
1.020902000000000000e+06
9.313690000000000000e+05
2.232740000000000000e+05
1.242683000000000000e+06
1.036346000000000000e+06
1.180592000000000000e+06
2.781860000000000000e+05
1.162855000000000000e+06
2.664280000000000000e+05
9.374470000000000000e+05
1.055203000000000000e+06
1.089218000000000000e+06
9.533920000000000000e+05
1.024514000000000000e+06
1.203502000000000000e+06
4.393260000000000000e+05
5.521170000000000000e+05
1.133619000000000000e+06
1.734837000000000000e+06
2.719700000000000000e+05
3.829170000000000000e+05
2.941800000000000000e+05
1.083171000000000000e+06
9.076840000000000000e+05
1.020660000000000000e+06
1.450809000000000000e+06
1.111754000000000000e+06
1.029726000000000000e+06
2.965070000000000000e+05
1.034249000000000000e+06
8.964070000000000000e+05
1.018277000000000000e+06
9.309330000000000000e+05
9.194230000000000000e+05
1.043196000000000000e+06
9.175660000000000000e+05
5.575430000000000000e+05
7.073960000000000000e+05
1.450721000000000000e+06
1.074728000000000000e+06
7.266740000000000000e+05
9.222440000000000000e+05
1.323493000000000000e+06
2.778200000000000000e+04
8.882740000000000000e+05
1.178048000000000000e+06
1.330086000000000000e+06
1.217050000000000000e+05
1.239747000000000000e+06
7.400500000000000000e+04
1.218454000000000000e+06
5.286070000000000000e+05
9.245170000000000000e+05
2.246560000000000000e+05
1.112099000000000000e+06
1.762744000000000000e+06
1.000988000000000000e+06
1.035831000000000000e+06
4.469970000000000000e+05
1.028661000000000000e+06
6.926970000000000000e+05
1.116281000000000000e+06
1.125825000000000000e+06
9.359850000000000000e+05
9.936040000000000000e+05
2.670850000000000000e+05
1.057950000000000000e+06
2.609740000000000000e+05
1.156155000000000000e+06
1.003660000000000000e+06
1.606082000000000000e+06
9.523970000000000000e+05
1.583270000000000000e+05
1.526234000000000000e+06
2.528200000000000000e+05
1.126963000000000000e+06
2.528480000000000000e+05
1.253735000000000000e+06
1.199455000000000000e+06
1.059862000000000000e+06
1.439224000000000000e+06
9.252810000000000000e+05
5.744540000000000000e+05
1.060180000000000000e+06
8.965100000000000000e+05
1.452543000000000000e+06
6.681590000000000000e+05
1.069967000000000000e+06
5.533270000000000000e+05
8.955330000000000000e+05
1.215609000000000000e+06
1.322171000000000000e+06
1.307110000000000000e+06
1.209704000000000000e+06
1.698330000000000000e+05
2.631670000000000000e+05
7.657890000000000000e+05
7.260410000000000000e+05
1.696652000000000000e+06
6.203750000000000000e+05
1.319726000000000000e+06
1.265569000000000000e+06
1.319267000000000000e+06
1.320560000000000000e+06
5.294910000000000000e+05
1.472858000000000000e+06
2.678870000000000000e+05
6.554360000000000000e+05
1.845822000000000000e+06
1.320305000000000000e+06
1.123592000000000000e+06
1.738415000000000000e+06
1.774413000000000000e+06
1.223431000000000000e+06
1.066664000000000000e+06
4.272130000000000000e+05
1.157775000000000000e+06
5.867280000000000000e+05
7.128310000000000000e+05
6.967770000000000000e+05
2.537730000000000000e+05
1.092399000000000000e+06
1.196547000000000000e+06
1.018473000000000000e+06
1.633614000000000000e+06
1.101966000000000000e+06
6.609750000000000000e+05
1.124924000000000000e+06
5.401920000000000000e+05
1.164130000000000000e+06
1.389881000000000000e+06
8.343990000000000000e+05
7.954140000000000000e+05
8.714240000000000000e+05
2.933950000000000000e+05
1.150203000000000000e+06
1.054677000000000000e+06
2.724100000000000000e+05
1.539799000000000000e+06
1.689010000000000000e+06
5.728720000000000000e+05
1.460557000000000000e+06
6.127870000000000000e+05
5.331420000000000000e+05
7.273790000000000000e+05
1.087860000000000000e+06
7.554480000000000000e+05
1.538501000000000000e+06
1.082838000000000000e+06
8.822250000000000000e+05
1.683065000000000000e+06
2.939040000000000000e+05
9.937930000000000000e+05
6.891260000000000000e+05
1.348539000000000000e+06
1.369438000000000000e+06
1.166226000000000000e+06
5.257100000000000000e+05
1.401742000000000000e+06
4.522360000000000000e+05
3.742310000000000000e+05
9.256510000000000000e+05
1.968700000000000000e+05
1.727770000000000000e+06
9.330540000000000000e+05
1.027925000000000000e+06
1.474012000000000000e+06
1.157837000000000000e+06
4.297200000000000000e+05
1.275735000000000000e+06
9.150370000000000000e+05
8.962710000000000000e+05
1.072837000000000000e+06
1.206853000000000000e+06
2.329410000000000000e+05
7.081010000000000000e+05
1.192680000000000000e+05
1.226327000000000000e+06
5.681880000000000000e+05
1.268240000000000000e+06
1.470107000000000000e+06
1.214204000000000000e+06
1.134426000000000000e+06
8.994420000000000000e+05
1.125016000000000000e+06
1.692158000000000000e+06
1.091606000000000000e+06
5.844530000000000000e+05
1.333837000000000000e+06
1.179858000000000000e+06
6.707860000000000000e+05
1.096885000000000000e+06
1.331016000000000000e+06
5.602550000000000000e+05
1.188509000000000000e+06
9.198130000000000000e+05
7.073680000000000000e+05
1.005649000000000000e+06
1.450132000000000000e+06
1.493790000000000000e+05
1.469571000000000000e+06
5.408160000000000000e+05
1.072034000000000000e+06
1.546456000000000000e+06
1.030445000000000000e+06
1.255755000000000000e+06
6.938670000000000000e+05
5.514430000000000000e+05
1.044120000000000000e+06
1.642585000000000000e+06
1.079144000000000000e+06
5.575470000000000000e+05
1.007082000000000000e+06
7.176630000000000000e+05
1.374973000000000000e+06
1.758288000000000000e+06
1.693969000000000000e+06
1.061208000000000000e+06
1.538734000000000000e+06
2.622070000000000000e+05
9.373400000000000000e+05
1.317054000000000000e+06
1.097440000000000000e+06
1.164062000000000000e+06
4.553250000000000000e+05
1.846137000000000000e+06
1.299381000000000000e+06
1.108840000000000000e+05
7.176470000000000000e+05
2.598530000000000000e+05
9.522390000000000000e+05
1.699648000000000000e+06
1.027799000000000000e+06
9.197990000000000000e+05
1.024149000000000000e+06
1.077785000000000000e+06
8.514910000000000000e+05
7.736520000000000000e+05
8.083370000000000000e+05
6.828700000000000000e+05
1.061217000000000000e+06
1.323404000000000000e+06
1.017491000000000000e+06
1.590170000000000000e+05
8.940130000000000000e+05
7.042780000000000000e+05
1.525681000000000000e+06
1.592595000000000000e+06
1.221508000000000000e+06
9.378230000000000000e+05
6.161540000000000000e+05
1.225381000000000000e+06
9.888120000000000000e+05
5.297410000000000000e+05
1.123358000000000000e+06
1.719465000000000000e+06
6.157420000000000000e+05
1.166622000000000000e+06
7.306830000000000000e+05
1.217612000000000000e+06
1.307695000000000000e+06
1.438695000000000000e+06
1.246521000000000000e+06
1.130891000000000000e+06
1.140937000000000000e+06
1.547666000000000000e+06
9.669070000000000000e+05
1.099137000000000000e+06
1.538852000000000000e+06
5.836700000000000000e+05
6.604900000000000000e+05
1.432729000000000000e+06
2.022390000000000000e+05
1.124891000000000000e+06
1.087615000000000000e+06
6.667270000000000000e+05
1.648765000000000000e+06
1.314196000000000000e+06
7.055290000000000000e+05
1.318289000000000000e+06
1.057989000000000000e+06
1.497428000000000000e+06
1.503002000000000000e+06
1.644445000000000000e+06
1.386296000000000000e+06
2.595080000000000000e+05
7.883000000000000000e+04
1.260928000000000000e+06
7.377150000000000000e+05
6.672030000000000000e+05
1.989230000000000000e+05
2.496150000000000000e+05
1.086045000000000000e+06
1.536773000000000000e+06
1.260641000000000000e+06
1.687326000000000000e+06
5.073300000000000000e+04
1.099070000000000000e+05
1.138533000000000000e+06
1.184519000000000000e+06
1.114271000000000000e+06
1.210202000000000000e+06
1.160377000000000000e+06
5.603290000000000000e+05
2.592350000000000000e+05
1.382852000000000000e+06
1.548246000000000000e+06
4.691940000000000000e+05
1.218372000000000000e+06
1.396684000000000000e+06
1.352944000000000000e+06
7.072000000000000000e+05
7.391000000000000000e+03
1.276332000000000000e+06
1.099419000000000000e+06
2.444850000000000000e+05
7.663480000000000000e+05
4.958470000000000000e+05
9.285500000000000000e+05
5.312130000000000000e+05
9.493360000000000000e+05
1.453814000000000000e+06
6.816000000000000000e+05
6.672110000000000000e+05
1.230894000000000000e+06
7.685380000000000000e+05
6.151530000000000000e+05
2.512240000000000000e+05
1.002187000000000000e+06
1.427753000000000000e+06
1.130735000000000000e+06
1.159758000000000000e+06
1.633197000000000000e+06
1.225034000000000000e+06
6.177550000000000000e+05
7.217140000000000000e+05
1.737906000000000000e+06
1.319009000000000000e+06
6.152690000000000000e+05
1.134894000000000000e+06
1.602924000000000000e+06
1.222850000000000000e+06
5.036280000000000000e+05
1.736484000000000000e+06
6.398700000000000000e+05
1.222459000000000000e+06
2.690010000000000000e+05
1.472189000000000000e+06
9.408170000000000000e+05
2.419330000000000000e+05
6.995140000000000000e+05
2.964590000000000000e+05
9.089320000000000000e+05
1.036217000000000000e+06
1.160764000000000000e+06
8.784780000000000000e+05
4.887610000000000000e+05
7.691560000000000000e+05
2.443190000000000000e+05
1.789196000000000000e+06
2.993150000000000000e+05
8.885160000000000000e+05
5.522090000000000000e+05
7.365810000000000000e+05
1.281996000000000000e+06
1.370152000000000000e+06
1.704233000000000000e+06
1.223661000000000000e+06
5.142070000000000000e+05
1.043639000000000000e+06
1.429629000000000000e+06
1.331761000000000000e+06
6.792130000000000000e+05
7.273690000000000000e+05
1.733212000000000000e+06
2.899770000000000000e+05
9.340540000000000000e+05
1.382260000000000000e+06
4.650790000000000000e+05
1.232105000000000000e+06
1.363301000000000000e+06
1.086039000000000000e+06
1.704566000000000000e+06
5.902370000000000000e+05
1.225637000000000000e+06
1.262714000000000000e+06
1.478200000000000000e+05
1.619801000000000000e+06
1.214306000000000000e+06
1.514115000000000000e+06
1.088324000000000000e+06
1.298414000000000000e+06
5.319920000000000000e+05
1.242068000000000000e+06
1.247533000000000000e+06
6.396170000000000000e+05
1.145321000000000000e+06
1.343876000000000000e+06
1.449373000000000000e+06
1.438012000000000000e+06
1.832992000000000000e+06
1.350137000000000000e+06
6.724250000000000000e+05
1.142580000000000000e+06
7.770680000000000000e+05
8.648030000000000000e+05
8.248910000000000000e+05
1.298810000000000000e+06
6.153090000000000000e+05
1.728615000000000000e+06
1.088460000000000000e+06
1.691530000000000000e+06
1.114777000000000000e+06
4.689490000000000000e+05
2.422100000000000000e+04
4.178010000000000000e+05
7.368190000000000000e+05
1.600103000000000000e+06
1.750901000000000000e+06
1.806756000000000000e+06
1.223745000000000000e+06
9.106720000000000000e+05
1.366152000000000000e+06
1.758280000000000000e+06
6.659000000000000000e+05
1.696709000000000000e+06
1.161657000000000000e+06
1.643849000000000000e+06
1.081639000000000000e+06
1.689209000000000000e+06
1.456884000000000000e+06
1.204680000000000000e+05
6.435740000000000000e+05
1.055706000000000000e+06
1.228356000000000000e+06
1.479408000000000000e+06
5.186420000000000000e+05
7.062110000000000000e+05
2.801050000000000000e+05
5.305050000000000000e+05
1.696267000000000000e+06
9.219750000000000000e+05
1.339262000000000000e+06
1.347007000000000000e+06
1.615275000000000000e+06
1.084674000000000000e+06
1.448675000000000000e+06
1.324507000000000000e+06
1.144747000000000000e+06
1.279383000000000000e+06
4.375900000000000000e+04
7.030330000000000000e+05
7.040870000000000000e+05
5.392350000000000000e+05
4.534580000000000000e+05
1.645887000000000000e+06
1.676358000000000000e+06
4.312610000000000000e+05
5.265460000000000000e+05
1.138018000000000000e+06
6.570140000000000000e+05
1.133773000000000000e+06
1.277876000000000000e+06
7.042100000000000000e+04
1.062577000000000000e+06
1.572460000000000000e+05
1.673867000000000000e+06
6.135160000000000000e+05
8.768130000000000000e+05
1.203593000000000000e+06
1.388006000000000000e+06
1.531908000000000000e+06
2.640120000000000000e+05
1.314703000000000000e+06
2.673090000000000000e+05
7.386580000000000000e+05
1.537522000000000000e+06
1.324040000000000000e+06
1.676575000000000000e+06
1.780634000000000000e+06
5.558070000000000000e+05
1.284811000000000000e+06
7.273030000000000000e+05
2.341690000000000000e+05
9.250210000000000000e+05
1.084763000000000000e+06
5.829840000000000000e+05
1.324441000000000000e+06
6.888220000000000000e+05
9.908150000000000000e+05
4.468510000000000000e+05
1.324353000000000000e+06
5.753810000000000000e+05
1.242308000000000000e+06
9.276620000000000000e+05
1.674643000000000000e+06
6.433850000000000000e+05
1.421909000000000000e+06
1.202245000000000000e+06
1.041931000000000000e+06
2.389540000000000000e+05
1.705740000000000000e+06
1.112094000000000000e+06
4.836550000000000000e+05
1.673250000000000000e+06
1.686179000000000000e+06
6.653890000000000000e+05
5.527130000000000000e+05
1.717548000000000000e+06
7.185130000000000000e+05
1.479238000000000000e+06
1.728364000000000000e+06
1.338241000000000000e+06
9.010740000000000000e+05
1.629708000000000000e+06
1.878700000000000000e+04
1.674077000000000000e+06
1.195165000000000000e+06
1.120628000000000000e+06
1.488070000000000000e+06
1.319025000000000000e+06
1.514047000000000000e+06
3.639660000000000000e+05
9.161610000000000000e+05
6.944190000000000000e+05
1.311863000000000000e+06
1.150744000000000000e+06
2.315250000000000000e+05
1.058423000000000000e+06
1.759465000000000000e+06
1.263460000000000000e+05
1.724490000000000000e+05
1.066761000000000000e+06
4.075060000000000000e+05
1.645797000000000000e+06
1.155976000000000000e+06
1.039780000000000000e+06
1.452682000000000000e+06
1.084934000000000000e+06
2.226320000000000000e+05
8.911400000000000000e+04
4.707190000000000000e+05
5.638600000000000000e+05
1.095503000000000000e+06
2.109630000000000000e+05
4.779050000000000000e+05
1.347433000000000000e+06
3.450750000000000000e+05
1.205735000000000000e+06
1.817826000000000000e+06
1.254163000000000000e+06
1.160097000000000000e+06
1.226042000000000000e+06
2.906800000000000000e+04
1.171691000000000000e+06
1.207621000000000000e+06
1.836670000000000000e+06
1.690132000000000000e+06
9.825380000000000000e+05
1.074898000000000000e+06
1.682502000000000000e+06
1.324253000000000000e+06
8.979600000000000000e+04
6.740260000000000000e+05
2.971640000000000000e+05
6.207200000000000000e+05
6.962830000000000000e+05
9.867220000000000000e+05
9.501230000000000000e+05
1.256303000000000000e+06
1.608360000000000000e+05
1.405174000000000000e+06
1.144259000000000000e+06
7.027600000000000000e+04
6.766890000000000000e+05
1.462389000000000000e+06
1.693619000000000000e+06
9.648570000000000000e+05
1.352435000000000000e+06
1.246798000000000000e+06
1.531105000000000000e+06
7.080180000000000000e+05
1.206142000000000000e+06
1.483261000000000000e+06
1.211356000000000000e+06
1.646101000000000000e+06
1.537615000000000000e+06
1.212503000000000000e+06
1.074178000000000000e+06
1.058271000000000000e+06
1.682100000000000000e+06
1.440588000000000000e+06
5.319830000000000000e+05
5.517420000000000000e+05
1.320920000000000000e+06
1.747572000000000000e+06
3.015420000000000000e+05
1.764928000000000000e+06
6.758770000000000000e+05
1.541486000000000000e+06
6.594650000000000000e+05
9.566580000000000000e+05
1.250660000000000000e+06
1.370866000000000000e+06
1.764411000000000000e+06
1.743541000000000000e+06
1.436069000000000000e+06
9.557670000000000000e+05
5.312870000000000000e+05
7.190610000000000000e+05
1.249788000000000000e+06
4.802300000000000000e+05
5.211150000000000000e+05
1.150329000000000000e+06
1.451053000000000000e+06
1.337525000000000000e+06
1.066105000000000000e+06
6.163840000000000000e+05
5.681190000000000000e+05
1.557394000000000000e+06
1.095279000000000000e+06
1.062731000000000000e+06
7.398270000000000000e+05
1.125843000000000000e+06
1.444403000000000000e+06
1.603335000000000000e+06
2.799300000000000000e+04
9.173450000000000000e+05
4.687480000000000000e+05
1.497774000000000000e+06
2.627500000000000000e+05
5.502920000000000000e+05
1.030457000000000000e+06
1.092960000000000000e+06
1.514027000000000000e+06
1.433294000000000000e+06
6.003910000000000000e+05
1.342447000000000000e+06
1.251807000000000000e+06
9.341850000000000000e+05
1.419110000000000000e+06
1.194417000000000000e+06
1.490654000000000000e+06
9.082560000000000000e+05
6.560660000000000000e+05
1.364564000000000000e+06
1.807926000000000000e+06
3.016320000000000000e+05
5.248270000000000000e+05
6.752940000000000000e+05
1.490828000000000000e+06
1.595976000000000000e+06
1.268799000000000000e+06
6.696230000000000000e+05
1.598771000000000000e+06
5.630480000000000000e+05
1.058014000000000000e+06
5.240260000000000000e+05
1.255561000000000000e+06
1.396545000000000000e+06
1.540478000000000000e+06
1.471596000000000000e+06
2.077300000000000000e+05
1.602983000000000000e+06
1.074708000000000000e+06
5.616090000000000000e+05
1.454558000000000000e+06
1.470995000000000000e+06
1.320440000000000000e+06
1.364854000000000000e+06
9.539520000000000000e+05
1.714100000000000000e+04
1.105280000000000000e+06
1.152239000000000000e+06
2.918280000000000000e+05
1.329058000000000000e+06
1.088096000000000000e+06
1.418449000000000000e+06
1.140374000000000000e+06
1.455932000000000000e+06
2.866440000000000000e+05
3.140890000000000000e+05
1.439646000000000000e+06
1.284764000000000000e+06
5.898230000000000000e+05
1.629742000000000000e+06
1.165572000000000000e+06
1.251363000000000000e+06
5.316260000000000000e+05
1.023158000000000000e+06
1.738126000000000000e+06
9.204900000000000000e+05
1.085297000000000000e+06
1.137483000000000000e+06
1.365309000000000000e+06
1.630814000000000000e+06
1.283763000000000000e+06
1.143332000000000000e+06
6.750840000000000000e+05
4.917420000000000000e+05
1.356189000000000000e+06
1.387313000000000000e+06
1.115577000000000000e+06
5.549160000000000000e+05
1.224473000000000000e+06
4.560330000000000000e+05
1.466162000000000000e+06
1.419499000000000000e+06
2.836300000000000000e+04
7.011760000000000000e+05
1.201722000000000000e+06
1.687594000000000000e+06
1.449854000000000000e+06
1.691387000000000000e+06
5.542850000000000000e+05
1.131046000000000000e+06
2.688590000000000000e+05
1.498050000000000000e+05
5.537340000000000000e+05
6.586950000000000000e+05
6.273240000000000000e+05
5.395020000000000000e+05
5.246120000000000000e+05
3.456500000000000000e+04
5.141210000000000000e+05
2.887270000000000000e+05
1.164629000000000000e+06
7.396300000000000000e+04
1.731052000000000000e+06
1.204393000000000000e+06
1.764019000000000000e+06
2.754410000000000000e+05
1.166595000000000000e+06
1.346399000000000000e+06
1.494939000000000000e+06
1.353346000000000000e+06
1.083490000000000000e+06
7.732020000000000000e+05
8.886950000000000000e+05
1.288070000000000000e+05
7.064800000000000000e+05
1.737031000000000000e+06
1.640933000000000000e+06
1.709290000000000000e+05
1.369287000000000000e+06
1.441293000000000000e+06
1.136919000000000000e+06
4.936410000000000000e+05
6.374100000000000000e+05
2.318410000000000000e+05
1.346515000000000000e+06
5.053130000000000000e+05
1.395007000000000000e+06
9.337070000000000000e+05
5.241590000000000000e+05
1.318325000000000000e+06
5.098380000000000000e+05
1.497393000000000000e+06
1.043150000000000000e+06
1.260133000000000000e+06
1.527826000000000000e+06
2.782900000000000000e+05
7.194320000000000000e+05
3.878370000000000000e+05
1.161183000000000000e+06
1.129297000000000000e+06
3.014860000000000000e+05
1.114337000000000000e+06
1.185440000000000000e+06
1.709720000000000000e+05
1.701742000000000000e+06
4.791910000000000000e+05
1.352682000000000000e+06
8.835860000000000000e+05
1.155647000000000000e+06
1.893640000000000000e+05
1.810739000000000000e+06
2.646840000000000000e+05
1.074391000000000000e+06
1.666455000000000000e+06
6.918900000000000000e+04
1.640852000000000000e+06
1.772806000000000000e+06
1.453309000000000000e+06
9.367270000000000000e+05
7.335170000000000000e+05
3.997700000000000000e+05
1.684200000000000000e+06
1.688584000000000000e+06
1.654603000000000000e+06
9.310500000000000000e+05
1.097768000000000000e+06
1.386478000000000000e+06
1.854050000000000000e+06
1.531411000000000000e+06
1.820716000000000000e+06
1.776036000000000000e+06
1.709859000000000000e+06
1.596055000000000000e+06
5.888410000000000000e+05
1.541525000000000000e+06
5.517710000000000000e+05
4.688480000000000000e+05
1.150994000000000000e+06
9.253180000000000000e+05
1.747000000000000000e+03
1.365258000000000000e+06
1.084120000000000000e+06
1.027394000000000000e+06
1.466775000000000000e+06
1.043940000000000000e+06
3.421210000000000000e+05
5.349810000000000000e+05
5.661600000000000000e+05
1.165506000000000000e+06
4.050250000000000000e+05
6.137420000000000000e+05
1.706841000000000000e+06
2.920810000000000000e+05
6.730750000000000000e+05
1.324785000000000000e+06
1.849618000000000000e+06
5.952470000000000000e+05
9.156900000000000000e+05
7.080240000000000000e+05
5.298620000000000000e+05
7.183910000000000000e+05
1.229195000000000000e+06
1.713106000000000000e+06
1.664024000000000000e+06
1.384575000000000000e+06
1.441501000000000000e+06
1.097332000000000000e+06
1.385157000000000000e+06
1.510860000000000000e+06
8.480120000000000000e+05
8.055230000000000000e+05
1.691612000000000000e+06
5.565500000000000000e+04
1.065828000000000000e+06
1.768453000000000000e+06
1.465705000000000000e+06
1.192255000000000000e+06
1.554210000000000000e+06
6.752900000000000000e+05
1.772521000000000000e+06
1.932570000000000000e+05
1.701936000000000000e+06
9.411930000000000000e+05
1.262311000000000000e+06
1.372268000000000000e+06
7.283180000000000000e+05
1.593730000000000000e+06
1.215938000000000000e+06
1.837113000000000000e+06
1.257319000000000000e+06
1.234550000000000000e+05
1.185616000000000000e+06
1.565494000000000000e+06
6.496300000000000000e+04
2.625740000000000000e+05
4.079750000000000000e+05
1.127810000000000000e+06
9.149140000000000000e+05
1.437708000000000000e+06
1.576102000000000000e+06
1.625260000000000000e+05
1.209992000000000000e+06
1.607455000000000000e+06
2.609340000000000000e+05
1.121681000000000000e+06
2.753160000000000000e+05
1.435092000000000000e+06
1.476745000000000000e+06
1.719997000000000000e+06
1.152594000000000000e+06
2.415150000000000000e+05
7.470000000000000000e+04
1.424615000000000000e+06
5.720460000000000000e+05
1.081784000000000000e+06
3.237230000000000000e+05
2.610580000000000000e+05
2.259250000000000000e+05
1.140340000000000000e+06
7.092950000000000000e+05
7.354860000000000000e+05
1.265359000000000000e+06
1.434042000000000000e+06
6.720040000000000000e+05
1.491059000000000000e+06
1.629311000000000000e+06
1.273782000000000000e+06
1.620306000000000000e+06
1.507908000000000000e+06
6.963070000000000000e+05
1.602560000000000000e+05
1.278161000000000000e+06
1.217525000000000000e+06
1.061533000000000000e+06
1.466792000000000000e+06
1.607570000000000000e+05
1.293854000000000000e+06
7.268390000000000000e+05
1.268636000000000000e+06
1.389860000000000000e+05
1.364980000000000000e+06
1.360129000000000000e+06
2.310960000000000000e+05
1.778624000000000000e+06
1.643552000000000000e+06
1.521734000000000000e+06
3.537820000000000000e+05
6.130400000000000000e+05
1.554630000000000000e+06
5.803300000000000000e+04
1.788381000000000000e+06
1.066829000000000000e+06
6.245110000000000000e+05
1.079994000000000000e+06
1.248029000000000000e+06
1.122973000000000000e+06
1.225279000000000000e+06
1.608680000000000000e+06
1.355146000000000000e+06
1.480004000000000000e+06
2.770900000000000000e+05
6.889490000000000000e+05
1.225497000000000000e+06
3.824990000000000000e+05
1.259617000000000000e+06
1.380117000000000000e+06
4.080540000000000000e+05
6.139170000000000000e+05
2.589490000000000000e+05
8.966740000000000000e+05
7.278720000000000000e+05
1.224527000000000000e+06
1.670513000000000000e+06
1.836075000000000000e+06
6.307970000000000000e+05
2.876770000000000000e+05
4.956840000000000000e+05
1.231306000000000000e+06
1.101361000000000000e+06
7.078500000000000000e+05
2.243850000000000000e+05
9.310200000000000000e+05
7.049480000000000000e+05
3.753440000000000000e+05
6.780560000000000000e+05
1.235351000000000000e+06
1.511446000000000000e+06
1.721158000000000000e+06
1.026031000000000000e+06
5.582750000000000000e+05
6.456350000000000000e+05
1.137325000000000000e+06
8.712320000000000000e+05
1.122438000000000000e+06
1.322040000000000000e+06
2.302280000000000000e+05
1.710142000000000000e+06
7.561450000000000000e+05
1.122523000000000000e+06
1.708861000000000000e+06
1.231885000000000000e+06
1.492221000000000000e+06
3.052100000000000000e+04
6.959780000000000000e+05
3.666660000000000000e+05
1.780540000000000000e+06
1.274297000000000000e+06
5.017190000000000000e+05
5.930540000000000000e+05
1.433789000000000000e+06
2.924960000000000000e+05
2.538710000000000000e+05
7.050120000000000000e+05
5.947050000000000000e+05
1.733027000000000000e+06
2.964070000000000000e+05
1.085299000000000000e+06
1.743653000000000000e+06
6.929160000000000000e+05
1.685843000000000000e+06
6.389190000000000000e+05
1.543861000000000000e+06
1.141260000000000000e+06
1.219155000000000000e+06
1.131729000000000000e+06
1.255090000000000000e+06
6.401310000000000000e+05
1.690259000000000000e+06
5.691700000000000000e+05
1.604027000000000000e+06
2.426000000000000000e+05
1.268343000000000000e+06
1.085758000000000000e+06
1.778386000000000000e+06
1.450035000000000000e+06
1.056930000000000000e+06
1.180302000000000000e+06
4.601870000000000000e+05
1.349162000000000000e+06
1.061313000000000000e+06
6.347470000000000000e+05
1.639326000000000000e+06
1.766105000000000000e+06
1.138220000000000000e+05
1.101594000000000000e+06
6.392320000000000000e+05
1.280687000000000000e+06
1.756327000000000000e+06
1.779404000000000000e+06
3.061090000000000000e+05
2.134260000000000000e+05
1.094425000000000000e+06
1.857000000000000000e+04
2.873390000000000000e+05
1.553229000000000000e+06
1.260573000000000000e+06
2.309650000000000000e+05
1.298613000000000000e+06
6.749750000000000000e+05
1.178385000000000000e+06
2.084770000000000000e+05
1.454986000000000000e+06
1.343533000000000000e+06
1.314623000000000000e+06
5.224400000000000000e+05
1.114781000000000000e+06
1.318374000000000000e+06
7.907670000000000000e+05
8.361800000000000000e+05
4.971990000000000000e+05
1.379633000000000000e+06
4.703890000000000000e+05
5.906780000000000000e+05
9.250430000000000000e+05
9.286600000000000000e+05
1.243669000000000000e+06
9.402310000000000000e+05
2.068000000000000000e+04
1.079818000000000000e+06
1.269064000000000000e+06
1.455261000000000000e+06
1.706097000000000000e+06
1.275090000000000000e+06
1.353739000000000000e+06
1.057985000000000000e+06
1.089022000000000000e+06
4.404960000000000000e+05
1.144417000000000000e+06
1.082085000000000000e+06
1.231771000000000000e+06
1.199679000000000000e+06
1.125192000000000000e+06
1.518039000000000000e+06
1.072878000000000000e+06
3.205500000000000000e+04
8.996830000000000000e+05
1.604372000000000000e+06
1.537541000000000000e+06
5.523610000000000000e+05
6.842080000000000000e+05
1.283986000000000000e+06
3.660790000000000000e+05
1.840203000000000000e+06
1.178229000000000000e+06
9.069130000000000000e+05
1.370023000000000000e+06
1.705510000000000000e+05
1.071054000000000000e+06
5.948070000000000000e+05
1.219653000000000000e+06
6.658770000000000000e+05
1.539549000000000000e+06
1.753250000000000000e+06
4.016350000000000000e+05
1.378898000000000000e+06
1.442884000000000000e+06
6.372140000000000000e+05
5.891810000000000000e+05
1.247808000000000000e+06
2.859030000000000000e+05
1.532680000000000000e+05
4.708230000000000000e+05
1.522231000000000000e+06
5.013540000000000000e+05
9.002730000000000000e+05
1.075598000000000000e+06
1.592000000000000000e+03
1.170464000000000000e+06
6.928000000000000000e+05
1.524805000000000000e+06
1.320824000000000000e+06
1.322005000000000000e+06
8.725310000000000000e+05
5.664740000000000000e+05
1.111587000000000000e+06
1.065410000000000000e+06
1.011762000000000000e+06
1.689070000000000000e+06
1.822846000000000000e+06
1.892760000000000000e+05
1.076055000000000000e+06
4.857760000000000000e+05
1.742580000000000000e+06
9.956830000000000000e+05
3.867990000000000000e+05
2.174620000000000000e+05
1.253885000000000000e+06
1.242537000000000000e+06
1.192577000000000000e+06
1.526179000000000000e+06
1.439221000000000000e+06
3.620400000000000000e+05
2.675180000000000000e+05
5.598490000000000000e+05
1.618192000000000000e+06
1.218306000000000000e+06
1.232380000000000000e+06
1.450329000000000000e+06
5.240490000000000000e+05
9.181680000000000000e+05
1.382408000000000000e+06
1.565523000000000000e+06
1.221553000000000000e+06
2.963070000000000000e+05
1.247942000000000000e+06
1.355119000000000000e+06
1.061790000000000000e+06
4.783140000000000000e+05
1.388597000000000000e+06
1.682251000000000000e+06
1.056229000000000000e+06
2.567060000000000000e+05
2.544600000000000000e+05
1.460318000000000000e+06
4.628680000000000000e+05
6.983200000000000000e+04
8.983020000000000000e+05
3.924710000000000000e+05
1.206956000000000000e+06
5.302390000000000000e+05
1.764502000000000000e+06
8.212610000000000000e+05
8.702420000000000000e+05
7.809210000000000000e+05
6.829270000000000000e+05
1.103679000000000000e+06
1.224648000000000000e+06
1.218038000000000000e+06
9.310210000000000000e+05
7.364300000000000000e+04
2.778790000000000000e+05
1.800030000000000000e+05
1.085983000000000000e+06
1.225344000000000000e+06
5.774400000000000000e+05
2.439120000000000000e+05
1.849016000000000000e+06
7.266980000000000000e+05
5.064910000000000000e+05
1.302335000000000000e+06
1.153014000000000000e+06
1.058906000000000000e+06
6.365490000000000000e+05
1.192650000000000000e+06
2.928510000000000000e+05
1.572810000000000000e+05
9.268010000000000000e+05
1.583476000000000000e+06
1.703949000000000000e+06
1.603086000000000000e+06
1.490867000000000000e+06
9.090060000000000000e+05
6.610290000000000000e+05
1.708852000000000000e+06
9.029680000000000000e+05
1.115580000000000000e+06
7.033090000000000000e+05
1.262582000000000000e+06
3.883600000000000000e+05
9.005320000000000000e+05
1.702779000000000000e+06
1.584884000000000000e+06
7.030120000000000000e+05
7.551200000000000000e+04
1.149654000000000000e+06
6.802490000000000000e+05
1.628076000000000000e+06
8.958780000000000000e+05
5.592200000000000000e+05
1.601461000000000000e+06
1.591561000000000000e+06
1.439012000000000000e+06
1.491030000000000000e+06
1.218451000000000000e+06
1.424457000000000000e+06
1.014999000000000000e+06
1.553701000000000000e+06
1.347620000000000000e+05
6.768110000000000000e+05
1.102651000000000000e+06
1.345304000000000000e+06
4.643050000000000000e+05
1.450505000000000000e+06
1.826186000000000000e+06
5.149400000000000000e+04
5.052100000000000000e+04
4.733220000000000000e+05
1.460759000000000000e+06
1.281043000000000000e+06
5.890220000000000000e+05
1.274390000000000000e+06
1.027855000000000000e+06
3.146900000000000000e+05
1.728639000000000000e+06
1.493010000000000000e+06
1.276464000000000000e+06
1.539701000000000000e+06
1.388510000000000000e+05
5.134900000000000000e+05
2.807000000000000000e+05
5.385300000000000000e+05
1.232874000000000000e+06
1.397093000000000000e+06
1.553359000000000000e+06
7.504700000000000000e+04
3.240160000000000000e+05
3.276390000000000000e+05
5.470150000000000000e+05
9.038220000000000000e+05
