2.662510000000000000e+05
1.123940000000000000e+06
1.320023000000000000e+06
9.254650000000000000e+05
1.262716000000000000e+06
1.134984000000000000e+06
1.740427000000000000e+06
1.176588000000000000e+06
1.136484000000000000e+06
1.334920000000000000e+06
1.604488000000000000e+06
2.661920000000000000e+05
1.124939000000000000e+06
2.659910000000000000e+05
1.016423000000000000e+06
1.694455000000000000e+06
2.648420000000000000e+05
2.658580000000000000e+05
1.750982000000000000e+06
2.648540000000000000e+05
1.179029000000000000e+06
4.635360000000000000e+05
4.440000000000000000e+02
1.127785000000000000e+06
1.136109000000000000e+06
1.375174000000000000e+06
9.195940000000000000e+05
8.689800000000000000e+04
1.498376000000000000e+06
1.306164000000000000e+06
1.062919000000000000e+06
1.694245000000000000e+06
1.766172000000000000e+06
1.691962000000000000e+06
1.689928000000000000e+06
1.249967000000000000e+06
3.861420000000000000e+05
1.843200000000000000e+04
1.318106000000000000e+06
5.522860000000000000e+05
2.646030000000000000e+05
2.315670000000000000e+05
1.751908000000000000e+06
1.217851000000000000e+06
2.306900000000000000e+05
1.266927000000000000e+06
2.616770000000000000e+05
9.250500000000000000e+05
1.134562000000000000e+06
1.368279000000000000e+06
1.320006000000000000e+06
1.115989000000000000e+06
1.266823000000000000e+06
2.663160000000000000e+05
1.023783000000000000e+06
1.120602000000000000e+06
1.606420000000000000e+06
1.350960000000000000e+05
1.119933000000000000e+06
2.835810000000000000e+05
1.385041000000000000e+06
6.358000000000000000e+05
1.319329000000000000e+06
9.636120000000000000e+05
6.719570000000000000e+05
2.825570000000000000e+05
1.031176000000000000e+06
1.265730000000000000e+06
1.225497000000000000e+06
9.209110000000000000e+05
1.030307000000000000e+06
1.130743000000000000e+06
1.438658000000000000e+06
4.648490000000000000e+05
6.159960000000000000e+05
1.015177000000000000e+06
1.693666000000000000e+06
5.399920000000000000e+05
9.240590000000000000e+05
2.649410000000000000e+05
1.177983000000000000e+06
1.125886000000000000e+06
1.123168000000000000e+06
1.577240000000000000e+05
1.741923000000000000e+06
2.726380000000000000e+05
1.061038000000000000e+06
1.639326000000000000e+06
9.120380000000000000e+05
6.418640000000000000e+05
2.677790000000000000e+05
1.122682000000000000e+06
1.641112000000000000e+06
1.050504000000000000e+06
1.778095000000000000e+06
1.740543000000000000e+06
1.018734000000000000e+06
6.943300000000000000e+04
2.643800000000000000e+05
1.766355000000000000e+06
1.176536000000000000e+06
1.645453000000000000e+06
1.262066000000000000e+06
9.284460000000000000e+05
1.657829000000000000e+06
1.303365000000000000e+06
1.335016000000000000e+06
2.578670000000000000e+05
1.319579000000000000e+06
1.750697000000000000e+06
2.229950000000000000e+05
1.695946000000000000e+06
1.248917000000000000e+06
1.455091000000000000e+06
1.971700000000000000e+05
1.321794000000000000e+06
7.723600000000000000e+04
1.363280000000000000e+05
9.168730000000000000e+05
1.602970000000000000e+06
1.123885000000000000e+06
9.166150000000000000e+05
2.618800000000000000e+05
9.952110000000000000e+05
1.112438000000000000e+06
1.319094000000000000e+06
1.320469000000000000e+06
1.262670000000000000e+06
1.739042000000000000e+06
1.167246000000000000e+06
1.674833000000000000e+06
1.710498000000000000e+06
5.789730000000000000e+05
2.858650000000000000e+05
4.169710000000000000e+05
1.733920000000000000e+06
5.429450000000000000e+05
2.451810000000000000e+05
9.145460000000000000e+05
9.118000000000000000e+05
4.664010000000000000e+05
9.248960000000000000e+05
1.137002000000000000e+06
1.274628000000000000e+06
9.665600000000000000e+05
1.132185000000000000e+06
1.693747000000000000e+06
4.636760000000000000e+05
4.658170000000000000e+05
1.060877000000000000e+06
5.789150000000000000e+05
1.007049000000000000e+06
1.752155000000000000e+06
1.124148000000000000e+06
8.568000000000000000e+04
9.265000000000000000e+05
1.128342000000000000e+06
1.691250000000000000e+06
2.844370000000000000e+05
1.250386000000000000e+06
1.453288000000000000e+06
1.740334000000000000e+06
6.366610000000000000e+05
1.319910000000000000e+06
1.337467000000000000e+06
1.319047000000000000e+06
2.662170000000000000e+05
3.428000000000000000e+03
1.337931000000000000e+06
1.507645000000000000e+06
2.290870000000000000e+05
5.407540000000000000e+05
1.332682000000000000e+06
1.074889000000000000e+06
8.366300000000000000e+04
1.369242000000000000e+06
1.367873000000000000e+06
1.375281000000000000e+06
1.455002000000000000e+06
1.486700000000000000e+05
7.235550000000000000e+05
1.766138000000000000e+06
8.123000000000000000e+04
1.190865000000000000e+06
1.727789000000000000e+06
1.842990000000000000e+06
1.499496000000000000e+06
1.113730000000000000e+06
1.309824000000000000e+06
4.052770000000000000e+05
9.165660000000000000e+05
1.982410000000000000e+05
9.255390000000000000e+05
1.372350000000000000e+05
1.693904000000000000e+06
1.045036000000000000e+06
1.167163000000000000e+06
1.633541000000000000e+06
9.199380000000000000e+05
2.624450000000000000e+05
1.383932000000000000e+06
5.529200000000000000e+05
1.014198000000000000e+06
9.242620000000000000e+05
1.252770000000000000e+06
1.118657000000000000e+06
5.459310000000000000e+05
2.670440000000000000e+05
3.838050000000000000e+05
1.607471000000000000e+06
9.435650000000000000e+05
5.021520000000000000e+05
1.585010000000000000e+05
1.215681000000000000e+06
1.418749000000000000e+06
1.829500000000000000e+04
2.759700000000000000e+05
1.017487000000000000e+06
6.823640000000000000e+05
6.810970000000000000e+05
1.225238000000000000e+06
2.764730000000000000e+05
1.740096000000000000e+06
1.179430000000000000e+06
1.809279000000000000e+06
1.132942000000000000e+06
1.128082000000000000e+06
1.376953000000000000e+06
1.200542000000000000e+06
1.602427000000000000e+06
2.674970000000000000e+05
1.439492000000000000e+06
1.036657000000000000e+06
1.216562000000000000e+06
7.707890000000000000e+05
9.307020000000000000e+05
1.108777000000000000e+06
1.057311000000000000e+06
9.686900000000000000e+05
9.255530000000000000e+05
1.312978000000000000e+06
1.045474000000000000e+06
7.205830000000000000e+05
2.746560000000000000e+05
2.683540000000000000e+05
1.261669000000000000e+06
1.456780000000000000e+06
1.130639000000000000e+06
1.728592000000000000e+06
3.836230000000000000e+05
1.185086000000000000e+06
1.249740000000000000e+06
2.309630000000000000e+05
1.036261000000000000e+06
1.384727000000000000e+06
1.264387000000000000e+06
1.141625000000000000e+06
1.966950000000000000e+05
9.259930000000000000e+05
1.604990000000000000e+06
1.685823000000000000e+06
1.741316000000000000e+06
6.375100000000000000e+05
1.055541000000000000e+06
1.136428000000000000e+06
1.007808000000000000e+06
1.455573000000000000e+06
5.355200000000000000e+05
1.178789000000000000e+06
1.194519000000000000e+06
1.355650000000000000e+05
5.387480000000000000e+05
2.380000000000000000e+03
2.074720000000000000e+05
9.790740000000000000e+05
1.767650000000000000e+06
1.727672000000000000e+06
1.780634000000000000e+06
1.847058000000000000e+06
1.456993000000000000e+06
1.607982000000000000e+06
1.125408000000000000e+06
7.829900000000000000e+04
4.631380000000000000e+05
9.330000000000000000e+02
1.267320000000000000e+06
2.939530000000000000e+05
1.656725000000000000e+06
2.301090000000000000e+05
1.494816000000000000e+06
1.183742000000000000e+06
3.866940000000000000e+05
2.274710000000000000e+05
1.820413000000000000e+06
8.919020000000000000e+05
1.612451000000000000e+06
9.042930000000000000e+05
9.937930000000000000e+05
1.189717000000000000e+06
1.708366000000000000e+06
1.130585000000000000e+06
1.125900000000000000e+06
1.508588000000000000e+06
9.041150000000000000e+05
5.015480000000000000e+05
1.654032000000000000e+06
3.176000000000000000e+03
5.500000000000000000e+05
1.324418000000000000e+06
1.180360000000000000e+05
9.279880000000000000e+05
1.299079000000000000e+06
4.688430000000000000e+05
6.384280000000000000e+05
1.461510000000000000e+05
2.631130000000000000e+05
1.231052000000000000e+06
1.044014000000000000e+06
9.456890000000000000e+05
1.260919000000000000e+06
1.989490000000000000e+05
7.288390000000000000e+05
1.966360000000000000e+05
1.320698000000000000e+06
1.262152000000000000e+06
6.123390000000000000e+05
5.651130000000000000e+05
1.457811000000000000e+06
1.315955000000000000e+06
1.830500000000000000e+04
9.428580000000000000e+05
1.744639000000000000e+06
9.162220000000000000e+05
1.739783000000000000e+06
5.588100000000000000e+04
1.261740000000000000e+06
1.320165000000000000e+06
1.306054000000000000e+06
1.300811000000000000e+06
6.595980000000000000e+05
1.231638000000000000e+06
1.436686000000000000e+06
1.316210000000000000e+06
9.249610000000000000e+05
6.870350000000000000e+05
1.475810000000000000e+06
1.291534000000000000e+06
1.191434000000000000e+06
9.012460000000000000e+05
1.217948000000000000e+06
1.766612000000000000e+06
9.134390000000000000e+05
1.166857000000000000e+06
3.894890000000000000e+05
4.644970000000000000e+05
1.514115000000000000e+06
1.195341000000000000e+06
1.686862000000000000e+06
1.205337000000000000e+06
1.743166000000000000e+06
1.017244000000000000e+06
1.320180000000000000e+06
4.916070000000000000e+05
1.138223000000000000e+06
1.655694000000000000e+06
1.766182000000000000e+06
4.792710000000000000e+05
7.573610000000000000e+05
1.317493000000000000e+06
1.233560000000000000e+05
1.165024000000000000e+06
2.669700000000000000e+05
6.254230000000000000e+05
1.690109000000000000e+06
1.095320000000000000e+06
1.265587000000000000e+06
4.393330000000000000e+05
1.079040000000000000e+06
8.971130000000000000e+05
1.109839000000000000e+06
1.691286000000000000e+06
1.213297000000000000e+06
6.718570000000000000e+05
1.638970000000000000e+06
1.412852000000000000e+06
1.767326000000000000e+06
6.661440000000000000e+05
1.640459000000000000e+06
4.126530000000000000e+05
1.048394000000000000e+06
1.711225000000000000e+06
8.067200000000000000e+04
1.025016000000000000e+06
1.168457000000000000e+06
1.066742000000000000e+06
1.114424000000000000e+06
1.136666000000000000e+06
1.395590000000000000e+05
1.659642000000000000e+06
1.752805000000000000e+06
1.163079000000000000e+06
1.319729000000000000e+06
1.063289000000000000e+06
1.264118000000000000e+06
9.243680000000000000e+05
1.637585000000000000e+06
4.619900000000000000e+05
8.977700000000000000e+04
1.106784000000000000e+06
5.525670000000000000e+05
1.375860000000000000e+06
2.784850000000000000e+05
1.005245000000000000e+06
1.187517000000000000e+06
1.149733000000000000e+06
2.615610000000000000e+05
5.370850000000000000e+05
1.075974000000000000e+06
1.744632000000000000e+06
9.756910000000000000e+05
4.607750000000000000e+05
8.838600000000000000e+05
1.423824000000000000e+06
1.364779000000000000e+06
1.192708000000000000e+06
9.355870000000000000e+05
1.833981000000000000e+06
1.376281000000000000e+06
1.768710000000000000e+05
2.631650000000000000e+05
1.321753000000000000e+06
1.602333000000000000e+06
1.264603000000000000e+06
1.386032000000000000e+06
1.268268000000000000e+06
1.213369000000000000e+06
1.141089000000000000e+06
1.412730000000000000e+05
1.231538000000000000e+06
1.751511000000000000e+06
1.845968000000000000e+06
1.177210000000000000e+05
1.452990000000000000e+06
2.575060000000000000e+05
1.640600000000000000e+04
1.366748000000000000e+06
8.489700000000000000e+04
1.605736000000000000e+06
1.199254000000000000e+06
1.592260000000000000e+05
1.338344000000000000e+06
1.385184000000000000e+06
1.228225000000000000e+06
1.741556000000000000e+06
1.606793000000000000e+06
1.485000000000000000e+06
1.747292000000000000e+06
2.465180000000000000e+05
1.487756000000000000e+06
1.187293000000000000e+06
1.198509000000000000e+06
1.115278000000000000e+06
1.011406000000000000e+06
1.728073000000000000e+06
1.634627000000000000e+06
1.469437000000000000e+06
1.343255000000000000e+06
9.173570000000000000e+05
7.353220000000000000e+05
1.251357000000000000e+06
1.337979000000000000e+06
1.212729000000000000e+06
1.227817000000000000e+06
1.603855000000000000e+06
1.180233000000000000e+06
1.737198000000000000e+06
4.702190000000000000e+05
1.363980000000000000e+05
9.015060000000000000e+05
9.273670000000000000e+05
1.755155000000000000e+06
1.077870000000000000e+06
1.677025000000000000e+06
1.024257000000000000e+06
6.750930000000000000e+05
1.766154000000000000e+06
6.970200000000000000e+04
1.166327000000000000e+06
2.989020000000000000e+05
7.320950000000000000e+05
1.306095000000000000e+06
1.827162000000000000e+06
1.185718000000000000e+06
7.352250000000000000e+05
1.188056000000000000e+06
3.091600000000000000e+05
1.292877000000000000e+06
1.777889000000000000e+06
1.506589000000000000e+06
4.672260000000000000e+05
1.218432000000000000e+06
1.631416000000000000e+06
1.060702000000000000e+06
2.458280000000000000e+05
8.981550000000000000e+05
1.366280000000000000e+06
3.327330000000000000e+05
2.021000000000000000e+03
1.841927000000000000e+06
3.920450000000000000e+05
1.734612000000000000e+06
4.466500000000000000e+04
4.980930000000000000e+05
1.574886000000000000e+06
1.249330000000000000e+05
1.644020000000000000e+06
8.714730000000000000e+05
1.710776000000000000e+06
1.336092000000000000e+06
4.651420000000000000e+05
1.318112000000000000e+06
2.210320000000000000e+05
1.074178000000000000e+06
1.156865000000000000e+06
1.412970000000000000e+05
1.497285000000000000e+06
1.363095000000000000e+06
4.675370000000000000e+05
9.673340000000000000e+05
1.217856000000000000e+06
1.376127000000000000e+06
4.988190000000000000e+05
1.218303000000000000e+06
1.304554000000000000e+06
1.263419000000000000e+06
1.062031000000000000e+06
2.530260000000000000e+05
9.935800000000000000e+05
1.106706000000000000e+06
1.788000000000000000e+03
2.694910000000000000e+05
1.708280000000000000e+06
1.183047000000000000e+06
1.738688000000000000e+06
7.621600000000000000e+04
1.706358000000000000e+06
2.421960000000000000e+05
1.192740000000000000e+05
1.656181000000000000e+06
6.724470000000000000e+05
1.262942000000000000e+06
1.137483000000000000e+06
6.543350000000000000e+05
1.415043000000000000e+06
1.657435000000000000e+06
1.434114000000000000e+06
1.308630000000000000e+06
1.415940000000000000e+05
1.202436000000000000e+06
5.495360000000000000e+05
2.578110000000000000e+05
1.345148000000000000e+06
1.806300000000000000e+04
1.452243000000000000e+06
8.302750000000000000e+05
7.921510000000000000e+05
1.327915000000000000e+06
1.322230000000000000e+06
1.284197000000000000e+06
6.579400000000000000e+04
1.066800000000000000e+05
2.975530000000000000e+05
1.367903000000000000e+06
1.752362000000000000e+06
1.273820000000000000e+05
2.298380000000000000e+05
1.338169000000000000e+06
1.440834000000000000e+06
1.443213000000000000e+06
1.108324000000000000e+06
1.648946000000000000e+06
1.593500000000000000e+05
8.904000000000000000e+04
1.809324000000000000e+06
1.962480000000000000e+05
9.174400000000000000e+05
9.622880000000000000e+05
3.423500000000000000e+05
2.795800000000000000e+05
1.634062000000000000e+06
1.364966000000000000e+06
1.067242000000000000e+06
2.597140000000000000e+05
1.058396000000000000e+06
1.192301000000000000e+06
1.116304000000000000e+06
9.129160000000000000e+05
4.366130000000000000e+05
1.194559000000000000e+06
1.145309000000000000e+06
6.778790000000000000e+05
6.167770000000000000e+05
1.440865000000000000e+06
1.499604000000000000e+06
2.109100000000000000e+05
1.378076000000000000e+06
1.738731000000000000e+06
9.990800000000000000e+05
1.691945000000000000e+06
1.166778000000000000e+06
2.684340000000000000e+05
1.621980000000000000e+05
5.233200000000000000e+04
1.333299000000000000e+06
1.341734000000000000e+06
9.508330000000000000e+05
1.276669000000000000e+06
4.689300000000000000e+05
1.789940000000000000e+05
1.640741000000000000e+06
1.402110000000000000e+05
1.261418000000000000e+06
2.589590000000000000e+05
1.741150000000000000e+06
1.375630000000000000e+06
1.358242000000000000e+06
1.157851000000000000e+06
4.611480000000000000e+05
1.498959000000000000e+06
4.677000000000000000e+03
1.679054000000000000e+06
1.248159000000000000e+06
5.332210000000000000e+05
9.312720000000000000e+05
1.125213000000000000e+06
7.142540000000000000e+05
1.322542000000000000e+06
1.752475000000000000e+06
1.269588000000000000e+06
1.059833000000000000e+06
8.387280000000000000e+05
7.795050000000000000e+05
9.965070000000000000e+05
5.851030000000000000e+05
1.994750000000000000e+05
6.154720000000000000e+05
1.608966000000000000e+06
2.733170000000000000e+05
2.887380000000000000e+05
9.498390000000000000e+05
6.829700000000000000e+04
1.164210000000000000e+05
3.832790000000000000e+05
1.689996000000000000e+06
1.846137000000000000e+06
5.018540000000000000e+05
6.365350000000000000e+05
2.328630000000000000e+05
1.927800000000000000e+04
1.130281000000000000e+06
1.312562000000000000e+06
1.134024000000000000e+06
1.182503000000000000e+06
1.268314000000000000e+06
2.647920000000000000e+05
1.742010000000000000e+06
2.899980000000000000e+05
1.615633000000000000e+06
2.256180000000000000e+05
1.438385000000000000e+06
1.207667000000000000e+06
9.198370000000000000e+05
9.578930000000000000e+05
1.378723000000000000e+06
1.115702000000000000e+06
1.588360000000000000e+05
1.335181000000000000e+06
2.580970000000000000e+05
1.763088000000000000e+06
1.274259000000000000e+06
5.374940000000000000e+05
1.421697000000000000e+06
7.820300000000000000e+04
1.711711000000000000e+06
1.340887000000000000e+06
4.676060000000000000e+05
1.581210000000000000e+05
1.309180000000000000e+06
1.847039000000000000e+06
6.477990000000000000e+05
1.370001000000000000e+06
6.116600000000000000e+05
1.633657000000000000e+06
1.133706000000000000e+06
1.030752000000000000e+06
2.721100000000000000e+05
1.087621000000000000e+06
1.213644000000000000e+06
1.822043000000000000e+06
1.062525000000000000e+06
1.940390000000000000e+05
1.294750000000000000e+06
1.096560000000000000e+05
1.249591000000000000e+06
1.640565000000000000e+06
3.400600000000000000e+04
1.441249000000000000e+06
1.243665000000000000e+06
1.081603000000000000e+06
3.884710000000000000e+05
1.116468000000000000e+06
1.158239000000000000e+06
1.742953000000000000e+06
1.293100000000000000e+06
1.387526000000000000e+06
1.756719000000000000e+06
1.128130000000000000e+06
1.138167000000000000e+06
1.028903000000000000e+06
1.179881000000000000e+06
4.956700000000000000e+05
1.396891000000000000e+06
2.617690000000000000e+05
9.346400000000000000e+05
1.654600000000000000e+04
1.225557000000000000e+06
4.589230000000000000e+05
1.252646000000000000e+06
1.845963000000000000e+06
1.217877000000000000e+06
1.643684000000000000e+06
9.333820000000000000e+05
9.283390000000000000e+05
1.429004000000000000e+06
1.216901000000000000e+06
1.066804000000000000e+06
1.803332000000000000e+06
6.373110000000000000e+05
1.766520000000000000e+05
2.319040000000000000e+05
4.269600000000000000e+04
1.037216000000000000e+06
1.426842000000000000e+06
2.648600000000000000e+05
1.331848000000000000e+06
1.323750000000000000e+06
1.616537000000000000e+06
1.209008000000000000e+06
1.766910000000000000e+06
4.819220000000000000e+05
6.829100000000000000e+05
1.462479000000000000e+06
9.088210000000000000e+05
1.656167000000000000e+06
6.371900000000000000e+05
6.812600000000000000e+05
4.414670000000000000e+05
9.328060000000000000e+05
5.519340000000000000e+05
4.586240000000000000e+05
6.692670000000000000e+05
8.058400000000000000e+04
1.476981000000000000e+06
1.274735000000000000e+06
1.733816000000000000e+06
1.332614000000000000e+06
1.247682000000000000e+06
6.592870000000000000e+05
1.587480000000000000e+05
4.070000000000000000e+05
1.067851000000000000e+06
2.562710000000000000e+05
1.189282000000000000e+06
9.174490000000000000e+05
9.307800000000000000e+05
1.134540000000000000e+05
1.160545000000000000e+06
8.987470000000000000e+05
1.963410000000000000e+05
1.477997000000000000e+06
1.707718000000000000e+06
1.563720000000000000e+05
5.735920000000000000e+05
1.766559000000000000e+06
1.497991000000000000e+06
2.629150000000000000e+05
1.677000000000000000e+04
3.457490000000000000e+05
1.327821000000000000e+06
5.056220000000000000e+05
8.982560000000000000e+05
4.262930000000000000e+05
1.132386000000000000e+06
1.267268000000000000e+06
1.605167000000000000e+06
1.956260000000000000e+05
1.475120000000000000e+05
6.728310000000000000e+05
7.426010000000000000e+05
5.266000000000000000e+03
2.637080000000000000e+05
9.273240000000000000e+05
6.609200000000000000e+05
2.252370000000000000e+05
1.743325000000000000e+06
8.841700000000000000e+04
6.310080000000000000e+05
9.202370000000000000e+05
1.633902000000000000e+06
1.083452000000000000e+06
1.511022000000000000e+06
3.455380000000000000e+05
1.926990000000000000e+05
1.179549000000000000e+06
1.259320000000000000e+06
6.666800000000000000e+05
6.007850000000000000e+05
1.278780000000000000e+06
3.606980000000000000e+05
1.320438000000000000e+06
2.846830000000000000e+05
5.153110000000000000e+05
7.513360000000000000e+05
7.281030000000000000e+05
6.383150000000000000e+05
2.844560000000000000e+05
1.235521000000000000e+06
2.652150000000000000e+05
1.060650000000000000e+06
2.609860000000000000e+05
2.080150000000000000e+05
1.232676000000000000e+06
1.688832000000000000e+06
1.690981000000000000e+06
1.268151000000000000e+06
1.124644000000000000e+06
1.268875000000000000e+06
1.313686000000000000e+06
5.842470000000000000e+05
4.320960000000000000e+05
9.918770000000000000e+05
2.589680000000000000e+05
1.707369000000000000e+06
1.425770000000000000e+05
1.640416000000000000e+06
1.336674000000000000e+06
1.155941000000000000e+06
1.456510000000000000e+06
1.033908000000000000e+06
5.682980000000000000e+05
1.387939000000000000e+06
2.070660000000000000e+05
4.903340000000000000e+05
1.320568000000000000e+06
1.438523000000000000e+06
9.184040000000000000e+05
4.013800000000000000e+04
2.790400000000000000e+05
1.416666000000000000e+06
1.196696000000000000e+06
5.598200000000000000e+04
1.335614000000000000e+06
9.025500000000000000e+04
1.220195000000000000e+06
1.224791000000000000e+06
1.248556000000000000e+06
1.762957000000000000e+06
6.816490000000000000e+05
1.188271000000000000e+06
6.810080000000000000e+05
1.266522000000000000e+06
1.602150000000000000e+06
5.354300000000000000e+05
1.166087000000000000e+06
1.807600000000000000e+04
4.798770000000000000e+05
9.304280000000000000e+05
1.525754000000000000e+06
1.726626000000000000e+06
2.558070000000000000e+05
1.263272000000000000e+06
1.157037000000000000e+06
1.444043000000000000e+06
1.526629000000000000e+06
1.018514000000000000e+06
1.180749000000000000e+06
2.005910000000000000e+05
9.543430000000000000e+05
2.715740000000000000e+05
4.640970000000000000e+05
1.382170000000000000e+05
1.496796000000000000e+06
1.323981000000000000e+06
1.115302000000000000e+06
5.804510000000000000e+05
1.267633000000000000e+06
1.320813000000000000e+06
5.796330000000000000e+05
1.745530000000000000e+06
8.002270000000000000e+05
1.111700000000000000e+05
1.543730000000000000e+05
5.011740000000000000e+05
6.676650000000000000e+05
1.058711000000000000e+06
1.381605000000000000e+06
9.543820000000000000e+05
5.993500000000000000e+05
7.496820000000000000e+05
1.609055000000000000e+06
1.159660000000000000e+06
1.739180000000000000e+06
5.092140000000000000e+05
1.477939000000000000e+06
1.324580000000000000e+06
6.367500000000000000e+05
1.845720000000000000e+06
1.088361000000000000e+06
3.862920000000000000e+05
1.436692000000000000e+06
1.843509000000000000e+06
1.743766000000000000e+06
2.286130000000000000e+05
2.744000000000000000e+04
1.855114000000000000e+06
1.368915000000000000e+06
4.371160000000000000e+05
2.481590000000000000e+05
2.489400000000000000e+05
6.725500000000000000e+04
1.024085000000000000e+06
1.605523000000000000e+06
1.133329000000000000e+06
1.314500000000000000e+04
8.673590000000000000e+05
1.261834000000000000e+06
9.369580000000000000e+05
1.751786000000000000e+06
3.656240000000000000e+05
1.337095000000000000e+06
1.836670000000000000e+05
2.297080000000000000e+05
1.500633000000000000e+06
1.780459000000000000e+06
1.620650000000000000e+06
6.240500000000000000e+04
7.607400000000000000e+04
2.794110000000000000e+05
2.565960000000000000e+05
1.233477000000000000e+06
6.580800000000000000e+04
1.757900000000000000e+06
1.213714000000000000e+06
4.709770000000000000e+05
8.917000000000000000e+04
1.060922000000000000e+06
1.142724000000000000e+06
1.348230000000000000e+06
7.266500000000000000e+05
4.636960000000000000e+05
4.994600000000000000e+05
1.238220000000000000e+05
1.651912000000000000e+06
1.441282000000000000e+06
7.036200000000000000e+05
1.482000000000000000e+03
4.014150000000000000e+05
6.966800000000000000e+04
5.888550000000000000e+05
9.160880000000000000e+05
2.814300000000000000e+05
1.644353000000000000e+06
3.297970000000000000e+05
4.720700000000000000e+04
1.300032000000000000e+06
6.136440000000000000e+05
1.140534000000000000e+06
1.350080000000000000e+05
1.057811000000000000e+06
9.309360000000000000e+05
6.651780000000000000e+05
1.253413000000000000e+06
8.902790000000000000e+05
1.436005000000000000e+06
1.646550000000000000e+05
1.979860000000000000e+05
1.453673000000000000e+06
2.657000000000000000e+04
1.466224000000000000e+06
9.162340000000000000e+05
1.457727000000000000e+06
1.351740000000000000e+05
1.754710000000000000e+05
1.025440000000000000e+06
1.643534000000000000e+06
7.237100000000000000e+05
1.080907000000000000e+06
7.525300000000000000e+04
1.952560000000000000e+05
1.698532000000000000e+06
9.192700000000000000e+04
9.263530000000000000e+05
1.219398000000000000e+06
1.057514000000000000e+06
4.120000000000000000e+04
1.230679000000000000e+06
8.799000000000000000e+03
1.588806000000000000e+06
1.252313000000000000e+06
1.386209000000000000e+06
8.094200000000000000e+04
1.769131000000000000e+06
1.220190000000000000e+05
1.323570000000000000e+06
1.744408000000000000e+06
1.780075000000000000e+06
1.710132000000000000e+06
1.376565000000000000e+06
1.296755000000000000e+06
1.592795000000000000e+06
6.573410000000000000e+05
1.519993000000000000e+06
3.537460000000000000e+05
1.738588000000000000e+06
2.637450000000000000e+05
1.011238000000000000e+06
7.244540000000000000e+05
9.234050000000000000e+05
9.183660000000000000e+05
1.798662000000000000e+06
1.489072000000000000e+06
8.171000000000000000e+03
1.319264000000000000e+06
4.610570000000000000e+05
1.782987000000000000e+06
1.204073000000000000e+06
1.854675000000000000e+06
1.237419000000000000e+06
2.646400000000000000e+05
1.289542000000000000e+06
1.212608000000000000e+06
2.600240000000000000e+05
9.539260000000000000e+05
2.824180000000000000e+05
1.206317000000000000e+06
2.781570000000000000e+05
5.755210000000000000e+05
5.564670000000000000e+05
1.257006000000000000e+06
6.793200000000000000e+04
4.456870000000000000e+05
1.141495000000000000e+06
2.301300000000000000e+05
1.308293000000000000e+06
1.593750000000000000e+05
1.429750000000000000e+05
5.047360000000000000e+05
1.455965000000000000e+06
2.956480000000000000e+05
2.684810000000000000e+05
2.873870000000000000e+05
8.420300000000000000e+04
6.589800000000000000e+04
1.632920000000000000e+06
1.765966000000000000e+06
1.294984000000000000e+06
7.966650000000000000e+05
3.833590000000000000e+05
1.223637000000000000e+06
1.657821000000000000e+06
1.634007000000000000e+06
2.587530000000000000e+05
1.696008000000000000e+06
3.749210000000000000e+05
7.460300000000000000e+04
1.945500000000000000e+04
1.978550000000000000e+05
1.217194000000000000e+06
2.412910000000000000e+05
1.510060000000000000e+06
2.600730000000000000e+05
1.777721000000000000e+06
1.111079000000000000e+06
5.672400000000000000e+05
6.564020000000000000e+05
1.450474000000000000e+06
8.910300000000000000e+04
6.378380000000000000e+05
1.270533000000000000e+06
8.993600000000000000e+05
1.271899000000000000e+06
2.235780000000000000e+05
1.426390000000000000e+06
3.303670000000000000e+05
1.605611000000000000e+06
3.115020000000000000e+05
1.455161000000000000e+06
1.713603000000000000e+06
1.634166000000000000e+06
1.384972000000000000e+06
1.198000000000000000e+06
2.563140000000000000e+05
5.004320000000000000e+05
1.391210000000000000e+05
1.306641000000000000e+06
3.858200000000000000e+05
5.999710000000000000e+05
1.977550000000000000e+05
1.195839000000000000e+06
1.318327000000000000e+06
2.536550000000000000e+05
4.187120000000000000e+05
2.329890000000000000e+05
6.593500000000000000e+04
1.758331000000000000e+06
5.532120000000000000e+05
1.365335000000000000e+06
1.713121000000000000e+06
1.479925000000000000e+06
1.643805000000000000e+06
1.063712000000000000e+06
1.142629000000000000e+06
5.246400000000000000e+05
2.391830000000000000e+05
1.162369000000000000e+06
2.513260000000000000e+05
1.362133000000000000e+06
9.958700000000000000e+05
2.808810000000000000e+05
8.999880000000000000e+05
1.378021000000000000e+06
1.669518000000000000e+06
1.489328000000000000e+06
1.633275000000000000e+06
1.665415000000000000e+06
5.668860000000000000e+05
9.413140000000000000e+05
1.623551000000000000e+06
7.269870000000000000e+05
2.725110000000000000e+05
5.030990000000000000e+05
1.358842000000000000e+06
1.133628000000000000e+06
4.390940000000000000e+05
2.674280000000000000e+05
1.043054000000000000e+06
1.354244000000000000e+06
1.741402000000000000e+06
1.373620000000000000e+06
1.108953000000000000e+06
1.282902000000000000e+06
9.275000000000000000e+05
2.247980000000000000e+05
5.847560000000000000e+05
5.430560000000000000e+05
2.308180000000000000e+05
2.785770000000000000e+05
2.683300000000000000e+05
4.215060000000000000e+05
6.681590000000000000e+05
1.088599000000000000e+06
2.883000000000000000e+05
1.103796000000000000e+06
1.061568000000000000e+06
1.529300000000000000e+05
5.950770000000000000e+05
1.462646000000000000e+06
1.780532000000000000e+06
5.416550000000000000e+05
4.748700000000000000e+05
1.808526000000000000e+06
3.895620000000000000e+05
5.136840000000000000e+05
9.534580000000000000e+05
1.054454000000000000e+06
9.221400000000000000e+04
1.971410000000000000e+05
1.662082000000000000e+06
1.036420000000000000e+06
1.778592000000000000e+06
1.474269000000000000e+06
4.092660000000000000e+05
1.574774000000000000e+06
1.638815000000000000e+06
5.724420000000000000e+05
1.086871000000000000e+06
7.201120000000000000e+05
1.620425000000000000e+06
1.282016000000000000e+06
1.055296000000000000e+06
1.248512000000000000e+06
1.254344000000000000e+06
6.985410000000000000e+05
1.775700000000000000e+04
1.297204000000000000e+06
1.986000000000000000e+04
1.218002000000000000e+06
2.908980000000000000e+05
3.776630000000000000e+05
1.566759000000000000e+06
1.023847000000000000e+06
2.442850000000000000e+05
1.748855000000000000e+06
2.597270000000000000e+05
8.990660000000000000e+05
2.255360000000000000e+05
5.729990000000000000e+05
1.152114000000000000e+06
1.085174000000000000e+06
8.248700000000000000e+04
7.406400000000000000e+04
1.607062000000000000e+06
1.228664000000000000e+06
1.218819000000000000e+06
1.234000000000000000e+04
1.274728000000000000e+06
3.738620000000000000e+05
1.418606000000000000e+06
1.350546000000000000e+06
5.208110000000000000e+05
1.134387000000000000e+06
5.054580000000000000e+05
1.661878000000000000e+06
1.209205000000000000e+06
3.650420000000000000e+05
1.378317000000000000e+06
1.259377000000000000e+06
1.036869000000000000e+06
1.683800000000000000e+05
3.211340000000000000e+05
1.250671000000000000e+06
1.565085000000000000e+06
6.524500000000000000e+05
5.445450000000000000e+05
2.667200000000000000e+05
1.068676000000000000e+06
1.456628000000000000e+06
1.766350000000000000e+06
1.374390000000000000e+05
5.621100000000000000e+04
4.180580000000000000e+05
1.196240000000000000e+06
1.736751000000000000e+06
1.518348000000000000e+06
4.083250000000000000e+05
1.618010000000000000e+06
1.702800000000000000e+04
1.934880000000000000e+05
1.203740000000000000e+05
1.816374000000000000e+06
2.469820000000000000e+05
1.330579000000000000e+06
1.082773000000000000e+06
1.127988000000000000e+06
7.377650000000000000e+05
1.526386000000000000e+06
6.138950000000000000e+05
5.316260000000000000e+05
1.741681000000000000e+06
1.080795000000000000e+06
1.398181000000000000e+06
2.316440000000000000e+05
2.485500000000000000e+05
1.808936000000000000e+06
9.390730000000000000e+05
1.106984000000000000e+06
1.210589000000000000e+06
1.228558000000000000e+06
1.837014000000000000e+06
1.139245000000000000e+06
7.044600000000000000e+05
1.657462000000000000e+06
1.432696000000000000e+06
6.603770000000000000e+05
1.252206000000000000e+06
4.098910000000000000e+05
1.652170000000000000e+05
1.527380000000000000e+06
1.735340000000000000e+06
3.847040000000000000e+05
1.361776000000000000e+06
3.895250000000000000e+05
1.069149000000000000e+06
7.226960000000000000e+05
6.944440000000000000e+05
6.715450000000000000e+05
1.646576000000000000e+06
8.691230000000000000e+05
1.334112000000000000e+06
1.721660000000000000e+06
1.258424000000000000e+06
1.706255000000000000e+06
7.288120000000000000e+05
4.694810000000000000e+05
1.080012000000000000e+06
1.866400000000000000e+04
8.160100000000000000e+04
4.286000000000000000e+05
4.513660000000000000e+05
1.739316000000000000e+06
6.908530000000000000e+05
1.081412000000000000e+06
1.114045000000000000e+06
4.577900000000000000e+05
5.287800000000000000e+04
1.095238000000000000e+06
2.554000000000000000e+03
1.820469000000000000e+06
1.832644000000000000e+06
1.380996000000000000e+06
1.767899000000000000e+06
2.673390000000000000e+05
1.225051000000000000e+06
6.746020000000000000e+05
3.993970000000000000e+05
5.948790000000000000e+05
3.470900000000000000e+04
1.669843000000000000e+06
1.085348000000000000e+06
1.650959000000000000e+06
1.742652000000000000e+06
1.124306000000000000e+06
1.055184000000000000e+06
2.856860000000000000e+05
1.689417000000000000e+06
2.563740000000000000e+05
1.749784000000000000e+06
1.834927000000000000e+06
1.672952000000000000e+06
1.283438000000000000e+06
6.107220000000000000e+05
1.254116000000000000e+06
1.695684000000000000e+06
7.083900000000000000e+05
2.887640000000000000e+05
1.597071000000000000e+06
1.165629000000000000e+06
1.085814000000000000e+06
6.110000000000000000e+03
1.615243000000000000e+06
4.624520000000000000e+05
7.192710000000000000e+05
1.107927000000000000e+06
1.062816000000000000e+06
1.688629000000000000e+06
1.521672000000000000e+06
1.566080000000000000e+05
1.060657000000000000e+06
1.305667000000000000e+06
1.057975000000000000e+06
1.293270000000000000e+06
1.577553000000000000e+06
7.822400000000000000e+04
1.491547000000000000e+06
1.471895000000000000e+06
1.441419000000000000e+06
4.580600000000000000e+05
1.607172000000000000e+06
3.534960000000000000e+05
1.622018000000000000e+06
1.268210000000000000e+06
1.488364000000000000e+06
1.653624000000000000e+06
1.635543000000000000e+06
1.318150000000000000e+06
9.070940000000000000e+05
2.902700000000000000e+05
1.129132000000000000e+06
6.708070000000000000e+05
6.561770000000000000e+05
1.365144000000000000e+06
3.963430000000000000e+05
2.032460000000000000e+05
2.525490000000000000e+05
1.471315000000000000e+06
1.274889000000000000e+06
1.614380000000000000e+06
2.310220000000000000e+05
1.490412000000000000e+06
5.980050000000000000e+05
1.216030000000000000e+05
4.548630000000000000e+05
1.294108000000000000e+06
1.816498000000000000e+06
1.514300000000000000e+06
1.658300000000000000e+06
5.980160000000000000e+05
1.474953000000000000e+06
4.031450000000000000e+05
8.067100000000000000e+04
3.893700000000000000e+05
9.238600000000000000e+04
1.731354000000000000e+06
3.438800000000000000e+04
9.343300000000000000e+05
1.098053000000000000e+06
4.948590000000000000e+05
5.223700000000000000e+04
1.339345000000000000e+06
1.324401000000000000e+06
4.434290000000000000e+05
4.260010000000000000e+05
1.305452000000000000e+06
1.764466000000000000e+06
1.437543000000000000e+06
4.140510000000000000e+05
6.900320000000000000e+05
9.951340000000000000e+05
1.323355000000000000e+06
6.899100000000000000e+04
1.606895000000000000e+06
1.260319000000000000e+06
1.377829000000000000e+06
1.977260000000000000e+05
4.646480000000000000e+05
1.698626000000000000e+06
1.490480000000000000e+05
1.673636000000000000e+06
1.206967000000000000e+06
1.224871000000000000e+06
1.439550000000000000e+05
1.448627000000000000e+06
1.456576000000000000e+06
1.710714000000000000e+06
1.693468000000000000e+06
