2.662510000000000000e+05
1.123940000000000000e+06
9.254650000000000000e+05
1.319849000000000000e+06
1.263681000000000000e+06
1.135299000000000000e+06
1.740298000000000000e+06
1.177788000000000000e+06
2.661920000000000000e+05
1.334973000000000000e+06
1.604497000000000000e+06
1.125529000000000000e+06
2.659910000000000000e+05
1.137327000000000000e+06
9.195940000000000000e+05
1.693765000000000000e+06
1.016423000000000000e+06
1.306164000000000000e+06
4.635360000000000000e+05
2.316870000000000000e+05
5.522330000000000000e+05
9.250500000000000000e+05
8.488900000000000000e+04
2.648420000000000000e+05
2.658580000000000000e+05
1.691962000000000000e+06
1.249967000000000000e+06
1.127785000000000000e+06
1.750982000000000000e+06
1.375174000000000000e+06
2.646110000000000000e+05
2.306900000000000000e+05
1.694483000000000000e+06
1.136109000000000000e+06
1.843200000000000000e+04
1.217851000000000000e+06
1.751908000000000000e+06
4.440000000000000000e+02
2.648540000000000000e+05
1.120602000000000000e+06
1.167279000000000000e+06
1.689928000000000000e+06
1.178510000000000000e+06
1.318156000000000000e+06
1.498376000000000000e+06
1.766172000000000000e+06
1.266823000000000000e+06
1.438610000000000000e+06
2.835810000000000000e+05
2.616500000000000000e+05
1.320006000000000000e+06
1.062919000000000000e+06
9.209110000000000000e+05
3.861420000000000000e+05
6.943300000000000000e+04
6.358000000000000000e+05
1.166157000000000000e+06
1.385041000000000000e+06
1.606420000000000000e+06
1.319526000000000000e+06
6.719570000000000000e+05
1.693666000000000000e+06
1.115989000000000000e+06
2.726380000000000000e+05
1.368397000000000000e+06
2.845540000000000000e+05
2.241220000000000000e+05
1.225497000000000000e+06
9.636120000000000000e+05
2.663160000000000000e+05
1.350960000000000000e+05
1.971700000000000000e+05
1.122682000000000000e+06
1.778095000000000000e+06
1.266927000000000000e+06
5.397760000000000000e+05
1.265730000000000000e+06
9.285460000000000000e+05
1.249740000000000000e+06
1.132177000000000000e+06
1.741923000000000000e+06
1.645396000000000000e+06
1.030307000000000000e+06
1.019501000000000000e+06
2.451810000000000000e+05
1.215681000000000000e+06
9.145460000000000000e+05
9.198620000000000000e+05
1.639844000000000000e+06
9.240590000000000000e+05
9.168730000000000000e+05
1.190865000000000000e+06
2.649410000000000000e+05
5.429450000000000000e+05
1.750697000000000000e+06
9.120380000000000000e+05
2.746560000000000000e+05
1.740543000000000000e+06
1.134764000000000000e+06
1.250386000000000000e+06
2.643800000000000000e+05
7.723600000000000000e+04
1.121681000000000000e+06
2.858650000000000000e+05
1.363280000000000000e+05
1.248919000000000000e+06
1.177983000000000000e+06
1.641107000000000000e+06
1.319047000000000000e+06
1.336011000000000000e+06
2.662170000000000000e+05
1.695946000000000000e+06
6.418640000000000000e+05
4.648490000000000000e+05
4.658170000000000000e+05
1.321794000000000000e+06
6.140600000000000000e+05
1.128342000000000000e+06
1.577240000000000000e+05
1.123982000000000000e+06
1.018734000000000000e+06
1.014782000000000000e+06
1.050504000000000000e+06
1.485000000000000000e+06
2.578670000000000000e+05
4.636760000000000000e+05
1.739042000000000000e+06
2.608720000000000000e+05
1.035144000000000000e+06
1.461510000000000000e+05
1.973880000000000000e+05
5.775120000000000000e+05
1.112028000000000000e+06
1.123168000000000000e+06
1.137002000000000000e+06
1.585010000000000000e+05
2.764730000000000000e+05
1.734071000000000000e+06
9.118070000000000000e+05
1.367873000000000000e+06
1.766785000000000000e+06
1.175763000000000000e+06
9.265000000000000000e+05
9.279880000000000000e+05
1.274628000000000000e+06
1.189717000000000000e+06
1.262670000000000000e+06
1.194519000000000000e+06
4.667990000000000000e+05
1.453288000000000000e+06
1.691250000000000000e+06
1.740334000000000000e+06
8.983950000000000000e+05
1.074889000000000000e+06
5.352590000000000000e+05
1.130743000000000000e+06
9.199380000000000000e+05
1.124043000000000000e+06
5.789730000000000000e+05
2.610270000000000000e+05
1.455091000000000000e+06
1.309824000000000000e+06
1.304436000000000000e+06
1.061020000000000000e+06
8.389600000000000000e+04
9.165660000000000000e+05
2.309630000000000000e+05
1.602970000000000000e+06
3.428000000000000000e+03
1.017487000000000000e+06
1.337467000000000000e+06
1.200311000000000000e+06
2.677770000000000000e+05
5.031200000000000000e+05
1.633541000000000000e+06
5.459310000000000000e+05
1.319579000000000000e+06
2.844370000000000000e+05
8.123000000000000000e+04
2.589590000000000000e+05
1.009439000000000000e+06
1.332682000000000000e+06
1.320431000000000000e+06
1.264435000000000000e+06
1.372350000000000000e+05
5.588100000000000000e+04
1.982410000000000000e+05
9.952110000000000000e+05
1.216529000000000000e+06
2.286860000000000000e+05
1.265196000000000000e+06
1.439492000000000000e+06
1.644020000000000000e+06
1.252770000000000000e+06
5.656810000000000000e+05
1.693904000000000000e+06
9.665600000000000000e+05
1.657829000000000000e+06
9.259930000000000000e+05
1.168457000000000000e+06
2.784850000000000000e+05
1.187517000000000000e+06
1.166275000000000000e+06
6.366610000000000000e+05
6.810970000000000000e+05
1.656725000000000000e+06
1.138223000000000000e+06
1.327915000000000000e+06
4.169710000000000000e+05
1.261555000000000000e+06
1.607471000000000000e+06
9.430220000000000000e+05
7.707890000000000000e+05
1.296755000000000000e+06
1.136666000000000000e+06
1.842922000000000000e+06
9.578930000000000000e+05
1.412970000000000000e+05
1.166857000000000000e+06
1.318221000000000000e+06
1.499496000000000000e+06
9.456890000000000000e+05
1.113730000000000000e+06
9.255530000000000000e+05
8.640900000000000000e+04
9.193750000000000000e+05
1.766590000000000000e+05
1.456780000000000000e+06
1.693747000000000000e+06
3.838050000000000000e+05
1.989490000000000000e+05
1.418749000000000000e+06
1.141709000000000000e+06
1.766138000000000000e+06
1.655694000000000000e+06
1.375281000000000000e+06
1.118657000000000000e+06
1.375630000000000000e+06
7.288390000000000000e+05
2.759700000000000000e+05
1.108777000000000000e+06
2.670440000000000000e+05
9.936530000000000000e+05
1.167246000000000000e+06
1.752155000000000000e+06
9.242620000000000000e+05
2.578110000000000000e+05
1.301629000000000000e+06
5.675290000000000000e+05
1.830500000000000000e+04
1.415940000000000000e+05
1.607982000000000000e+06
1.486700000000000000e+05
1.676123000000000000e+06
5.499460000000000000e+05
1.319910000000000000e+06
1.299079000000000000e+06
4.916070000000000000e+05
1.156383000000000000e+06
1.128082000000000000e+06
1.260919000000000000e+06
8.969530000000000000e+05
1.752127000000000000e+06
2.074830000000000000e+05
1.369242000000000000e+06
4.619900000000000000e+05
9.042930000000000000e+05
1.741300000000000000e+06
1.375860000000000000e+06
1.075974000000000000e+06
1.047033000000000000e+06
6.823640000000000000e+05
1.507645000000000000e+06
1.603855000000000000e+06
1.809428000000000000e+06
1.262152000000000000e+06
1.591200000000000000e+05
1.604990000000000000e+06
1.199254000000000000e+06
2.683540000000000000e+05
3.457490000000000000e+05
1.780634000000000000e+06
1.376953000000000000e+06
1.224791000000000000e+06
5.355200000000000000e+05
7.231110000000000000e+05
3.400600000000000000e+04
9.428580000000000000e+05
1.268268000000000000e+06
1.060877000000000000e+06
2.643580000000000000e+05
1.494816000000000000e+06
9.265630000000000000e+05
1.728592000000000000e+06
1.225292000000000000e+06
1.737198000000000000e+06
4.688430000000000000e+05
1.508588000000000000e+06
1.315137000000000000e+06
9.508330000000000000e+05
1.007808000000000000e+06
9.015060000000000000e+05
1.455002000000000000e+06
1.095320000000000000e+06
1.217948000000000000e+06
2.575060000000000000e+05
5.853050000000000000e+05
1.685823000000000000e+06
1.010350000000000000e+06
6.829700000000000000e+04
1.588360000000000000e+05
1.227817000000000000e+06
1.023871000000000000e+06
1.739783000000000000e+06
2.631650000000000000e+05
1.032067000000000000e+06
4.631380000000000000e+05
1.728009000000000000e+06
1.125408000000000000e+06
1.155941000000000000e+06
1.631416000000000000e+06
1.264387000000000000e+06
2.274710000000000000e+05
1.829500000000000000e+04
5.505050000000000000e+05
1.475810000000000000e+06
2.669700000000000000e+05
1.007049000000000000e+06
1.710776000000000000e+06
5.735920000000000000e+05
1.213644000000000000e+06
1.436686000000000000e+06
1.634627000000000000e+06
1.820413000000000000e+06
9.207750000000000000e+05
6.376320000000000000e+05
1.426842000000000000e+06
1.966360000000000000e+05
1.317888000000000000e+06
1.445350000000000000e+05
1.318176000000000000e+06
1.179430000000000000e+06
1.741556000000000000e+06
3.836230000000000000e+05
1.136428000000000000e+06
1.183742000000000000e+06
1.032427000000000000e+06
5.092140000000000000e+05
4.709770000000000000e+05
5.529200000000000000e+05
4.124940000000000000e+05
6.375100000000000000e+05
1.602427000000000000e+06
1.319729000000000000e+06
1.452990000000000000e+06
4.647610000000000000e+05
9.534580000000000000e+05
8.910330000000000000e+05
1.285008000000000000e+06
1.412730000000000000e+05
1.711969000000000000e+06
9.088210000000000000e+05
1.809279000000000000e+06
1.047845000000000000e+06
1.265587000000000000e+06
5.495360000000000000e+05
1.268314000000000000e+06
7.346970000000000000e+05
1.320698000000000000e+06
1.337931000000000000e+06
1.345148000000000000e+06
1.194726000000000000e+06
6.364770000000000000e+05
1.045474000000000000e+06
1.455565000000000000e+06
9.355870000000000000e+05
1.643684000000000000e+06
1.383932000000000000e+06
7.622080000000000000e+05
1.250881000000000000e+06
1.656181000000000000e+06
1.310425000000000000e+06
3.925900000000000000e+04
2.631130000000000000e+05
1.766612000000000000e+06
5.882860000000000000e+05
6.718570000000000000e+05
1.291534000000000000e+06
2.647920000000000000e+05
1.336092000000000000e+06
1.438523000000000000e+06
8.971130000000000000e+05
1.654250000000000000e+06
6.870350000000000000e+05
1.117660000000000000e+06
2.694910000000000000e+05
1.708366000000000000e+06
1.218303000000000000e+06
1.267320000000000000e+06
9.255390000000000000e+05
4.393330000000000000e+05
1.300919000000000000e+06
1.766910000000000000e+06
5.026310000000000000e+05
1.334429000000000000e+06
1.308293000000000000e+06
5.849410000000000000e+05
1.640600000000000000e+04
6.123390000000000000e+05
1.192740000000000000e+05
1.324580000000000000e+06
2.080150000000000000e+05
4.126530000000000000e+05
2.458280000000000000e+05
1.691066000000000000e+06
1.980760000000000000e+05
1.322181000000000000e+06
6.609200000000000000e+05
1.593500000000000000e+05
9.933150000000000000e+05
1.752475000000000000e+06
1.424982000000000000e+06
1.806300000000000000e+04
1.767650000000000000e+06
1.657635000000000000e+06
2.308180000000000000e+05
1.738652000000000000e+06
1.677025000000000000e+06
1.212730000000000000e+06
1.947500000000000000e+04
1.320438000000000000e+06
6.922300000000000000e+04
6.543350000000000000e+05
1.514115000000000000e+06
1.083452000000000000e+06
1.751511000000000000e+06
9.333820000000000000e+05
2.597140000000000000e+05
2.301090000000000000e+05
1.185718000000000000e+06
1.461825000000000000e+06
2.073000000000000000e+03
1.637034000000000000e+06
1.440865000000000000e+06
4.782630000000000000e+05
1.005245000000000000e+06
5.233200000000000000e+04
2.652150000000000000e+05
1.620958000000000000e+06
1.440834000000000000e+06
1.640822000000000000e+06
1.067242000000000000e+06
8.067200000000000000e+04
1.131539000000000000e+06
2.380000000000000000e+03
1.263419000000000000e+06
1.408065000000000000e+06
2.328630000000000000e+05
2.887380000000000000e+05
1.385184000000000000e+06
7.205830000000000000e+05
1.250671000000000000e+06
2.611240000000000000e+05
1.757730000000000000e+05
9.184040000000000000e+05
3.091600000000000000e+05
6.384080000000000000e+05
6.254230000000000000e+05
1.832577000000000000e+06
2.562710000000000000e+05
1.306095000000000000e+06
1.608966000000000000e+06
9.304280000000000000e+05
1.648888000000000000e+06
9.312720000000000000e+05
1.357210000000000000e+05
1.318112000000000000e+06
6.367500000000000000e+05
5.316260000000000000e+05
1.316210000000000000e+06
1.096560000000000000e+05
1.253735000000000000e+06
1.116304000000000000e+06
1.956260000000000000e+05
1.134387000000000000e+06
1.803332000000000000e+06
1.266522000000000000e+06
1.062525000000000000e+06
1.305667000000000000e+06
1.456993000000000000e+06
4.466500000000000000e+04
1.469437000000000000e+06
1.369960000000000000e+05
1.233560000000000000e+05
8.981550000000000000e+05
1.215778000000000000e+06
5.833930000000000000e+05
5.804510000000000000e+05
2.674970000000000000e+05
1.088361000000000000e+06
1.638970000000000000e+06
1.727672000000000000e+06
5.054180000000000000e+05
1.994750000000000000e+05
3.005100000000000000e+04
1.165024000000000000e+06
1.498959000000000000e+06
8.058400000000000000e+04
6.725500000000000000e+04
1.706358000000000000e+06
4.988190000000000000e+05
9.513530000000000000e+05
1.187641000000000000e+06
1.133773000000000000e+06
1.741316000000000000e+06
6.013420000000000000e+05
1.136773000000000000e+06
1.378723000000000000e+06
4.682300000000000000e+05
1.141089000000000000e+06
1.106706000000000000e+06
1.216901000000000000e+06
1.334560000000000000e+06
4.704680000000000000e+05
9.100660000000000000e+05
9.162220000000000000e+05
1.744356000000000000e+06
1.231638000000000000e+06
1.363980000000000000e+05
1.278780000000000000e+06
9.623430000000000000e+05
2.267730000000000000e+05
3.894890000000000000e+05
2.558070000000000000e+05
4.013800000000000000e+04
5.456800000000000000e+05
1.055541000000000000e+06
6.816490000000000000e+05
1.832100000000000000e+05
1.321753000000000000e+06
6.810080000000000000e+05
9.174400000000000000e+05
9.310200000000000000e+05
1.686862000000000000e+06
1.841927000000000000e+06
9.012460000000000000e+05
1.323570000000000000e+06
4.589530000000000000e+05
1.246033000000000000e+06
1.758331000000000000e+06
9.862530000000000000e+05
6.595980000000000000e+05
1.231052000000000000e+06
2.443750000000000000e+05
5.386790000000000000e+05
2.247980000000000000e+05
4.366130000000000000e+05
1.738759000000000000e+06
4.262680000000000000e+05
5.598200000000000000e+04
1.436005000000000000e+06
1.438385000000000000e+06
3.925530000000000000e+05
1.833981000000000000e+06
1.384727000000000000e+06
9.273670000000000000e+05
1.447562000000000000e+06
1.056045000000000000e+06
1.178789000000000000e+06
1.030752000000000000e+06
1.436692000000000000e+06
1.157851000000000000e+06
1.429860000000000000e+05
1.766258000000000000e+06
1.132325000000000000e+06
1.847058000000000000e+06
1.105137000000000000e+06
1.166778000000000000e+06
1.353603000000000000e+06
2.646400000000000000e+05
1.423451000000000000e+06
5.351120000000000000e+05
1.182550000000000000e+05
3.375350000000000000e+05
1.741369000000000000e+06
1.696008000000000000e+06
4.956700000000000000e+05
2.465180000000000000e+05
2.356940000000000000e+05
1.213297000000000000e+06
1.690213000000000000e+06
1.166327000000000000e+06
1.612451000000000000e+06
1.274735000000000000e+06
2.743500000000000000e+05
6.397300000000000000e+04
9.273240000000000000e+05
1.327821000000000000e+06
1.282902000000000000e+06
1.694600000000000000e+05
5.011740000000000000e+05
2.989020000000000000e+05
5.842730000000000000e+05
1.230730000000000000e+06
6.593500000000000000e+04
1.341734000000000000e+06
3.738620000000000000e+05
1.183047000000000000e+06
1.361776000000000000e+06
1.735340000000000000e+06
1.180749000000000000e+06
1.378337000000000000e+06
1.679054000000000000e+06
5.668860000000000000e+05
1.690981000000000000e+06
6.365350000000000000e+05
9.170300000000000000e+04
1.204073000000000000e+06
9.129160000000000000e+05
1.306054000000000000e+06
5.629900000000000000e+04
1.668795000000000000e+06
5.799870000000000000e+05
8.987470000000000000e+05
1.269588000000000000e+06
1.323433000000000000e+06
1.108380000000000000e+06
1.114424000000000000e+06
3.870980000000000000e+05
1.177210000000000000e+05
1.105886000000000000e+06
4.014150000000000000e+05
1.488002000000000000e+06
1.643037000000000000e+06
1.132942000000000000e+06
1.747292000000000000e+06
6.792700000000000000e+04
2.215510000000000000e+05
1.261740000000000000e+06
1.320165000000000000e+06
7.846400000000000000e+04
4.565270000000000000e+05
1.188056000000000000e+06
6.728310000000000000e+05
4.196160000000000000e+05
8.910300000000000000e+04
1.416666000000000000e+06
3.832790000000000000e+05
2.576020000000000000e+05
1.736751000000000000e+06
1.816498000000000000e+06
1.634022000000000000e+06
1.179549000000000000e+06
2.563140000000000000e+05
1.855114000000000000e+06
1.128522000000000000e+06
2.536720000000000000e+05
4.640970000000000000e+05
1.376127000000000000e+06
1.574948000000000000e+06
1.369388000000000000e+06
1.602329000000000000e+06
8.667680000000000000e+05
5.445450000000000000e+05
1.199471000000000000e+06
6.143690000000000000e+05
1.130585000000000000e+06
1.247934000000000000e+06
2.306500000000000000e+05
7.686570000000000000e+05
2.617690000000000000e+05
4.057130000000000000e+05
2.939530000000000000e+05
1.225051000000000000e+06
1.710498000000000000e+06
1.024065000000000000e+06
3.333890000000000000e+05
2.795800000000000000e+05
1.386032000000000000e+06
5.167310000000000000e+05
1.642945000000000000e+06
9.206390000000000000e+05
1.059897000000000000e+06
9.328060000000000000e+05
1.688832000000000000e+06
1.744639000000000000e+06
6.778790000000000000e+05
2.109100000000000000e+05
1.856672000000000000e+06
6.746020000000000000e+05
1.182503000000000000e+06
2.902700000000000000e+05
1.119279000000000000e+06
1.766559000000000000e+06
9.935800000000000000e+05
1.574837000000000000e+06
1.087621000000000000e+06
1.282016000000000000e+06
1.192301000000000000e+06
1.132386000000000000e+06
1.364779000000000000e+06
1.187073000000000000e+06
1.782987000000000000e+06
9.137630000000000000e+05
8.101600000000000000e+05
8.643230000000000000e+05
1.651881000000000000e+06
6.812600000000000000e+05
4.414670000000000000e+05
1.710067000000000000e+06
6.373150000000000000e+05
1.179320000000000000e+06
1.179881000000000000e+06
1.651912000000000000e+06
1.606759000000000000e+06
1.155277000000000000e+06
3.491660000000000000e+05
1.441805000000000000e+06
1.224863000000000000e+06
2.305230000000000000e+05
2.552310000000000000e+05
1.345440000000000000e+05
1.514466000000000000e+06
1.752362000000000000e+06
1.669843000000000000e+06
4.607750000000000000e+05
4.981950000000000000e+05
6.717560000000000000e+05
1.743166000000000000e+06
9.173570000000000000e+05
7.834600000000000000e+04
4.651420000000000000e+05
1.273820000000000000e+05
1.323750000000000000e+06
1.789940000000000000e+05
5.796330000000000000e+05
2.710700000000000000e+05
9.283390000000000000e+05
9.398440000000000000e+05
6.580800000000000000e+04
1.152859000000000000e+06
6.592870000000000000e+05
1.738573000000000000e+06
1.743156000000000000e+06
1.755181000000000000e+06
5.854050000000000000e+05
1.324418000000000000e+06
1.529300000000000000e+05
1.588806000000000000e+06
1.004409000000000000e+06
1.820883000000000000e+06
6.829100000000000000e+05
1.605611000000000000e+06
5.828250000000000000e+05
1.093849000000000000e+06
2.883000000000000000e+05
1.066800000000000000e+05
5.842470000000000000e+05
9.202370000000000000e+05
8.917000000000000000e+04
1.300811000000000000e+06
4.702190000000000000e+05
6.561770000000000000e+05
1.225557000000000000e+06
1.063343000000000000e+06
3.423500000000000000e+05
1.359150000000000000e+05
7.142540000000000000e+05
1.060316000000000000e+06
1.025551000000000000e+06
1.348230000000000000e+06
1.194302000000000000e+06
1.702800000000000000e+04
1.641799000000000000e+06
1.415603000000000000e+06
4.278520000000000000e+05
1.646576000000000000e+06
1.213714000000000000e+06
5.249190000000000000e+05
8.511200000000000000e+04
1.061568000000000000e+06
5.114000000000000000e+03
1.659642000000000000e+06
1.359678000000000000e+06
1.267268000000000000e+06
2.210320000000000000e+05
2.794110000000000000e+05
1.142958000000000000e+06
1.863820000000000000e+05
1.845797000000000000e+06
1.847089000000000000e+06
1.741150000000000000e+06
1.376281000000000000e+06
2.629150000000000000e+05
1.421697000000000000e+06
1.661858000000000000e+06
1.343255000000000000e+06
1.274259000000000000e+06
3.115020000000000000e+05
2.715740000000000000e+05
1.777172000000000000e+06
1.587518000000000000e+06
6.579400000000000000e+04
2.844560000000000000e+05
1.253119000000000000e+06
1.452243000000000000e+06
1.268875000000000000e+06
2.298380000000000000e+05
2.320460000000000000e+05
3.866940000000000000e+05
5.527240000000000000e+05
1.084025000000000000e+06
1.261669000000000000e+06
5.015480000000000000e+05
1.027507000000000000e+06
2.012200000000000000e+04
1.520872000000000000e+06
7.010440000000000000e+05
1.721660000000000000e+06
7.621600000000000000e+04
1.232676000000000000e+06
1.489328000000000000e+06
1.597061000000000000e+06
1.289904000000000000e+06
5.847560000000000000e+05
1.366280000000000000e+06
1.367903000000000000e+06
1.318327000000000000e+06
1.141693000000000000e+06
1.289542000000000000e+06
1.837203000000000000e+06
8.080000000000000000e+03
3.656240000000000000e+05
1.767899000000000000e+06
1.693831000000000000e+06
2.704520000000000000e+05
1.457816000000000000e+06
1.097800000000000000e+04
1.238424000000000000e+06
5.930400000000000000e+05
1.606570000000000000e+06
6.985410000000000000e+05
9.201230000000000000e+05
1.164210000000000000e+05
1.160545000000000000e+06
2.846830000000000000e+05
1.239780000000000000e+05
1.017244000000000000e+06
3.295730000000000000e+05
1.822043000000000000e+06
2.580880000000000000e+05
1.808647000000000000e+06
1.539945000000000000e+06
1.739996000000000000e+06
2.001020000000000000e+05
1.893390000000000000e+05
4.640430000000000000e+05
1.106190000000000000e+06
3.510840000000000000e+05
6.844050000000000000e+05
1.268382000000000000e+06
1.704386000000000000e+06
1.810048000000000000e+06
1.152114000000000000e+06
4.226120000000000000e+05
2.975530000000000000e+05
1.477939000000000000e+06
6.374100000000000000e+05
1.711225000000000000e+06
1.607062000000000000e+06
2.637080000000000000e+05
6.404500000000000000e+05
1.843509000000000000e+06
1.633275000000000000e+06
1.165585000000000000e+06
1.368691000000000000e+06
9.243800000000000000e+04
9.444630000000000000e+05
1.665683000000000000e+06
1.521672000000000000e+06
1.191434000000000000e+06
5.993500000000000000e+05
1.228225000000000000e+06
1.140534000000000000e+06
1.851875000000000000e+06
6.641550000000000000e+05
1.145858000000000000e+06
4.594630000000000000e+05
1.380996000000000000e+06
7.095080000000000000e+05
9.428800000000000000e+04
5.053960000000000000e+05
4.933780000000000000e+05
1.365144000000000000e+06
1.378076000000000000e+06
1.692668000000000000e+06
8.420300000000000000e+04
4.197700000000000000e+04
1.426744000000000000e+06
9.293770000000000000e+05
3.920400000000000000e+04
7.288120000000000000e+05
1.471895000000000000e+06
1.085348000000000000e+06
1.850512000000000000e+06
2.153060000000000000e+05
1.667440000000000000e+05
2.252370000000000000e+05
2.908980000000000000e+05
1.043402000000000000e+06
2.781570000000000000e+05
1.133039000000000000e+06
9.514820000000000000e+05
1.187293000000000000e+06
1.213096000000000000e+06
1.691286000000000000e+06
1.812547000000000000e+06
8.977700000000000000e+04
5.819100000000000000e+04
1.718959000000000000e+06
1.433794000000000000e+06
1.739180000000000000e+06
6.408480000000000000e+05
1.527628000000000000e+06
1.163103000000000000e+06
1.468277000000000000e+06
1.415520000000000000e+05
1.853442000000000000e+06
7.607400000000000000e+04
4.903340000000000000e+05
1.025016000000000000e+06
5.129130000000000000e+05
1.838470000000000000e+06
4.365210000000000000e+05
1.033908000000000000e+06
1.264777000000000000e+06
2.297080000000000000e+05
6.724470000000000000e+05
6.570990000000000000e+05
1.137483000000000000e+06
1.130982000000000000e+06
1.952560000000000000e+05
1.204803000000000000e+06
1.640416000000000000e+06
1.778213000000000000e+06
3.955220000000000000e+05
2.657810000000000000e+05
1.264603000000000000e+06
5.695830000000000000e+05
7.820300000000000000e+04
1.693468000000000000e+06
1.666630000000000000e+05
9.539260000000000000e+05
2.244360000000000000e+05
5.359140000000000000e+05
1.995540000000000000e+05
9.241560000000000000e+05
4.070000000000000000e+05
1.331848000000000000e+06
2.856860000000000000e+05
4.401230000000000000e+05
1.470896000000000000e+06
7.201120000000000000e+05
1.455965000000000000e+06
9.056030000000000000e+05
1.510060000000000000e+06
4.363100000000000000e+04
5.522400000000000000e+04
4.689300000000000000e+05
1.319264000000000000e+06
1.079040000000000000e+06
1.241396000000000000e+06
1.587480000000000000e+05
1.309360000000000000e+05
1.392170000000000000e+05
1.605736000000000000e+06
1.499604000000000000e+06
1.384972000000000000e+06
6.573410000000000000e+05
7.352250000000000000e+05
2.159560000000000000e+05
2.310220000000000000e+05
4.994600000000000000e+05
1.264118000000000000e+06
5.823400000000000000e+05
7.524000000000000000e+04
5.730500000000000000e+04
2.030400000000000000e+04
9.461250000000000000e+05
8.942690000000000000e+05
2.446030000000000000e+05
1.369211000000000000e+06
2.657000000000000000e+04
1.758096000000000000e+06
1.223637000000000000e+06
3.580000000000000000e+02
