2.662510000000000000e+05
1.123501000000000000e+06
1.320023000000000000e+06
9.254650000000000000e+05
1.262716000000000000e+06
1.134984000000000000e+06
1.740298000000000000e+06
1.177407000000000000e+06
1.124939000000000000e+06
1.136484000000000000e+06
1.334973000000000000e+06
1.017191000000000000e+06
2.661920000000000000e+05
1.605466000000000000e+06
2.659910000000000000e+05
2.667230000000000000e+05
1.179029000000000000e+06
2.648420000000000000e+05
1.751023000000000000e+06
1.694455000000000000e+06
4.635360000000000000e+05
1.115989000000000000e+06
2.658580000000000000e+05
4.440000000000000000e+02
1.127785000000000000e+06
1.217851000000000000e+06
1.121681000000000000e+06
8.715000000000000000e+04
1.766172000000000000e+06
1.136109000000000000e+06
1.498376000000000000e+06
1.134562000000000000e+06
2.315670000000000000e+05
1.375174000000000000e+06
9.195940000000000000e+05
1.751908000000000000e+06
1.062919000000000000e+06
1.694245000000000000e+06
1.843200000000000000e+04
1.306164000000000000e+06
2.646110000000000000e+05
1.262327000000000000e+06
1.689991000000000000e+06
1.225491000000000000e+06
6.159960000000000000e+05
1.438610000000000000e+06
1.249967000000000000e+06
1.030018000000000000e+06
2.306900000000000000e+05
5.522860000000000000e+05
2.616500000000000000e+05
6.341180000000000000e+05
1.318106000000000000e+06
1.691603000000000000e+06
1.130743000000000000e+06
1.368279000000000000e+06
9.250500000000000000e+05
9.656610000000000000e+05
1.120474000000000000e+06
3.861420000000000000e+05
1.266927000000000000e+06
1.031984000000000000e+06
1.639507000000000000e+06
9.227390000000000000e+05
1.320006000000000000e+06
1.131257000000000000e+06
2.451620000000000000e+05
1.350960000000000000e+05
1.177983000000000000e+06
1.120441000000000000e+06
1.741892000000000000e+06
2.835810000000000000e+05
6.718030000000000000e+05
2.663160000000000000e+05
1.579100000000000000e+05
1.645396000000000000e+06
1.766785000000000000e+06
1.319329000000000000e+06
4.648490000000000000e+05
1.693666000000000000e+06
1.166783000000000000e+06
1.023783000000000000e+06
1.265730000000000000e+06
2.679120000000000000e+05
1.385041000000000000e+06
1.120602000000000000e+06
1.319579000000000000e+06
9.118640000000000000e+05
2.229950000000000000e+05
1.125886000000000000e+06
1.455091000000000000e+06
9.240590000000000000e+05
1.045414000000000000e+06
9.120380000000000000e+05
1.766138000000000000e+06
1.750697000000000000e+06
2.649410000000000000e+05
1.733920000000000000e+06
1.336034000000000000e+06
1.112438000000000000e+06
1.061038000000000000e+06
1.321794000000000000e+06
1.123885000000000000e+06
2.578670000000000000e+05
4.667990000000000000e+05
1.778095000000000000e+06
1.740543000000000000e+06
6.963000000000000000e+04
1.013077000000000000e+06
2.844370000000000000e+05
1.309824000000000000e+06
1.008869000000000000e+06
5.416410000000000000e+05
1.274628000000000000e+06
5.789730000000000000e+05
6.418640000000000000e+05
1.967060000000000000e+05
1.641107000000000000e+06
9.285460000000000000e+05
1.034060000000000000e+06
1.262670000000000000e+06
2.643800000000000000e+05
2.670440000000000000e+05
2.845540000000000000e+05
7.810600000000000000e+04
1.740099000000000000e+06
1.303365000000000000e+06
8.295900000000000000e+04
1.166318000000000000e+06
1.657829000000000000e+06
1.262066000000000000e+06
1.017547000000000000e+06
4.661560000000000000e+05
4.179870000000000000e+05
1.260639000000000000e+06
1.320459000000000000e+06
1.710547000000000000e+06
1.183742000000000000e+06
1.060877000000000000e+06
1.507645000000000000e+06
1.674833000000000000e+06
1.372350000000000000e+05
2.726380000000000000e+05
1.695946000000000000e+06
1.337931000000000000e+06
1.319047000000000000e+06
1.337467000000000000e+06
1.693747000000000000e+06
1.013188000000000000e+06
1.739042000000000000e+06
1.113730000000000000e+06
1.319094000000000000e+06
1.132942000000000000e+06
9.244100000000000000e+05
1.439492000000000000e+06
1.248899000000000000e+06
2.618800000000000000e+05
9.134390000000000000e+05
1.007808000000000000e+06
1.178022000000000000e+06
6.369190000000000000e+05
5.031200000000000000e+05
1.035893000000000000e+06
1.262152000000000000e+06
9.781810000000000000e+05
4.052770000000000000e+05
1.261669000000000000e+06
1.453205000000000000e+06
2.674970000000000000e+05
1.135361000000000000e+06
9.665600000000000000e+05
1.455573000000000000e+06
1.123982000000000000e+06
1.056045000000000000e+06
1.215681000000000000e+06
1.022192000000000000e+06
4.636760000000000000e+05
1.250386000000000000e+06
7.235550000000000000e+05
1.640822000000000000e+06
1.508588000000000000e+06
1.108777000000000000e+06
1.252784000000000000e+06
9.168730000000000000e+05
2.720640000000000000e+05
1.114424000000000000e+06
1.363280000000000000e+05
9.707770000000000000e+05
6.696650000000000000e+05
1.638970000000000000e+06
1.107081000000000000e+06
9.279880000000000000e+05
1.031412000000000000e+06
9.145460000000000000e+05
6.595980000000000000e+05
8.123000000000000000e+04
1.137002000000000000e+06
1.320165000000000000e+06
1.128342000000000000e+06
1.751511000000000000e+06
1.332682000000000000e+06
7.205830000000000000e+05
1.130639000000000000e+06
9.165660000000000000e+05
1.264387000000000000e+06
1.319910000000000000e+06
1.128082000000000000e+06
1.316903000000000000e+06
1.740334000000000000e+06
6.809820000000000000e+05
1.739783000000000000e+06
9.255390000000000000e+05
1.108123000000000000e+06
6.375100000000000000e+05
1.780634000000000000e+06
9.265000000000000000e+05
9.041150000000000000e+05
1.456780000000000000e+06
1.183843000000000000e+06
1.178789000000000000e+06
1.310425000000000000e+06
2.759700000000000000e+05
2.624450000000000000e+05
2.657200000000000000e+05
5.529200000000000000e+05
1.842842000000000000e+06
5.787310000000000000e+05
2.858650000000000000e+05
1.010350000000000000e+06
4.618290000000000000e+05
2.662170000000000000e+05
7.297880000000000000e+05
5.429450000000000000e+05
9.273670000000000000e+05
1.847058000000000000e+06
2.465180000000000000e+05
8.491800000000000000e+04
1.766559000000000000e+06
1.809279000000000000e+06
1.727845000000000000e+06
9.078780000000000000e+05
1.225238000000000000e+06
1.111256000000000000e+06
9.259930000000000000e+05
1.125408000000000000e+06
1.249740000000000000e+06
4.688430000000000000e+05
2.453480000000000000e+05
1.833988000000000000e+06
1.047616000000000000e+06
1.633541000000000000e+06
1.006226000000000000e+06
1.829500000000000000e+04
1.367873000000000000e+06
1.170649000000000000e+06
1.585010000000000000e+05
1.383932000000000000e+06
9.425070000000000000e+05
1.355650000000000000e+05
5.656810000000000000e+05
3.838050000000000000e+05
2.731080000000000000e+05
1.455002000000000000e+06
1.602150000000000000e+06
6.823640000000000000e+05
1.686862000000000000e+06
8.067200000000000000e+04
1.973880000000000000e+05
1.514115000000000000e+06
1.357559000000000000e+06
1.440865000000000000e+06
1.136428000000000000e+06
6.154720000000000000e+05
1.118119000000000000e+06
1.475810000000000000e+06
4.466500000000000000e+04
1.499395000000000000e+06
1.216562000000000000e+06
9.166150000000000000e+05
1.612286000000000000e+06
1.132325000000000000e+06
1.044318000000000000e+06
1.024466000000000000e+06
1.060855000000000000e+06
1.766154000000000000e+06
1.479930000000000000e+05
2.631130000000000000e+05
1.637585000000000000e+06
1.141622000000000000e+06
1.168457000000000000e+06
9.162220000000000000e+05
1.192708000000000000e+06
2.074830000000000000e+05
9.249610000000000000e+05
4.230000000000000000e+02
1.217856000000000000e+06
1.741150000000000000e+06
4.631380000000000000e+05
1.752155000000000000e+06
1.179430000000000000e+06
1.591910000000000000e+05
1.248157000000000000e+06
1.606793000000000000e+06
1.055541000000000000e+06
2.669700000000000000e+05
1.262942000000000000e+06
1.261319000000000000e+06
9.199380000000000000e+05
1.130585000000000000e+06
4.394480000000000000e+05
1.300811000000000000e+06
1.766612000000000000e+06
1.375860000000000000e+06
5.459310000000000000e+05
1.183270000000000000e+05
1.509936000000000000e+06
1.766182000000000000e+06
1.752805000000000000e+06
1.644020000000000000e+06
1.128683000000000000e+06
1.657087000000000000e+06
1.253413000000000000e+06
2.764730000000000000e+05
1.741316000000000000e+06
1.456993000000000000e+06
2.631650000000000000e+05
1.205337000000000000e+06
1.746084000000000000e+06
9.129160000000000000e+05
1.200542000000000000e+06
4.370960000000000000e+05
2.274710000000000000e+05
1.188056000000000000e+06
1.655437000000000000e+06
1.734612000000000000e+06
3.836230000000000000e+05
2.286860000000000000e+05
1.166857000000000000e+06
1.606702000000000000e+06
1.265587000000000000e+06
1.228225000000000000e+06
1.727834000000000000e+06
1.767326000000000000e+06
2.380000000000000000e+03
1.251357000000000000e+06
1.114552000000000000e+06
1.292877000000000000e+06
5.026310000000000000e+05
1.180749000000000000e+06
1.322230000000000000e+06
1.152114000000000000e+06
9.093700000000000000e+05
9.504960000000000000e+05
4.645200000000000000e+05
2.301090000000000000e+05
1.744639000000000000e+06
5.588100000000000000e+04
1.691945000000000000e+06
1.602647000000000000e+06
1.711225000000000000e+06
1.138004000000000000e+06
1.690109000000000000e+06
9.173570000000000000e+05
7.352250000000000000e+05
1.337979000000000000e+06
6.388570000000000000e+05
1.335614000000000000e+06
1.025016000000000000e+06
9.456890000000000000e+05
9.923270000000000000e+05
9.273240000000000000e+05
2.600100000000000000e+05
2.609860000000000000e+05
1.199254000000000000e+06
2.320460000000000000e+05
1.028903000000000000e+06
1.965990000000000000e+05
1.384727000000000000e+06
1.233930000000000000e+05
9.428580000000000000e+05
1.728592000000000000e+06
1.375403000000000000e+06
2.784850000000000000e+05
1.457983000000000000e+06
1.125900000000000000e+06
9.622880000000000000e+05
1.267320000000000000e+06
7.707890000000000000e+05
1.693904000000000000e+06
4.916070000000000000e+05
1.194745000000000000e+06
2.589590000000000000e+05
1.162369000000000000e+06
1.375719000000000000e+06
8.937360000000000000e+05
2.252370000000000000e+05
1.375205000000000000e+06
2.680360000000000000e+05
1.048394000000000000e+06
2.659320000000000000e+05
1.074178000000000000e+06
3.868880000000000000e+05
5.407540000000000000e+05
4.607750000000000000e+05
9.015060000000000000e+05
6.859300000000000000e+05
8.969530000000000000e+05
1.497285000000000000e+06
8.489700000000000000e+04
1.321753000000000000e+06
1.455965000000000000e+06
1.602970000000000000e+06
4.611480000000000000e+05
1.128130000000000000e+06
4.689300000000000000e+05
1.109839000000000000e+06
1.115355000000000000e+06
1.384596000000000000e+06
1.129779000000000000e+06
6.218600000000000000e+05
4.672260000000000000e+05
1.438385000000000000e+06
2.109100000000000000e+05
1.190865000000000000e+06
1.499604000000000000e+06
1.319264000000000000e+06
1.640741000000000000e+06
1.655694000000000000e+06
6.367500000000000000e+05
1.315955000000000000e+06
1.213369000000000000e+06
6.347520000000000000e+05
1.319955000000000000e+06
2.298380000000000000e+05
9.255530000000000000e+05
1.249080000000000000e+05
1.744356000000000000e+06
1.195341000000000000e+06
1.657435000000000000e+06
4.167570000000000000e+05
9.042930000000000000e+05
1.125213000000000000e+06
1.264603000000000000e+06
1.364779000000000000e+06
1.231638000000000000e+06
5.385550000000000000e+05
1.743166000000000000e+06
1.956260000000000000e+05
1.035543000000000000e+06
1.155941000000000000e+06
1.178589000000000000e+06
1.371290000000000000e+06
1.381605000000000000e+06
1.830500000000000000e+04
8.007000000000000000e+04
1.500633000000000000e+06
1.777889000000000000e+06
1.323570000000000000e+06
1.106706000000000000e+06
2.328630000000000000e+05
1.081412000000000000e+06
1.231403000000000000e+06
1.017575000000000000e+06
1.319729000000000000e+06
2.319040000000000000e+05
1.082151000000000000e+06
1.738731000000000000e+06
5.495360000000000000e+05
1.691250000000000000e+06
8.691230000000000000e+05
1.485000000000000000e+06
1.259377000000000000e+06
6.384280000000000000e+05
9.937930000000000000e+05
1.161599000000000000e+06
6.123390000000000000e+05
1.454157000000000000e+06
2.845000000000000000e+03
9.543430000000000000e+05
9.183420000000000000e+05
1.077870000000000000e+06
6.437000000000000000e+05
1.060630000000000000e+06
4.177370000000000000e+05
9.935800000000000000e+05
1.452990000000000000e+06
1.198509000000000000e+06
1.136666000000000000e+06
2.715740000000000000e+05
1.438523000000000000e+06
1.218002000000000000e+06
1.498465000000000000e+06
1.228067000000000000e+06
1.320813000000000000e+06
1.079040000000000000e+06
4.110620000000000000e+05
1.962480000000000000e+05
1.216901000000000000e+06
1.095320000000000000e+06
4.782630000000000000e+05
1.137483000000000000e+06
1.249067000000000000e+06
1.182550000000000000e+05
1.421697000000000000e+06
1.685203000000000000e+06
7.346970000000000000e+05
1.268268000000000000e+06
1.224791000000000000e+06
2.615610000000000000e+05
1.641799000000000000e+06
1.366748000000000000e+06
1.359173000000000000e+06
1.662145000000000000e+06
1.708431000000000000e+06
1.212756000000000000e+06
1.106984000000000000e+06
1.062212000000000000e+06
1.308630000000000000e+06
9.566530000000000000e+05
2.785770000000000000e+05
2.309630000000000000e+05
1.217877000000000000e+06
1.742953000000000000e+06
2.683540000000000000e+05
5.499460000000000000e+05
5.498850000000000000e+05
1.605736000000000000e+06
1.779078000000000000e+06
6.749410000000000000e+05
4.671040000000000000e+05
1.074182000000000000e+06
1.294750000000000000e+06
1.075974000000000000e+06
5.054400000000000000e+05
1.162494000000000000e+06
6.778790000000000000e+05
1.374390000000000000e+05
1.669764000000000000e+06
1.982410000000000000e+05
1.166392000000000000e+06
2.421960000000000000e+05
1.346600000000000000e+04
1.304554000000000000e+06
1.304362000000000000e+06
1.187293000000000000e+06
1.706361000000000000e+06
5.355200000000000000e+05
1.338344000000000000e+06
1.183047000000000000e+06
2.210320000000000000e+05
1.282016000000000000e+06
1.765966000000000000e+06
1.138167000000000000e+06
1.604990000000000000e+06
1.436005000000000000e+06
4.247120000000000000e+05
1.698626000000000000e+06
1.807600000000000000e+04
2.021000000000000000e+03
1.456510000000000000e+06
4.085550000000000000e+05
1.247934000000000000e+06
8.981550000000000000e+05
1.082773000000000000e+06
1.711348000000000000e+06
9.304280000000000000e+05
1.739180000000000000e+06
1.643805000000000000e+06
1.297976000000000000e+06
1.640416000000000000e+06
9.263530000000000000e+05
2.575060000000000000e+05
2.563140000000000000e+05
1.299079000000000000e+06
1.376281000000000000e+06
1.693400000000000000e+06
2.733480000000000000e+05
1.027507000000000000e+06
1.264118000000000000e+06
7.834600000000000000e+04
6.750930000000000000e+05
1.386980000000000000e+06
1.426842000000000000e+06
4.628790000000000000e+05
1.134756000000000000e+06
4.677000000000000000e+03
1.123494000000000000e+06
1.650902000000000000e+06
1.752529000000000000e+06
1.186856000000000000e+06
1.017244000000000000e+06
1.189717000000000000e+06
1.710776000000000000e+06
1.024085000000000000e+06
1.320438000000000000e+06
1.621980000000000000e+05
1.193811000000000000e+06
2.989020000000000000e+05
9.486080000000000000e+05
1.261834000000000000e+06
1.366280000000000000e+06
1.806300000000000000e+04
3.467900000000000000e+04
1.736751000000000000e+06
1.370165000000000000e+06
1.322542000000000000e+06
1.488247000000000000e+06
1.323355000000000000e+06
1.217948000000000000e+06
1.141693000000000000e+06
7.573610000000000000e+05
1.226365000000000000e+06
1.436686000000000000e+06
1.737198000000000000e+06
1.133628000000000000e+06
7.044600000000000000e+05
1.608617000000000000e+06
2.703950000000000000e+05
1.741556000000000000e+06
1.380996000000000000e+06
1.494816000000000000e+06
1.239470000000000000e+05
1.768710000000000000e+05
1.324418000000000000e+06
6.661440000000000000e+05
1.027140000000000000e+06
1.385184000000000000e+06
4.013800000000000000e+04
2.939530000000000000e+05
1.366551000000000000e+06
1.333299000000000000e+06
1.166087000000000000e+06
1.654361000000000000e+06
1.767866000000000000e+06
5.687470000000000000e+05
1.615901000000000000e+06
1.150373000000000000e+06
2.256180000000000000e+05
1.757900000000000000e+06
1.260422000000000000e+06
4.640970000000000000e+05
1.164210000000000000e+05
4.616390000000000000e+05
1.252313000000000000e+06
9.160880000000000000e+05
1.323226000000000000e+06
1.837014000000000000e+06
1.378317000000000000e+06
1.222547000000000000e+06
1.378076000000000000e+06
1.252206000000000000e+06
3.832790000000000000e+05
1.843000000000000000e+06
1.218432000000000000e+06
1.373620000000000000e+06
4.269600000000000000e+04
9.398070000000000000e+05
1.363095000000000000e+06
6.543350000000000000e+05
4.624520000000000000e+05
1.140534000000000000e+06
1.367903000000000000e+06
4.682030000000000000e+05
1.847039000000000000e+06
1.222360000000000000e+05
1.122716000000000000e+06
1.320698000000000000e+06
1.755155000000000000e+06
6.138810000000000000e+05
1.747714000000000000e+06
1.057811000000000000e+06
6.641550000000000000e+05
3.327330000000000000e+05
9.346400000000000000e+05
1.211192000000000000e+06
9.694300000000000000e+05
1.085814000000000000e+06
1.414087000000000000e+06
1.268173000000000000e+06
4.797030000000000000e+05
8.904000000000000000e+04
1.643681000000000000e+06
1.707369000000000000e+06
2.728030000000000000e+05
1.225557000000000000e+06
1.429004000000000000e+06
1.443213000000000000e+06
9.382440000000000000e+05
1.631416000000000000e+06
2.578110000000000000e+05
9.174400000000000000e+05
1.171000000000000000e+03
1.248512000000000000e+06
1.107551000000000000e+06
1.066804000000000000e+06
6.564020000000000000e+05
1.845968000000000000e+06
1.376598000000000000e+06
1.706013000000000000e+06
9.493360000000000000e+05
1.744408000000000000e+06
1.005245000000000000e+06
9.183660000000000000e+05
9.007410000000000000e+05
9.355870000000000000e+05
1.350080000000000000e+05
3.920450000000000000e+05
1.124644000000000000e+06
1.327915000000000000e+06
2.513160000000000000e+05
1.250671000000000000e+06
7.686570000000000000e+05
2.721100000000000000e+05
1.124306000000000000e+06
9.516240000000000000e+05
1.231052000000000000e+06
1.116304000000000000e+06
1.066127000000000000e+06
1.731354000000000000e+06
4.702190000000000000e+05
2.530050000000000000e+05
1.323981000000000000e+06
1.164500000000000000e+06
1.374696000000000000e+06
1.692106000000000000e+06
8.402540000000000000e+05
7.795050000000000000e+05
8.107320000000000000e+05
1.323750000000000000e+06
8.841700000000000000e+04
1.370001000000000000e+06
1.845963000000000000e+06
2.316440000000000000e+05
9.234050000000000000e+05
1.669518000000000000e+06
1.274351000000000000e+06
1.551561000000000000e+06
1.726626000000000000e+06
1.477997000000000000e+06
1.741402000000000000e+06
1.708366000000000000e+06
9.578930000000000000e+05
1.440834000000000000e+06
1.086871000000000000e+06
5.355370000000000000e+05
4.610570000000000000e+05
1.741681000000000000e+06
1.294108000000000000e+06
1.258338000000000000e+06
1.274728000000000000e+06
1.319893000000000000e+06
1.677025000000000000e+06
1.088361000000000000e+06
2.479660000000000000e+05
1.212920000000000000e+06
1.335146000000000000e+06
1.060817000000000000e+06
1.184633000000000000e+06
9.088210000000000000e+05
6.125810000000000000e+05
2.481590000000000000e+05
1.777721000000000000e+06
1.228569000000000000e+06
6.675750000000000000e+05
2.139700000000000000e+05
1.442752000000000000e+06
1.337027000000000000e+06
1.484275000000000000e+06
1.137018000000000000e+06
1.131063000000000000e+06
1.477939000000000000e+06
1.133706000000000000e+06
1.809255000000000000e+06
1.025277000000000000e+06
1.739316000000000000e+06
1.232676000000000000e+06
1.285008000000000000e+06
1.780373000000000000e+06
4.988190000000000000e+05
9.958700000000000000e+05
7.237100000000000000e+05
2.637450000000000000e+05
4.715600000000000000e+05
6.817640000000000000e+05
4.709770000000000000e+05
1.139226000000000000e+06
8.910300000000000000e+04
2.469820000000000000e+05
1.434114000000000000e+06
4.646480000000000000e+05
2.597140000000000000e+05
1.836670000000000000e+05
1.299223000000000000e+06
1.665935000000000000e+06
6.595130000000000000e+05
1.228331000000000000e+06
1.707453000000000000e+06
1.764163000000000000e+06
1.331848000000000000e+06
1.173914000000000000e+06
1.656181000000000000e+06
1.350527000000000000e+06
1.338169000000000000e+06
1.258104000000000000e+06
1.646000000000000000e+06
9.363330000000000000e+05
1.738376000000000000e+06
1.751786000000000000e+06
1.767561000000000000e+06
1.605236000000000000e+06
4.694810000000000000e+05
1.083452000000000000e+06
3.833590000000000000e+05
1.476981000000000000e+06
1.115726000000000000e+06
1.067851000000000000e+06
1.388066000000000000e+06
1.061345000000000000e+06
1.735340000000000000e+06
8.643230000000000000e+05
8.101600000000000000e+05
1.272732000000000000e+06
5.811000000000000000e+03
8.058400000000000000e+04
4.476430000000000000e+05
1.268875000000000000e+06
1.994750000000000000e+05
1.456576000000000000e+06
1.322713000000000000e+06
9.852160000000000000e+05
1.496796000000000000e+06
1.218303000000000000e+06
1.466224000000000000e+06
7.025980000000000000e+05
9.283390000000000000e+05
6.167770000000000000e+05
1.324575000000000000e+06
1.423824000000000000e+06
5.532120000000000000e+05
1.479925000000000000e+06
7.822400000000000000e+04
1.748855000000000000e+06
3.738200000000000000e+04
1.646550000000000000e+05
1.273898000000000000e+06
1.064635000000000000e+06
1.607172000000000000e+06
5.056220000000000000e+05
6.365350000000000000e+05
5.600140000000000000e+05
1.089690000000000000e+06
1.603855000000000000e+06
1.427924000000000000e+06
1.158845000000000000e+06
2.590710000000000000e+05
1.127988000000000000e+06
1.097310000000000000e+05
2.220260000000000000e+05
1.128407000000000000e+06
1.069149000000000000e+06
3.428000000000000000e+03
3.091600000000000000e+05
1.450474000000000000e+06
2.652150000000000000e+05
1.206967000000000000e+06
1.266522000000000000e+06
1.672952000000000000e+06
3.862920000000000000e+05
1.141495000000000000e+06
1.692772000000000000e+06
1.134139000000000000e+06
3.297600000000000000e+04
9.333820000000000000e+05
9.104600000000000000e+05
1.602333000000000000e+06
1.163103000000000000e+06
1.456628000000000000e+06
1.226657000000000000e+06
1.160545000000000000e+06
1.043402000000000000e+06
1.709339000000000000e+06
9.965070000000000000e+05
1.369845000000000000e+06
3.812740000000000000e+05
1.343255000000000000e+06
1.634627000000000000e+06
1.274790000000000000e+06
1.518348000000000000e+06
2.356940000000000000e+05
7.768700000000000000e+05
8.389150000000000000e+05
1.711087000000000000e+06
6.756450000000000000e+05
1.085625000000000000e+06
9.302440000000000000e+05
1.237419000000000000e+06
6.692670000000000000e+05
2.714470000000000000e+05
1.508548000000000000e+06
3.087280000000000000e+05
1.511796000000000000e+06
1.733816000000000000e+06
1.634053000000000000e+06
1.268228000000000000e+06
1.742010000000000000e+06
2.664400000000000000e+04
5.781540000000000000e+05
1.291534000000000000e+06
5.518570000000000000e+05
8.380400000000000000e+04
7.288120000000000000e+05
2.598960000000000000e+05
2.031070000000000000e+05
1.952560000000000000e+05
5.854050000000000000e+05
1.248300000000000000e+04
4.616290000000000000e+05
1.074889000000000000e+06
1.182503000000000000e+06
1.289542000000000000e+06
1.587480000000000000e+05
1.138223000000000000e+06
1.224871000000000000e+06
1.497913000000000000e+06
5.015480000000000000e+05
8.420300000000000000e+04
4.818660000000000000e+05
1.175584000000000000e+06
1.332614000000000000e+06
1.437543000000000000e+06
1.330579000000000000e+06
2.398660000000000000e+05
2.887380000000000000e+05
1.165330000000000000e+06
1.227817000000000000e+06
1.318150000000000000e+06
2.600730000000000000e+05
5.030990000000000000e+05
1.134918000000000000e+06
4.214660000000000000e+05
1.657821000000000000e+06
6.254230000000000000e+05
1.353513000000000000e+06
5.047360000000000000e+05
2.686710000000000000e+05
1.310210000000000000e+06
9.815750000000000000e+05
7.281030000000000000e+05
1.762957000000000000e+06
1.696008000000000000e+06
1.338712000000000000e+06
1.752362000000000000e+06
1.616537000000000000e+06
7.320950000000000000e+05
6.330720000000000000e+05
3.656240000000000000e+05
2.802510000000000000e+05
6.406280000000000000e+05
1.469437000000000000e+06
1.219030000000000000e+06
1.606823000000000000e+06
1.049510000000000000e+06
6.710980000000000000e+05
3.606980000000000000e+05
3.870980000000000000e+05
7.426010000000000000e+05
5.519340000000000000e+05
1.316210000000000000e+06
9.307140000000000000e+05
1.640868000000000000e+06
7.248420000000000000e+05
1.272396000000000000e+06
1.037216000000000000e+06
8.236000000000000000e+04
1.437194000000000000e+06
1.822043000000000000e+06
1.674640000000000000e+06
1.758384000000000000e+06
1.004409000000000000e+06
9.539260000000000000e+05
1.324401000000000000e+06
1.274640000000000000e+06
1.116038000000000000e+06
1.633657000000000000e+06
4.770110000000000000e+05
1.258197000000000000e+06
1.364966000000000000e+06
1.448627000000000000e+06
1.668070000000000000e+05
2.668810000000000000e+05
9.508330000000000000e+05
1.133039000000000000e+06
1.966740000000000000e+05
1.255887000000000000e+06
1.977550000000000000e+05
1.429750000000000000e+05
1.103796000000000000e+06
1.453673000000000000e+06
1.444719000000000000e+06
1.772825000000000000e+06
1.357503000000000000e+06
2.530340000000000000e+05
1.179549000000000000e+06
1.441249000000000000e+06
9.281770000000000000e+05
2.783240000000000000e+05
1.856290000000000000e+06
1.091047000000000000e+06
2.297080000000000000e+05
3.423500000000000000e+05
6.683420000000000000e+05
1.029718000000000000e+06
5.937550000000000000e+05
1.657629000000000000e+06
1.707718000000000000e+06
1.294984000000000000e+06
1.458423000000000000e+06
4.371290000000000000e+05
1.971410000000000000e+05
2.710700000000000000e+05
1.059129000000000000e+06
1.609055000000000000e+06
5.796330000000000000e+05
1.648943000000000000e+06
6.946700000000000000e+04
4.786610000000000000e+05
1.092724000000000000e+06
1.651600000000000000e+06
1.450827000000000000e+06
1.846137000000000000e+06
1.738688000000000000e+06
8.065800000000000000e+04
9.174490000000000000e+05
1.685405000000000000e+06
1.778592000000000000e+06
1.107434000000000000e+06
4.748700000000000000e+05
2.650890000000000000e+05
6.378380000000000000e+05
1.023847000000000000e+06
1.265458000000000000e+06
1.490480000000000000e+05
1.088599000000000000e+06
5.575470000000000000e+05
7.639170000000000000e+05
9.281020000000000000e+05
7.408870000000000000e+05
6.793200000000000000e+04
1.439962000000000000e+06
1.296755000000000000e+06
8.260300000000000000e+04
1.217426000000000000e+06
2.899980000000000000e+05
9.199150000000000000e+05
1.673541000000000000e+06
1.042486000000000000e+06
2.846830000000000000e+05
1.276669000000000000e+06
1.485357000000000000e+06
1.097681000000000000e+06
1.069737000000000000e+06
1.480812000000000000e+06
1.593500000000000000e+05
1.510060000000000000e+06
1.067242000000000000e+06
9.300380000000000000e+05
8.942690000000000000e+05
1.337095000000000000e+06
1.289212000000000000e+06
1.127492000000000000e+06
1.765989000000000000e+06
5.356000000000000000e+04
1.230679000000000000e+06
1.308293000000000000e+06
1.375630000000000000e+06
8.823870000000000000e+05
6.284200000000000000e+04
1.651912000000000000e+06
1.085165000000000000e+06
2.180800000000000000e+04
1.644353000000000000e+06
5.415100000000000000e+05
2.017000000000000000e+04
1.688832000000000000e+06
1.608966000000000000e+06
6.652000000000000000e+03
5.755210000000000000e+05
1.382170000000000000e+05
1.368570000000000000e+06
9.202370000000000000e+05
1.615633000000000000e+06
2.617690000000000000e+05
2.883000000000000000e+05
6.117680000000000000e+05
2.706980000000000000e+05
6.496900000000000000e+05
5.272500000000000000e+04
1.756719000000000000e+06
1.324580000000000000e+06
1.691421000000000000e+06
1.165629000000000000e+06
1.652866000000000000e+06
1.268427000000000000e+06
1.476345000000000000e+06
2.420540000000000000e+05
2.580970000000000000e+05
8.060930000000000000e+05
1.528580000000000000e+05
1.305452000000000000e+06
4.643500000000000000e+04
8.673590000000000000e+05
1.623298000000000000e+06
2.836150000000000000e+05
5.804510000000000000e+05
2.652160000000000000e+05
1.652317000000000000e+06
9.756910000000000000e+05
1.229732000000000000e+06
1.087621000000000000e+06
1.625100000000000000e+04
1.753149000000000000e+06
1.776587000000000000e+06
5.246400000000000000e+05
3.925900000000000000e+04
1.055496000000000000e+06
1.660960000000000000e+05
2.808810000000000000e+05
7.377650000000000000e+05
1.336092000000000000e+06
1.684298000000000000e+06
1.349632000000000000e+06
1.105552000000000000e+06
5.729990000000000000e+05
2.410410000000000000e+05
1.707193000000000000e+06
6.944440000000000000e+05
1.657462000000000000e+06
2.290970000000000000e+05
2.844560000000000000e+05
1.840550000000000000e+06
6.576090000000000000e+05
1.259320000000000000e+06
2.812740000000000000e+05
1.687234000000000000e+06
1.662887000000000000e+06
9.198370000000000000e+05
3.894890000000000000e+05
1.263242000000000000e+06
3.505470000000000000e+05
1.474953000000000000e+06
4.586240000000000000e+05
1.989490000000000000e+05
5.603460000000000000e+05
2.446030000000000000e+05
1.389872000000000000e+06
4.197500000000000000e+05
1.526386000000000000e+06
6.164050000000000000e+05
1.326437000000000000e+06
1.419080000000000000e+06
1.206343000000000000e+06
1.179786000000000000e+06
1.940390000000000000e+05
5.409250000000000000e+05
5.585610000000000000e+05
1.109311000000000000e+06
1.217754000000000000e+06
1.320568000000000000e+06
1.656167000000000000e+06
2.558070000000000000e+05
8.872090000000000000e+05
1.481223000000000000e+06
1.309180000000000000e+06
6.916300000000000000e+04
1.698532000000000000e+06
1.227192000000000000e+06
9.322540000000000000e+05
1.820413000000000000e+06
1.368113000000000000e+06
1.062525000000000000e+06
1.273820000000000000e+05
1.229021000000000000e+06
6.598850000000000000e+05
1.190395000000000000e+06
1.222034000000000000e+06
1.451016000000000000e+06
1.080097000000000000e+06
1.327821000000000000e+06
1.743075000000000000e+06
2.220740000000000000e+05
1.700528000000000000e+06
1.198000000000000000e+06
2.438880000000000000e+05
1.600452000000000000e+06
1.055184000000000000e+06
7.273460000000000000e+05
3.375740000000000000e+05
1.253581000000000000e+06
6.746020000000000000e+05
1.213297000000000000e+06
4.702090000000000000e+05
1.387526000000000000e+06
2.128630000000000000e+05
1.646583000000000000e+06
1.096487000000000000e+06
3.455230000000000000e+05
1.288723000000000000e+06
1.893550000000000000e+05
1.618153000000000000e+06
1.267896000000000000e+06
1.674469000000000000e+06
1.145309000000000000e+06
5.005110000000000000e+05
1.743325000000000000e+06
2.648600000000000000e+05
2.311900000000000000e+04
1.018677000000000000e+06
2.247980000000000000e+05
1.444043000000000000e+06
7.198630000000000000e+05
1.235521000000000000e+06
1.926990000000000000e+05
1.633334000000000000e+06
5.592690000000000000e+05
1.268210000000000000e+06
1.978550000000000000e+05
1.780532000000000000e+06
1.371781000000000000e+06
1.252685000000000000e+06
4.897000000000000000e+05
3.303670000000000000e+05
1.820469000000000000e+06
1.071166000000000000e+06
2.634730000000000000e+05
4.697450000000000000e+05
1.259194000000000000e+06
1.156122000000000000e+06
3.810800000000000000e+04
1.318327000000000000e+06
1.692843000000000000e+06
1.855114000000000000e+06
1.695512000000000000e+06
9.412850000000000000e+05
1.702120000000000000e+05
1.295029000000000000e+06
2.073380000000000000e+05
1.643927000000000000e+06
1.085348000000000000e+06
1.081447000000000000e+06
8.230850000000000000e+05
7.922370000000000000e+05
1.285238000000000000e+06
1.142724000000000000e+06
1.083746000000000000e+06
1.140215000000000000e+06
6.344620000000000000e+05
2.740310000000000000e+05
1.356384000000000000e+06
1.679054000000000000e+06
1.126881000000000000e+06
1.295391000000000000e+06
2.308180000000000000e+05
1.525754000000000000e+06
1.313056000000000000e+06
1.233477000000000000e+06
1.058223000000000000e+06
1.471241000000000000e+06
6.232100000000000000e+05
1.574812000000000000e+06
3.783760000000000000e+05
4.771160000000000000e+05
7.085440000000000000e+05
1.157037000000000000e+06
1.052609000000000000e+06
1.068442000000000000e+06
6.783650000000000000e+05
6.374100000000000000e+05
8.094100000000000000e+04
2.295210000000000000e+05
5.245500000000000000e+04
1.051868000000000000e+06
1.569254000000000000e+06
1.682384000000000000e+06
3.893700000000000000e+05
1.217917000000000000e+06
1.461510000000000000e+05
1.308420000000000000e+05
1.718212000000000000e+06
6.651780000000000000e+05
1.834879000000000000e+06
2.790400000000000000e+05
6.970200000000000000e+04
1.140529000000000000e+06
3.963430000000000000e+05
3.899310000000000000e+05
5.233200000000000000e+04
1.657388000000000000e+06
1.670457000000000000e+06
1.180358000000000000e+06
4.133440000000000000e+05
1.114045000000000000e+06
1.125175000000000000e+06
1.003968000000000000e+06
1.669373000000000000e+06
4.425000000000000000e+04
1.845720000000000000e+06
1.382940000000000000e+06
1.520568000000000000e+06
1.762495000000000000e+06
4.636960000000000000e+05
4.892220000000000000e+05
1.220195000000000000e+06
1.164854000000000000e+06
1.000405000000000000e+06
1.266293000000000000e+06
6.829100000000000000e+05
6.197700000000000000e+05
1.083019000000000000e+06
5.853050000000000000e+05
1.204073000000000000e+06
1.426390000000000000e+06
1.204200000000000000e+04
1.780075000000000000e+06
1.262065000000000000e+06
6.579400000000000000e+04
6.138330000000000000e+05
1.626565000000000000e+06
1.760219000000000000e+06
1.033905000000000000e+06
8.799000000000000000e+03
1.412970000000000000e+05
5.235240000000000000e+05
9.162340000000000000e+05
1.673329000000000000e+06
1.673636000000000000e+06
2.251000000000000000e+05
2.781570000000000000e+05
1.010949000000000000e+06
1.751379000000000000e+06
3.793800000000000000e+05
1.659642000000000000e+06
9.658000000000000000e+05
1.689162000000000000e+06
5.771940000000000000e+05
1.143513000000000000e+06
1.312053000000000000e+06
3.201940000000000000e+05
1.711780000000000000e+06
1.631351000000000000e+06
9.343300000000000000e+05
1.762595000000000000e+06
5.702010000000000000e+05
1.133406000000000000e+06
1.773326000000000000e+06
1.739778000000000000e+06
4.083250000000000000e+05
1.315988000000000000e+06
4.699110000000000000e+05
9.188350000000000000e+05
1.401522000000000000e+06
2.791220000000000000e+05
2.908980000000000000e+05
1.309338000000000000e+06
1.710537000000000000e+06
1.100208000000000000e+06
2.247770000000000000e+05
1.258470000000000000e+06
1.648888000000000000e+06
7.257840000000000000e+05
6.508100000000000000e+04
1.758331000000000000e+06
1.080361000000000000e+06
1.650680000000000000e+06
2.109630000000000000e+05
1.179881000000000000e+06
1.268314000000000000e+06
4.020680000000000000e+05
4.675580000000000000e+05
1.756304000000000000e+06
1.340887000000000000e+06
2.544650000000000000e+05
1.309360000000000000e+05
2.563740000000000000e+05
1.363353000000000000e+06
1.187475000000000000e+06
1.808526000000000000e+06
6.193390000000000000e+05
1.347420000000000000e+06
6.899100000000000000e+04
1.217194000000000000e+06
8.898080000000000000e+05
1.777299000000000000e+06
2.255130000000000000e+05
5.050540000000000000e+05
2.441770000000000000e+05
1.190573000000000000e+06
5.672400000000000000e+05
1.604040000000000000e+06
4.730100000000000000e+05
3.432780000000000000e+05
2.598490000000000000e+05
1.635776000000000000e+06
1.523932000000000000e+06
1.745375000000000000e+06
5.332210000000000000e+05
6.593500000000000000e+04
1.051196000000000000e+06
2.442850000000000000e+05
2.400960000000000000e+05
1.236658000000000000e+06
1.216609000000000000e+06
6.209700000000000000e+04
5.799870000000000000e+05
1.341734000000000000e+06
1.207781000000000000e+06
1.351740000000000000e+05
1.094272000000000000e+06
1.450677000000000000e+06
1.462479000000000000e+06
4.382660000000000000e+05
1.527380000000000000e+06
7.105390000000000000e+05
1.454782000000000000e+06
1.219398000000000000e+06
9.295150000000000000e+05
1.320900000000000000e+04
1.640600000000000000e+04
1.318157000000000000e+06
1.711193000000000000e+06
9.206390000000000000e+05
1.453256000000000000e+06
1.827162000000000000e+06
1.316221000000000000e+06
2.800580000000000000e+05
1.246033000000000000e+06
1.464955000000000000e+06
4.358380000000000000e+05
1.662012000000000000e+06
1.075998000000000000e+06
1.378322000000000000e+06
1.243813000000000000e+06
9.543820000000000000e+05
1.905800000000000000e+04
1.245350000000000000e+05
1.749784000000000000e+06
6.900320000000000000e+05
1.267268000000000000e+06
1.649763000000000000e+06
7.406400000000000000e+04
1.378723000000000000e+06
6.405050000000000000e+05
2.663980000000000000e+05
2.438930000000000000e+05
1.052268000000000000e+06
1.080795000000000000e+06
1.607062000000000000e+06
1.799125000000000000e+06
1.072301000000000000e+06
1.549843000000000000e+06
1.638410000000000000e+05
7.763100000000000000e+04
1.268249000000000000e+06
1.833735000000000000e+06
7.866700000000000000e+04
5.998040000000000000e+05
2.991400000000000000e+04
9.013670000000000000e+05
1.204757000000000000e+06
1.607080000000000000e+06
4.384960000000000000e+05
4.196160000000000000e+05
1.044603000000000000e+06
1.352572000000000000e+06
2.005910000000000000e+05
8.160100000000000000e+04
5.584670000000000000e+05
1.058423000000000000e+06
1.773365000000000000e+06
1.593750000000000000e+05
6.764360000000000000e+05
1.596091000000000000e+06
9.385400000000000000e+04
4.366130000000000000e+05
6.604350000000000000e+05
1.384776000000000000e+06
1.812981000000000000e+06
2.637080000000000000e+05
7.022090000000000000e+05
1.528920000000000000e+05
1.705978000000000000e+06
1.431442000000000000e+06
1.559050000000000000e+05
5.598200000000000000e+04
1.283438000000000000e+06
2.029300000000000000e+05
9.000580000000000000e+05
2.550030000000000000e+05
1.203740000000000000e+05
1.193876000000000000e+06
1.689980000000000000e+05
6.436400000000000000e+05
7.031300000000000000e+05
2.204130000000000000e+05
2.587530000000000000e+05
1.251380000000000000e+06
1.742652000000000000e+06
1.147986000000000000e+06
1.659293000000000000e+06
5.695830000000000000e+05
1.231362000000000000e+06
1.318112000000000000e+06
3.213320000000000000e+05
6.569870000000000000e+05
1.661858000000000000e+06
8.399500000000000000e+05
9.390730000000000000e+05
2.464760000000000000e+05
1.500400000000000000e+04
7.244540000000000000e+05
1.769131000000000000e+06
2.032460000000000000e+05
7.585000000000000000e+05
6.589800000000000000e+04
1.384223000000000000e+06
2.180310000000000000e+05
1.639780000000000000e+06
1.156865000000000000e+06
6.637090000000000000e+05
1.386032000000000000e+06
4.980930000000000000e+05
1.251035000000000000e+06
9.373550000000000000e+05
1.391210000000000000e+05
1.139585000000000000e+06
1.605197000000000000e+06
6.443430000000000000e+05
2.755730000000000000e+05
1.757832000000000000e+06
6.159600000000000000e+04
4.981950000000000000e+05
8.450780000000000000e+05
8.087350000000000000e+05
1.128210000000000000e+06
1.156576000000000000e+06
4.636350000000000000e+05
9.393800000000000000e+05
9.534580000000000000e+05
3.390200000000000000e+05
1.074322000000000000e+06
1.712989000000000000e+06
1.803332000000000000e+06
4.597320000000000000e+05
2.735300000000000000e+04
1.426586000000000000e+06
1.155167000000000000e+06
1.639011000000000000e+06
6.829500000000000000e+05
1.165429000000000000e+06
4.373370000000000000e+05
8.903900000000000000e+04
1.070340000000000000e+06
1.479120000000000000e+06
1.347944000000000000e+06
1.177210000000000000e+05
1.194658000000000000e+06
2.328840000000000000e+05
1.713121000000000000e+06
1.848288000000000000e+06
1.306095000000000000e+06
1.367858000000000000e+06
1.134069000000000000e+06
6.288360000000000000e+05
1.634166000000000000e+06
1.056827000000000000e+06
1.489318000000000000e+06
1.412730000000000000e+05
1.177450000000000000e+05
1.336414000000000000e+06
7.235290000000000000e+05
1.706200000000000000e+05
1.300032000000000000e+06
1.777939000000000000e+06
1.457014000000000000e+06
4.589230000000000000e+05
1.651092000000000000e+06
1.743032000000000000e+06
8.347400000000000000e+04
1.838470000000000000e+06
1.077526000000000000e+06
5.812560000000000000e+05
3.671400000000000000e+05
1.433435000000000000e+06
1.833866000000000000e+06
3.895620000000000000e+05
1.097163000000000000e+06
1.505227000000000000e+06
1.848313000000000000e+06
1.337058000000000000e+06
3.152450000000000000e+05
1.254358000000000000e+06
4.396110000000000000e+05
1.605523000000000000e+06
6.666800000000000000e+05
1.632920000000000000e+06
1.597062000000000000e+06
5.948790000000000000e+05
1.369211000000000000e+06
2.745100000000000000e+05
2.636510000000000000e+05
1.620425000000000000e+06
1.142457000000000000e+06
2.719490000000000000e+05
2.589680000000000000e+05
6.667130000000000000e+05
4.481000000000000000e+04
3.622780000000000000e+05
1.289476000000000000e+06
1.666337000000000000e+06
3.813980000000000000e+05
1.111700000000000000e+05
3.534960000000000000e+05
1.095238000000000000e+06
1.059472000000000000e+06
6.477990000000000000e+05
1.687053000000000000e+06
1.426064000000000000e+06
3.876150000000000000e+05
3.226110000000000000e+05
2.738940000000000000e+05
3.567650000000000000e+05
1.441078000000000000e+06
1.853215000000000000e+06
1.826560000000000000e+06
2.912320000000000000e+05
1.599610000000000000e+05
1.661428000000000000e+06
1.031803000000000000e+06
6.315060000000000000e+05
1.646576000000000000e+06
1.395590000000000000e+05
8.936850000000000000e+05
7.142540000000000000e+05
1.372573000000000000e+06
1.731264000000000000e+06
1.634007000000000000e+06
1.269588000000000000e+06
1.026661000000000000e+06
7.607400000000000000e+04
1.238045000000000000e+06
1.248400000000000000e+06
2.489400000000000000e+05
1.691300000000000000e+06
9.328060000000000000e+05
1.551932000000000000e+06
1.853442000000000000e+06
1.077690000000000000e+05
3.455380000000000000e+05
6.902580000000000000e+05
1.194953000000000000e+06
1.256708000000000000e+06
5.595690000000000000e+05
9.140620000000000000e+05
1.776785000000000000e+06
3.005100000000000000e+04
1.080012000000000000e+06
1.409720000000000000e+05
1.384945000000000000e+06
1.250821000000000000e+06
5.004320000000000000e+05
1.334389000000000000e+06
6.240500000000000000e+04
4.031450000000000000e+05
4.629790000000000000e+05
1.549340000000000000e+05
2.768580000000000000e+05
1.121231000000000000e+06
1.254904000000000000e+06
2.112930000000000000e+05
1.334112000000000000e+06
5.374940000000000000e+05
1.000220000000000000e+06
1.701052000000000000e+06
2.684810000000000000e+05
1.487635000000000000e+06
1.663168000000000000e+06
1.927800000000000000e+04
6.882980000000000000e+05
6.139960000000000000e+05
5.823400000000000000e+05
1.427033000000000000e+06
1.146071000000000000e+06
5.959390000000000000e+05
1.745747000000000000e+06
9.398440000000000000e+05
1.706898000000000000e+06
1.036420000000000000e+06
1.308981000000000000e+06
1.017194000000000000e+06
5.522990000000000000e+05
1.586110000000000000e+05
3.802680000000000000e+05
1.075262000000000000e+06
1.654122000000000000e+06
1.802035000000000000e+06
1.808746000000000000e+06
2.434640000000000000e+05
1.780460000000000000e+06
3.636690000000000000e+05
1.743766000000000000e+06
1.780623000000000000e+06
1.638099000000000000e+06
1.366220000000000000e+06
1.258085000000000000e+06
1.263272000000000000e+06
1.475120000000000000e+05
1.499237000000000000e+06
1.739996000000000000e+06
1.075940000000000000e+05
2.275000000000000000e+03
1.702800000000000000e+04
1.831973000000000000e+06
1.728585000000000000e+06
1.741734000000000000e+06
1.396891000000000000e+06
1.321474000000000000e+06
7.172270000000000000e+05
5.223700000000000000e+04
6.771370000000000000e+05
9.980790000000000000e+05
1.444948000000000000e+06
1.241800000000000000e+06
5.721680000000000000e+05
1.199571000000000000e+06
1.177262000000000000e+06
1.665415000000000000e+06
4.577900000000000000e+05
1.821048000000000000e+06
1.683800000000000000e+05
1.085326000000000000e+06
1.601361000000000000e+06
1.249591000000000000e+06
1.693920000000000000e+06
1.086087000000000000e+06
1.613894000000000000e+06
4.483690000000000000e+05
1.618010000000000000e+06
6.449980000000000000e+05
6.357270000000000000e+05
3.920130000000000000e+05
1.828313000000000000e+06
1.566080000000000000e+05
1.319372000000000000e+06
1.620650000000000000e+06
1.370823000000000000e+06
7.167590000000000000e+05
2.975530000000000000e+05
1.997440000000000000e+05
1.655576000000000000e+06
6.597760000000000000e+05
3.832620000000000000e+05
1.365335000000000000e+06
4.220700000000000000e+04
1.593517000000000000e+06
1.242589000000000000e+06
1.707870000000000000e+05
1.144402000000000000e+06
1.144042000000000000e+06
1.370317000000000000e+06
1.345406000000000000e+06
1.196992000000000000e+06
1.252646000000000000e+06
1.426602000000000000e+06
1.257839000000000000e+06
1.657969000000000000e+06
2.256600000000000000e+04
9.043550000000000000e+05
2.609480000000000000e+05
6.746800000000000000e+04
3.690000000000000000e+04
9.126500000000000000e+05
1.416666000000000000e+06
9.203100000000000000e+05
1.733088000000000000e+06
1.441805000000000000e+06
2.787220000000000000e+05
7.037980000000000000e+05
9.318520000000000000e+05
1.808808000000000000e+06
4.842400000000000000e+04
8.042480000000000000e+05
1.184165000000000000e+06
3.127360000000000000e+05
1.620870000000000000e+05
5.690200000000000000e+05
5.736160000000000000e+05
1.283657000000000000e+06
1.609100000000000000e+06
7.525300000000000000e+04
2.485500000000000000e+05
1.359678000000000000e+06
2.926310000000000000e+05
5.363900000000000000e+04
9.988710000000000000e+05
1.169868000000000000e+06
2.976700000000000000e+05
1.195839000000000000e+06
1.519993000000000000e+06
1.741829000000000000e+06
1.619512000000000000e+06
1.250134000000000000e+06
1.159660000000000000e+06
1.130982000000000000e+06
1.629145000000000000e+06
6.902840000000000000e+05
1.825800000000000000e+04
4.364590000000000000e+05
8.977700000000000000e+04
1.512360000000000000e+06
1.729924000000000000e+06
5.416550000000000000e+05
1.455161000000000000e+06
1.849500000000000000e+04
1.080859000000000000e+06
1.761020000000000000e+05
1.085744000000000000e+06
1.546970000000000000e+05
3.884710000000000000e+05
3.858200000000000000e+05
1.453116000000000000e+06
4.263120000000000000e+05
1.343167000000000000e+06
1.615243000000000000e+06
9.267260000000000000e+05
1.415940000000000000e+05
1.224609000000000000e+06
1.452246000000000000e+06
5.849410000000000000e+05
6.350000000000000000e+02
1.748504000000000000e+06
1.256419000000000000e+06
1.729698000000000000e+06
1.585078000000000000e+06
4.546320000000000000e+05
1.577600000000000000e+05
1.766350000000000000e+06
1.426857000000000000e+06
9.879400000000000000e+05
1.019300000000000000e+06
3.779110000000000000e+05
1.757772000000000000e+06
1.734280000000000000e+05
7.243200000000000000e+05
1.276801000000000000e+06
1.766637000000000000e+06
2.562710000000000000e+05
1.468719000000000000e+06
7.197500000000000000e+05
1.229370000000000000e+05
1.493203000000000000e+06
1.552837000000000000e+06
1.113380000000000000e+06
1.458233000000000000e+06
8.927300000000000000e+04
2.828240000000000000e+05
1.255201000000000000e+06
1.084604000000000000e+06
5.936240000000000000e+05
1.282902000000000000e+06
8.094200000000000000e+04
1.325851000000000000e+06
3.114190000000000000e+05
2.580880000000000000e+05
7.346610000000000000e+05
4.416000000000000000e+05
1.308714000000000000e+06
1.570380000000000000e+06
1.676707000000000000e+06
2.812640000000000000e+05
1.327939000000000000e+06
1.424183000000000000e+06
1.113953000000000000e+06
5.835490000000000000e+05
2.902700000000000000e+05
4.693050000000000000e+05
1.228080000000000000e+06
2.780340000000000000e+05
1.495663000000000000e+06
6.610500000000000000e+05
1.823300000000000000e+05
5.040700000000000000e+04
1.337004000000000000e+06
1.807154000000000000e+06
1.751801000000000000e+06
4.903340000000000000e+05
1.489072000000000000e+06
5.578450000000000000e+05
2.531970000000000000e+05
1.644960000000000000e+05
3.518640000000000000e+05
2.515040000000000000e+05
1.416930000000000000e+05
4.196300000000000000e+04
1.030949000000000000e+06
1.751058000000000000e+06
1.800974000000000000e+06
1.784620000000000000e+05
5.614810000000000000e+05
4.267800000000000000e+04
1.529300000000000000e+05
1.690981000000000000e+06
9.862570000000000000e+05
7.757690000000000000e+05
1.782956000000000000e+06
6.792130000000000000e+05
2.256880000000000000e+05
1.489778000000000000e+06
1.345148000000000000e+06
7.269870000000000000e+05
1.379518000000000000e+06
2.794110000000000000e+05
1.115878000000000000e+06
2.080150000000000000e+05
1.213644000000000000e+06
7.009420000000000000e+05
8.687000000000000000e+03
1.346350000000000000e+05
4.303140000000000000e+05
1.622174000000000000e+06
1.240258000000000000e+06
2.159560000000000000e+05
1.202436000000000000e+06
1.764466000000000000e+06
1.186162000000000000e+06
1.744214000000000000e+06
2.819990000000000000e+05
5.983980000000000000e+05
8.887080000000000000e+05
5.413840000000000000e+05
1.234655000000000000e+06
2.321400000000000000e+05
1.190198000000000000e+06
4.965200000000000000e+04
1.455062000000000000e+06
1.187517000000000000e+06
2.338000000000000000e+03
6.590300000000000000e+04
2.198400000000000000e+04
6.764140000000000000e+05
1.616044000000000000e+06
6.749280000000000000e+05
2.525490000000000000e+05
6.898490000000000000e+05
1.691286000000000000e+06
6.867500000000000000e+04
1.209863000000000000e+06
1.457710000000000000e+06
1.350680000000000000e+06
3.701330000000000000e+05
1.623551000000000000e+06
1.390581000000000000e+06
5.476910000000000000e+05
1.624312000000000000e+06
1.607701000000000000e+06
1.771368000000000000e+06
1.482000000000000000e+03
8.637050000000000000e+05
1.303948000000000000e+06
1.402110000000000000e+05
1.324028000000000000e+06
5.639130000000000000e+05
1.254344000000000000e+06
1.742842000000000000e+06
1.188152000000000000e+06
5.800620000000000000e+05
1.490787000000000000e+06
1.831600000000000000e+05
1.170551000000000000e+06
6.980250000000000000e+05
1.651290000000000000e+05
1.777513000000000000e+06
1.350546000000000000e+06
1.331843000000000000e+06
4.819220000000000000e+05
1.711202000000000000e+06
3.078610000000000000e+05
2.377100000000000000e+05
2.712420000000000000e+05
1.248470000000000000e+05
1.161101000000000000e+06
1.605167000000000000e+06
1.390703000000000000e+06
9.999010000000000000e+05
9.293750000000000000e+05
1.350357000000000000e+06
7.993800000000000000e+04
1.155905000000000000e+06
1.791652000000000000e+06
1.720820000000000000e+05
1.737069000000000000e+06
1.211356000000000000e+06
1.264889000000000000e+06
1.779557000000000000e+06
1.195444000000000000e+06
1.209008000000000000e+06
1.098227000000000000e+06
8.994100000000000000e+05
7.169580000000000000e+05
1.827198000000000000e+06
1.058600000000000000e+06
1.367259000000000000e+06
1.216893000000000000e+06
4.134360000000000000e+05
1.476392000000000000e+06
5.782100000000000000e+04
2.002860000000000000e+05
1.294826000000000000e+06
1.096399000000000000e+06
9.853130000000000000e+05
1.121735000000000000e+06
1.163852000000000000e+06
1.724004000000000000e+06
1.262770000000000000e+06
1.374642000000000000e+06
1.775700000000000000e+04
3.897060000000000000e+05
1.842157000000000000e+06
1.212608000000000000e+06
1.650935000000000000e+06
1.692849000000000000e+06
1.313686000000000000e+06
6.715450000000000000e+05
1.340078000000000000e+06
1.464849000000000000e+06
2.341480000000000000e+05
1.433284000000000000e+06
1.236546000000000000e+06
1.477788000000000000e+06
2.487860000000000000e+05
1.260257000000000000e+06
1.526629000000000000e+06
1.192740000000000000e+05
1.223637000000000000e+06
7.653150000000000000e+05
6.304030000000000000e+05
6.685220000000000000e+05
1.364610000000000000e+05
6.613250000000000000e+05
2.197710000000000000e+05
6.714290000000000000e+05
2.389470000000000000e+05
7.528340000000000000e+05
6.701500000000000000e+05
2.873870000000000000e+05
4.181560000000000000e+05
9.623540000000000000e+05
5.725880000000000000e+05
1.389330000000000000e+05
1.719058000000000000e+06
1.613318000000000000e+06
5.842470000000000000e+05
1.443209000000000000e+06
2.893230000000000000e+05
1.778884000000000000e+06
1.412055000000000000e+06
1.752023000000000000e+06
1.622018000000000000e+06
1.513873000000000000e+06
2.070660000000000000e+05
9.421000000000000000e+03
1.493921000000000000e+06
9.130120000000000000e+05
4.721450000000000000e+05
1.710132000000000000e+06
7.349650000000000000e+05
9.928700000000000000e+04
2.373000000000000000e+03
5.990880000000000000e+05
1.632605000000000000e+06
1.372160000000000000e+05
2.001020000000000000e+05
1.135757000000000000e+06
4.241700000000000000e+04
2.761350000000000000e+05
9.806360000000000000e+05
5.167210000000000000e+05
1.260319000000000000e+06
1.256099000000000000e+06
1.054480000000000000e+06
1.681914000000000000e+06
1.753422000000000000e+06
1.708217000000000000e+06
2.614120000000000000e+05
1.357370000000000000e+05
1.556946000000000000e+06
4.681950000000000000e+05
7.280900000000000000e+05
1.377829000000000000e+06
1.808532000000000000e+06
4.058030000000000000e+05
6.760000000000000000e+02
3.057370000000000000e+05
4.401230000000000000e+05
8.602270000000000000e+05
8.295580000000000000e+05
7.957980000000000000e+05
1.833626000000000000e+06
7.621600000000000000e+04
5.045030000000000000e+05
2.597270000000000000e+05
6.398940000000000000e+05
1.155308000000000000e+06
3.457490000000000000e+05
1.643220000000000000e+06
1.639586000000000000e+06
1.232204000000000000e+06
3.049090000000000000e+05
1.638683000000000000e+06
1.044058000000000000e+06
1.489328000000000000e+06
4.704610000000000000e+05
3.297970000000000000e+05
5.359100000000000000e+05
2.108730000000000000e+05
4.040200000000000000e+05
1.710560000000000000e+06
1.391234000000000000e+06
1.687055000000000000e+06
1.227059000000000000e+06
1.843509000000000000e+06
1.021070000000000000e+06
5.624020000000000000e+05
6.718330000000000000e+05
1.196977000000000000e+06
1.633982000000000000e+06
1.606570000000000000e+06
1.228519000000000000e+06
3.980880000000000000e+05
3.339030000000000000e+05
6.810080000000000000e+05
6.708070000000000000e+05
1.144856000000000000e+06
1.098157000000000000e+06
1.605884000000000000e+06
1.572520000000000000e+05
4.873930000000000000e+05
1.143350000000000000e+06
1.405538000000000000e+06
2.754210000000000000e+05
7.998300000000000000e+04
1.790910000000000000e+06
9.300820000000000000e+05
1.852863000000000000e+06
7.034530000000000000e+05
1.103306000000000000e+06
1.158686000000000000e+06
2.323610000000000000e+05
4.176330000000000000e+05
1.748741000000000000e+06
2.732350000000000000e+05
6.371900000000000000e+04
1.851875000000000000e+06
1.234996000000000000e+06
7.633210000000000000e+05
1.702999000000000000e+06
1.390528000000000000e+06
1.270717000000000000e+06
1.788425000000000000e+06
2.966990000000000000e+05
1.637970000000000000e+05
1.694404000000000000e+06
7.111430000000000000e+05
3.920400000000000000e+04
1.569896000000000000e+06
9.273980000000000000e+05
1.438390000000000000e+05
2.298820000000000000e+05
1.788655000000000000e+06
1.631414000000000000e+06
2.997500000000000000e+05
1.444090000000000000e+06
1.644963000000000000e+06
1.196970000000000000e+06
1.230633000000000000e+06
1.709683000000000000e+06
1.787483000000000000e+06
1.768088000000000000e+06
1.489536000000000000e+06
6.361020000000000000e+05
4.948590000000000000e+05
1.752475000000000000e+06
1.888090000000000000e+05
7.221200000000000000e+04
1.213207000000000000e+06
1.274780000000000000e+06
1.213792000000000000e+06
1.368915000000000000e+06
5.869120000000000000e+05
1.275570000000000000e+06
6.985410000000000000e+05
1.150413000000000000e+06
2.572080000000000000e+05
4.365600000000000000e+04
1.322112000000000000e+06
6.384500000000000000e+04
7.170670000000000000e+05
1.206317000000000000e+06
1.374653000000000000e+06
1.149951000000000000e+06
1.268799000000000000e+06
6.128840000000000000e+05
9.316970000000000000e+05
1.638677000000000000e+06
1.709471000000000000e+06
4.568750000000000000e+05
4.894330000000000000e+05
1.511638000000000000e+06
5.114000000000000000e+03
1.455793000000000000e+06
1.522372000000000000e+06
1.064652000000000000e+06
1.655930000000000000e+05
4.513840000000000000e+05
2.765050000000000000e+05
3.617130000000000000e+05
6.685830000000000000e+05
1.136555000000000000e+06
1.661750000000000000e+06
5.987930000000000000e+05
1.385983000000000000e+06
3.809240000000000000e+05
1.131880000000000000e+06
5.986260000000000000e+05
1.644469000000000000e+06
1.033620000000000000e+06
3.026200000000000000e+04
2.009000000000000000e+04
1.418918000000000000e+06
5.785400000000000000e+04
8.086300000000000000e+04
1.495424000000000000e+06
1.272518000000000000e+06
4.098910000000000000e+05
1.075094000000000000e+06
1.677227000000000000e+06
1.699931000000000000e+06
1.644867000000000000e+06
1.654401000000000000e+06
