1.123817000000000000e+06
1.120950000000000000e+06
1.010598000000000000e+06
1.123471000000000000e+06
2.658560000000000000e+05
1.123925000000000000e+06
1.124479000000000000e+06
4.948970000000000000e+05
9.183250000000000000e+05
9.456400000000000000e+04
1.662060000000000000e+05
1.281852000000000000e+06
1.113588000000000000e+06
7.094260000000000000e+05
1.123502000000000000e+06
1.263873000000000000e+06
7.670490000000000000e+05
1.345341000000000000e+06
1.338241000000000000e+06
1.540444000000000000e+06
1.118533000000000000e+06
1.137577000000000000e+06
1.673079000000000000e+06
1.842881000000000000e+06
1.075581000000000000e+06
1.574780000000000000e+05
7.129400000000000000e+05
2.689540000000000000e+05
1.273033000000000000e+06
9.957610000000000000e+05
9.514660000000000000e+05
1.514115000000000000e+06
1.028496000000000000e+06
1.156024000000000000e+06
5.656050000000000000e+05
3.260700000000000000e+05
1.493194000000000000e+06
1.030445000000000000e+06
1.685389000000000000e+06
1.122185000000000000e+06
5.514440000000000000e+05
5.503130000000000000e+05
1.324353000000000000e+06
2.972430000000000000e+05
1.125547000000000000e+06
5.991780000000000000e+05
1.122466000000000000e+06
1.115869000000000000e+06
1.260691000000000000e+06
1.123545000000000000e+06
2.840480000000000000e+05
1.841011000000000000e+06
7.273030000000000000e+05
1.265858000000000000e+06
2.653320000000000000e+05
5.408750000000000000e+05
1.672158000000000000e+06
1.959080000000000000e+05
1.015295000000000000e+06
1.164637000000000000e+06
1.853930000000000000e+06
1.190840000000000000e+05
7.084920000000000000e+05
1.010658000000000000e+06
1.660680000000000000e+05
1.843417000000000000e+06
9.398610000000000000e+05
2.524150000000000000e+05
2.791150000000000000e+05
1.694483000000000000e+06
1.520447000000000000e+06
3.005630000000000000e+05
5.590090000000000000e+05
1.120938000000000000e+06
3.976260000000000000e+05
4.554890000000000000e+05
1.483956000000000000e+06
1.138342000000000000e+06
1.571852000000000000e+06
1.275860000000000000e+06
1.558870000000000000e+05
1.760374000000000000e+06
1.143179000000000000e+06
4.924490000000000000e+05
1.007046000000000000e+06
1.135302000000000000e+06
7.647340000000000000e+05
1.124012000000000000e+06
1.548083000000000000e+06
1.231573000000000000e+06
4.917420000000000000e+05
1.028202000000000000e+06
1.267420000000000000e+06
2.899760000000000000e+05
1.813011000000000000e+06
4.047760000000000000e+05
1.514328000000000000e+06
7.090460000000000000e+05
4.737890000000000000e+05
4.785360000000000000e+05
1.424620000000000000e+05
1.183966000000000000e+06
4.557520000000000000e+05
1.095143000000000000e+06
7.324890000000000000e+05
1.161657000000000000e+06
1.085529000000000000e+06
4.891790000000000000e+05
7.549590000000000000e+05
1.112939000000000000e+06
1.123905000000000000e+06
1.038505000000000000e+06
1.690132000000000000e+06
5.948790000000000000e+05
1.574786000000000000e+06
1.719496000000000000e+06
4.950940000000000000e+05
8.940130000000000000e+05
1.560590000000000000e+05
1.424285000000000000e+06
1.776492000000000000e+06
5.141010000000000000e+05
1.227473000000000000e+06
2.720020000000000000e+05
3.278840000000000000e+05
8.940970000000000000e+05
2.914010000000000000e+05
1.024799000000000000e+06
1.696187000000000000e+06
1.268478000000000000e+06
1.659151000000000000e+06
1.845989000000000000e+06
6.529390000000000000e+05
1.205050000000000000e+06
1.046431000000000000e+06
1.133619000000000000e+06
4.073820000000000000e+05
1.550090000000000000e+05
1.030259000000000000e+06
8.517030000000000000e+05
7.965640000000000000e+05
1.812413000000000000e+06
9.812410000000000000e+05
1.615275000000000000e+06
1.666586000000000000e+06
7.568250000000000000e+05
5.948990000000000000e+05
1.670030000000000000e+06
1.399736000000000000e+06
1.537150000000000000e+05
1.456300000000000000e+06
1.297140000000000000e+06
1.124965000000000000e+06
1.265129000000000000e+06
1.739830000000000000e+06
3.255910000000000000e+05
1.514025000000000000e+06
4.927560000000000000e+05
1.072837000000000000e+06
1.660681000000000000e+06
4.906760000000000000e+05
1.193968000000000000e+06
3.798660000000000000e+05
1.227743000000000000e+06
1.350930000000000000e+05
2.855420000000000000e+05
1.177935000000000000e+06
1.432560000000000000e+05
1.519430000000000000e+05
1.581750000000000000e+05
1.699934000000000000e+06
6.608200000000000000e+05
1.416490000000000000e+05
1.721040000000000000e+06
3.030270000000000000e+05
4.412810000000000000e+05
3.584090000000000000e+05
5.895480000000000000e+05
9.009870000000000000e+05
1.476244000000000000e+06
5.308280000000000000e+05
9.889740000000000000e+05
1.224694000000000000e+06
1.693969000000000000e+06
5.661260000000000000e+05
5.858090000000000000e+05
1.029726000000000000e+06
6.043600000000000000e+05
1.614408000000000000e+06
5.588590000000000000e+05
2.661600000000000000e+04
1.493141000000000000e+06
1.664024000000000000e+06
1.135330000000000000e+06
1.692158000000000000e+06
1.089012000000000000e+06
9.311530000000000000e+05
5.254560000000000000e+05
1.665079000000000000e+06
9.154290000000000000e+05
2.970640000000000000e+05
6.225740000000000000e+05
3.663780000000000000e+05
1.693720000000000000e+05
2.844370000000000000e+05
1.717884000000000000e+06
3.039660000000000000e+05
7.283370000000000000e+05
1.260422000000000000e+06
2.645160000000000000e+05
1.114301000000000000e+06
1.583803000000000000e+06
4.128510000000000000e+05
5.208790000000000000e+05
7.076720000000000000e+05
1.318246000000000000e+06
1.589700000000000000e+05
1.598310000000000000e+05
1.662080000000000000e+05
3.224120000000000000e+05
3.591590000000000000e+05
1.790904000000000000e+06
6.327550000000000000e+05
1.694101000000000000e+06
1.094671000000000000e+06
7.271440000000000000e+05
4.566310000000000000e+05
5.764400000000000000e+05
1.261353000000000000e+06
1.833712000000000000e+06
1.745832000000000000e+06
1.268313000000000000e+06
4.262220000000000000e+05
3.064250000000000000e+05
1.561490000000000000e+06
4.672800000000000000e+04
4.775440000000000000e+05
1.728639000000000000e+06
1.393947000000000000e+06
1.766820000000000000e+06
1.085341000000000000e+06
1.733212000000000000e+06
1.191761000000000000e+06
1.971660000000000000e+05
1.218929000000000000e+06
1.722813000000000000e+06
1.390669000000000000e+06
2.673090000000000000e+05
1.496601000000000000e+06
4.278960000000000000e+05
1.575502000000000000e+06
1.071967000000000000e+06
1.028986000000000000e+06
1.261854000000000000e+06
1.723672000000000000e+06
1.338187000000000000e+06
2.538710000000000000e+05
1.191210000000000000e+05
7.053660000000000000e+05
6.518120000000000000e+05
3.111140000000000000e+05
1.283980000000000000e+05
4.347850000000000000e+05
1.498120000000000000e+05
4.705200000000000000e+05
1.673867000000000000e+06
6.681560000000000000e+05
1.258487000000000000e+06
1.639691000000000000e+06
