2.662510000000000000e+05
1.123272000000000000e+06
1.320023000000000000e+06
9.254990000000000000e+05
1.262716000000000000e+06
1.134984000000000000e+06
1.740427000000000000e+06
1.177564000000000000e+06
1.136484000000000000e+06
1.124939000000000000e+06
1.334920000000000000e+06
1.604488000000000000e+06
2.661920000000000000e+05
1.016423000000000000e+06
2.659910000000000000e+05
1.693772000000000000e+06
1.179029000000000000e+06
4.635360000000000000e+05
4.440000000000000000e+02
1.750982000000000000e+06
2.648420000000000000e+05
2.658580000000000000e+05
1.062919000000000000e+06
8.689800000000000000e+04
1.127785000000000000e+06
1.375174000000000000e+06
1.136109000000000000e+06
2.665220000000000000e+05
1.249967000000000000e+06
1.689928000000000000e+06
1.694483000000000000e+06
1.306164000000000000e+06
1.766172000000000000e+06
9.195940000000000000e+05
1.217851000000000000e+06
1.691962000000000000e+06
1.751908000000000000e+06
2.315670000000000000e+05
2.645770000000000000e+05
1.121638000000000000e+06
5.522330000000000000e+05
2.306900000000000000e+05
1.498376000000000000e+06
1.843200000000000000e+04
1.262327000000000000e+06
1.318106000000000000e+06
6.719570000000000000e+05
1.115989000000000000e+06
3.861420000000000000e+05
9.264910000000000000e+05
2.616770000000000000e+05
1.030307000000000000e+06
1.350960000000000000e+05
1.266927000000000000e+06
1.134562000000000000e+06
1.368279000000000000e+06
6.358000000000000000e+05
1.123168000000000000e+06
1.320006000000000000e+06
1.225497000000000000e+06
2.835810000000000000e+05
1.438610000000000000e+06
1.034149000000000000e+06
1.168144000000000000e+06
1.125886000000000000e+06
4.648490000000000000e+05
6.159960000000000000e+05
2.825570000000000000e+05
1.319329000000000000e+06
1.130743000000000000e+06
9.636120000000000000e+05
9.226560000000000000e+05
1.177983000000000000e+06
1.265730000000000000e+06
1.741923000000000000e+06
1.385041000000000000e+06
1.122682000000000000e+06
2.649410000000000000e+05
6.418640000000000000e+05
1.023783000000000000e+06
1.639507000000000000e+06
2.663160000000000000e+05
1.606420000000000000e+06
1.577240000000000000e+05
1.693666000000000000e+06
1.645396000000000000e+06
1.120602000000000000e+06
1.641107000000000000e+06
5.399920000000000000e+05
2.643800000000000000e+05
1.778095000000000000e+06
2.677790000000000000e+05
9.120380000000000000e+05
2.726380000000000000e+05
1.319579000000000000e+06
9.118000000000000000e+05
1.123885000000000000e+06
1.110112000000000000e+06
1.061038000000000000e+06
1.321794000000000000e+06
1.335016000000000000e+06
1.455091000000000000e+06
1.733920000000000000e+06
1.657829000000000000e+06
4.664010000000000000e+05
1.012826000000000000e+06
1.740543000000000000e+06
1.302953000000000000e+06
1.050504000000000000e+06
1.018734000000000000e+06
1.693747000000000000e+06
9.240590000000000000e+05
2.452500000000000000e+05
1.766785000000000000e+06
6.963000000000000000e+04
2.229950000000000000e+05
1.710547000000000000e+06
9.145460000000000000e+05
4.640100000000000000e+05
1.262066000000000000e+06
4.169710000000000000e+05
1.319910000000000000e+06
1.750697000000000000e+06
1.132185000000000000e+06
5.789730000000000000e+05
1.178022000000000000e+06
1.248919000000000000e+06
9.284460000000000000e+05
1.695946000000000000e+06
1.008609000000000000e+06
6.366490000000000000e+05
1.363280000000000000e+05
1.453288000000000000e+06
1.137002000000000000e+06
9.239160000000000000e+05
1.320469000000000000e+06
4.636760000000000000e+05
1.674833000000000000e+06
9.166150000000000000e+05
1.250386000000000000e+06
2.618800000000000000e+05
4.033770000000000000e+05
9.665600000000000000e+05
1.181333000000000000e+06
9.165660000000000000e+05
9.686900000000000000e+05
1.274628000000000000e+06
9.265000000000000000e+05
1.262670000000000000e+06
1.337467000000000000e+06
5.429450000000000000e+05
7.810600000000000000e+04
1.319094000000000000e+06
9.168730000000000000e+05
8.295900000000000000e+04
1.337669000000000000e+06
1.014198000000000000e+06
2.858650000000000000e+05
1.047616000000000000e+06
2.670440000000000000e+05
2.624450000000000000e+05
1.032427000000000000e+06
7.235550000000000000e+05
2.578670000000000000e+05
1.319047000000000000e+06
1.372350000000000000e+05
1.309824000000000000e+06
1.130361000000000000e+06
1.739042000000000000e+06
6.823640000000000000e+05
1.740422000000000000e+06
7.294490000000000000e+05
1.060877000000000000e+06
1.455673000000000000e+06
1.007049000000000000e+06
2.844370000000000000e+05
1.007808000000000000e+06
5.021520000000000000e+05
1.215681000000000000e+06
9.255390000000000000e+05
1.166318000000000000e+06
1.301068000000000000e+06
1.766138000000000000e+06
1.216562000000000000e+06
5.459310000000000000e+05
1.367873000000000000e+06
1.727789000000000000e+06
1.602970000000000000e+06
1.200542000000000000e+06
2.662170000000000000e+05
1.455002000000000000e+06
8.123000000000000000e+04
1.132942000000000000e+06
1.105886000000000000e+06
1.439492000000000000e+06
1.113730000000000000e+06
1.252784000000000000e+06
9.162220000000000000e+05
1.479930000000000000e+05
1.693899000000000000e+06
1.375071000000000000e+06
5.787310000000000000e+05
4.619900000000000000e+05
1.045474000000000000e+06
5.529200000000000000e+05
1.842990000000000000e+06
2.380000000000000000e+03
9.137630000000000000e+05
8.389600000000000000e+04
2.746560000000000000e+05
6.810970000000000000e+05
1.383932000000000000e+06
1.190865000000000000e+06
1.740334000000000000e+06
4.670440000000000000e+05
6.375100000000000000e+05
1.971700000000000000e+05
3.838050000000000000e+05
1.056045000000000000e+06
1.141625000000000000e+06
1.123982000000000000e+06
1.376953000000000000e+06
1.128082000000000000e+06
1.686862000000000000e+06
1.384727000000000000e+06
1.507645000000000000e+06
1.751986000000000000e+06
9.041150000000000000e+05
2.674970000000000000e+05
3.836230000000000000e+05
2.274710000000000000e+05
1.260919000000000000e+06
1.299079000000000000e+06
2.759700000000000000e+05
9.454140000000000000e+05
1.130585000000000000e+06
9.199380000000000000e+05
1.355650000000000000e+05
1.585010000000000000e+05
1.178789000000000000e+06
5.407540000000000000e+05
1.118119000000000000e+06
9.012460000000000000e+05
2.286860000000000000e+05
1.225238000000000000e+06
1.691250000000000000e+06
1.017487000000000000e+06
1.656725000000000000e+06
1.320180000000000000e+06
1.456619000000000000e+06
1.708366000000000000e+06
1.262152000000000000e+06
1.633541000000000000e+06
3.428000000000000000e+03
1.602647000000000000e+06
1.982410000000000000e+05
1.332682000000000000e+06
1.847058000000000000e+06
1.188056000000000000e+06
1.685203000000000000e+06
1.499983000000000000e+06
1.640717000000000000e+06
1.727672000000000000e+06
1.612451000000000000e+06
9.259930000000000000e+05
1.261669000000000000e+06
1.604990000000000000e+06
1.751511000000000000e+06
2.764730000000000000e+05
1.307002000000000000e+06
7.707890000000000000e+05
1.108777000000000000e+06
4.607750000000000000e+05
9.249610000000000000e+05
6.873550000000000000e+05
1.261319000000000000e+06
1.218303000000000000e+06
9.042930000000000000e+05
1.205337000000000000e+06
1.475810000000000000e+06
1.820413000000000000e+06
1.249740000000000000e+06
1.117198000000000000e+06
2.784850000000000000e+05
3.580000000000000000e+02
1.766612000000000000e+06
1.168457000000000000e+06
1.728592000000000000e+06
3.166000000000000000e+03
6.595980000000000000e+05
5.651130000000000000e+05
1.183843000000000000e+06
1.829500000000000000e+04
8.971130000000000000e+05
1.324418000000000000e+06
1.114424000000000000e+06
9.791150000000000000e+05
2.939530000000000000e+05
1.457807000000000000e+06
4.081390000000000000e+05
1.320165000000000000e+06
4.466500000000000000e+04
8.937360000000000000e+05
4.688430000000000000e+05
1.607471000000000000e+06
1.780634000000000000e+06
4.792710000000000000e+05
1.739783000000000000e+06
9.307020000000000000e+05
9.456890000000000000e+05
1.125900000000000000e+06
1.055541000000000000e+06
1.319729000000000000e+06
4.393990000000000000e+05
1.180360000000000000e+05
1.830500000000000000e+04
1.809279000000000000e+06
1.010350000000000000e+06
6.384280000000000000e+05
1.833981000000000000e+06
1.268268000000000000e+06
1.508588000000000000e+06
2.683540000000000000e+05
1.231638000000000000e+06
5.387480000000000000e+05
1.640822000000000000e+06
1.267320000000000000e+06
4.644970000000000000e+05
1.320698000000000000e+06
7.205830000000000000e+05
1.412852000000000000e+06
1.316903000000000000e+06
1.044014000000000000e+06
1.074889000000000000e+06
1.304362000000000000e+06
1.292877000000000000e+06
1.217856000000000000e+06
8.067200000000000000e+04
2.074720000000000000e+05
1.179430000000000000e+06
7.346970000000000000e+05
1.163079000000000000e+06
1.637585000000000000e+06
5.500000000000000000e+05
2.631130000000000000e+05
7.622080000000000000e+05
1.322230000000000000e+06
1.194525000000000000e+06
9.255530000000000000e+05
1.166857000000000000e+06
9.937930000000000000e+05
6.696650000000000000e+05
1.251357000000000000e+06
1.017244000000000000e+06
2.309630000000000000e+05
1.108123000000000000e+06
5.499460000000000000e+05
1.217948000000000000e+06
1.264387000000000000e+06
1.300811000000000000e+06
2.301090000000000000e+05
1.766154000000000000e+06
1.654032000000000000e+06
1.023871000000000000e+06
9.273670000000000000e+05
6.123390000000000000e+05
1.037711000000000000e+06
1.136428000000000000e+06
1.711225000000000000e+06
1.741556000000000000e+06
1.109839000000000000e+06
1.264118000000000000e+06
1.777889000000000000e+06
1.111079000000000000e+06
1.418749000000000000e+06
1.028000000000000000e+06
4.916070000000000000e+05
1.031491000000000000e+06
7.834600000000000000e+04
2.609860000000000000e+05
9.428580000000000000e+05
6.724470000000000000e+05
1.301629000000000000e+06
1.690109000000000000e+06
1.128793000000000000e+06
7.352250000000000000e+05
1.965990000000000000e+05
3.868880000000000000e+05
9.015060000000000000e+05
9.173570000000000000e+05
1.322542000000000000e+06
1.395590000000000000e+05
2.210320000000000000e+05
5.015480000000000000e+05
9.360590000000000000e+05
2.669700000000000000e+05
1.315955000000000000e+06
1.183047000000000000e+06
1.602333000000000000e+06
1.766182000000000000e+06
1.767650000000000000e+06
1.095320000000000000e+06
1.755155000000000000e+06
1.412730000000000000e+05
1.025016000000000000e+06
1.066742000000000000e+06
1.115278000000000000e+06
1.689996000000000000e+06
1.973880000000000000e+05
1.659642000000000000e+06
1.605736000000000000e+06
4.118550000000000000e+05
8.831960000000000000e+05
1.655694000000000000e+06
2.481590000000000000e+05
1.746084000000000000e+06
1.498959000000000000e+06
2.589590000000000000e+05
4.675370000000000000e+05
1.706358000000000000e+06
1.744639000000000000e+06
4.689300000000000000e+05
1.603855000000000000e+06
2.631650000000000000e+05
1.741316000000000000e+06
1.192708000000000000e+06
1.228225000000000000e+06
1.028903000000000000e+06
1.734612000000000000e+06
5.495360000000000000e+05
1.048394000000000000e+06
9.694300000000000000e+05
1.063289000000000000e+06
6.342430000000000000e+05
1.106706000000000000e+06
1.494816000000000000e+06
1.728073000000000000e+06
1.591910000000000000e+05
1.136666000000000000e+06
1.461510000000000000e+05
1.621980000000000000e+05
1.744632000000000000e+06
1.166327000000000000e+06
5.355200000000000000e+05
1.602150000000000000e+06
7.276630000000000000e+05
1.847039000000000000e+06
1.267633000000000000e+06
3.091600000000000000e+05
1.369242000000000000e+06
1.291534000000000000e+06
9.333820000000000000e+05
4.640970000000000000e+05
1.077870000000000000e+06
1.514115000000000000e+06
1.691945000000000000e+06
1.264603000000000000e+06
1.466224000000000000e+06
6.661440000000000000e+05
1.189717000000000000e+06
2.659320000000000000e+05
1.639815000000000000e+06
1.316210000000000000e+06
7.320950000000000000e+05
1.231052000000000000e+06
5.056220000000000000e+05
1.380996000000000000e+06
6.371900000000000000e+05
9.243680000000000000e+05
1.199254000000000000e+06
1.248157000000000000e+06
1.108953000000000000e+06
4.625100000000000000e+05
1.233560000000000000e+05
6.388570000000000000e+05
1.366280000000000000e+06
1.243665000000000000e+06
1.845968000000000000e+06
1.248556000000000000e+06
1.485000000000000000e+06
1.423824000000000000e+06
8.981550000000000000e+05
1.343255000000000000e+06
1.510976000000000000e+06
1.662082000000000000e+06
1.989490000000000000e+05
1.767326000000000000e+06
1.710776000000000000e+06
1.366748000000000000e+06
1.615633000000000000e+06
1.752805000000000000e+06
5.588100000000000000e+04
2.453470000000000000e+05
1.198509000000000000e+06
1.294750000000000000e+06
1.469437000000000000e+06
1.385196000000000000e+06
1.376127000000000000e+06
1.005245000000000000e+06
3.894890000000000000e+05
1.363684000000000000e+06
1.323570000000000000e+06
1.477997000000000000e+06
1.268151000000000000e+06
1.607982000000000000e+06
6.167770000000000000e+05
1.711711000000000000e+06
1.438523000000000000e+06
1.158845000000000000e+06
2.611640000000000000e+05
1.231538000000000000e+06
5.851030000000000000e+05
6.750930000000000000e+05
6.254230000000000000e+05
2.021000000000000000e+03
1.741150000000000000e+06
1.338344000000000000e+06
1.141089000000000000e+06
1.708280000000000000e+06
2.298380000000000000e+05
1.657435000000000000e+06
2.637450000000000000e+05
8.799000000000000000e+03
9.935800000000000000e+05
9.304280000000000000e+05
1.265587000000000000e+06
1.777721000000000000e+06
1.195341000000000000e+06
1.306095000000000000e+06
2.989020000000000000e+05
6.154720000000000000e+05
1.743325000000000000e+06
1.079040000000000000e+06
1.364779000000000000e+06
1.421697000000000000e+06
1.187293000000000000e+06
1.274728000000000000e+06
1.631416000000000000e+06
8.673590000000000000e+05
1.213369000000000000e+06
1.384972000000000000e+06
5.373570000000000000e+05
1.726626000000000000e+06
1.634627000000000000e+06
1.738731000000000000e+06
7.281030000000000000e+05
1.340887000000000000e+06
1.323750000000000000e+06
1.116468000000000000e+06
1.247934000000000000e+06
1.321753000000000000e+06
2.734480000000000000e+05
9.174400000000000000e+05
1.133706000000000000e+06
2.715740000000000000e+05
1.375860000000000000e+06
1.058711000000000000e+06
1.806300000000000000e+04
1.306054000000000000e+06
1.138223000000000000e+06
1.788000000000000000e+03
9.543430000000000000e+05
4.611480000000000000e+05
6.564020000000000000e+05
9.622880000000000000e+05
9.183660000000000000e+05
1.768710000000000000e+05
5.018540000000000000e+05
1.454210000000000000e+06
1.061278000000000000e+06
8.977700000000000000e+04
2.575060000000000000e+05
6.336000000000000000e+05
1.337979000000000000e+06
1.373225000000000000e+06
1.062031000000000000e+06
1.149733000000000000e+06
1.363095000000000000e+06
1.217877000000000000e+06
1.164210000000000000e+05
1.249330000000000000e+05
6.524500000000000000e+05
2.686710000000000000e+05
1.218432000000000000e+06
1.232676000000000000e+06
1.436686000000000000e+06
1.145309000000000000e+06
1.262942000000000000e+06
4.610570000000000000e+05
7.044600000000000000e+05
6.812600000000000000e+05
6.138950000000000000e+05
2.070390000000000000e+05
1.177210000000000000e+05
1.374390000000000000e+05
1.827162000000000000e+06
1.033908000000000000e+06
2.744000000000000000e+04
2.648600000000000000e+05
1.679054000000000000e+06
1.456993000000000000e+06
8.714730000000000000e+05
1.742010000000000000e+06
2.824180000000000000e+05
6.829100000000000000e+05
9.234050000000000000e+05
1.460916000000000000e+06
1.155941000000000000e+06
6.117680000000000000e+05
1.606793000000000000e+06
1.766559000000000000e+06
2.109100000000000000e+05
1.083452000000000000e+06
9.508330000000000000e+05
9.756910000000000000e+05
1.249591000000000000e+06
1.482000000000000000e+03
1.318112000000000000e+06
1.962480000000000000e+05
9.088210000000000000e+05
3.327330000000000000e+05
2.530050000000000000e+05
1.138167000000000000e+06
2.846830000000000000e+05
2.684340000000000000e+05
1.165024000000000000e+06
1.643849000000000000e+06
2.421960000000000000e+05
4.628790000000000000e+05
1.285008000000000000e+06
1.738688000000000000e+06
1.127492000000000000e+06
1.128130000000000000e+06
1.452990000000000000e+06
1.956260000000000000e+05
1.803332000000000000e+06
1.184633000000000000e+06
1.088361000000000000e+06
1.004389000000000000e+06
7.573940000000000000e+05
1.125213000000000000e+06
1.030752000000000000e+06
4.702190000000000000e+05
1.640600000000000000e+04
1.429004000000000000e+06
9.129160000000000000e+05
1.296755000000000000e+06
1.500633000000000000e+06
1.822043000000000000e+06
1.333299000000000000e+06
1.643805000000000000e+06
9.281770000000000000e+05
1.440865000000000000e+06
9.498390000000000000e+05
1.608966000000000000e+06
1.438385000000000000e+06
1.452243000000000000e+06
1.024065000000000000e+06
4.677000000000000000e+03
1.669843000000000000e+06
9.504960000000000000e+05
1.227817000000000000e+06
1.062525000000000000e+06
1.036420000000000000e+06
3.438800000000000000e+04
2.252370000000000000e+05
1.841927000000000000e+06
1.268875000000000000e+06
1.011238000000000000e+06
1.574886000000000000e+06
1.846137000000000000e+06
1.757900000000000000e+06
6.944440000000000000e+05
1.415940000000000000e+05
1.743166000000000000e+06
1.638341000000000000e+06
1.087621000000000000e+06
1.060702000000000000e+06
1.809324000000000000e+06
1.103796000000000000e+06
1.994750000000000000e+05
6.778790000000000000e+05
1.133039000000000000e+06
1.691286000000000000e+06
1.737198000000000000e+06
5.519340000000000000e+05
4.371160000000000000e+05
1.218002000000000000e+06
9.990800000000000000e+05
5.047360000000000000e+05
1.225557000000000000e+06
1.134024000000000000e+06
1.367903000000000000e+06
8.007000000000000000e+04
1.443213000000000000e+06
1.213644000000000000e+06
8.904000000000000000e+04
1.213297000000000000e+06
1.363980000000000000e+05
2.319040000000000000e+05
1.335146000000000000e+06
6.477990000000000000e+05
1.335614000000000000e+06
2.597140000000000000e+05
4.589230000000000000e+05
1.058398000000000000e+06
2.600730000000000000e+05
2.256180000000000000e+05
8.095220000000000000e+05
8.594790000000000000e+05
7.795050000000000000e+05
7.266500000000000000e+05
1.160545000000000000e+06
1.363869000000000000e+06
2.721100000000000000e+05
1.096560000000000000e+05
6.579400000000000000e+04
1.692106000000000000e+06
5.332210000000000000e+05
1.387939000000000000e+06
1.266522000000000000e+06
3.920450000000000000e+05
1.412970000000000000e+05
1.216901000000000000e+06
1.207667000000000000e+06
1.180749000000000000e+06
1.386032000000000000e+06
1.415578000000000000e+06
8.002270000000000000e+05
7.921510000000000000e+05
8.219910000000000000e+05
1.506589000000000000e+06
1.267017000000000000e+06
1.289331000000000000e+06
2.629150000000000000e+05
1.137483000000000000e+06
1.845963000000000000e+06
2.465050000000000000e+05
2.587530000000000000e+05
1.319264000000000000e+06
6.904000000000000000e+04
8.489700000000000000e+04
1.141693000000000000e+06
5.510000000000000000e+03
1.440834000000000000e+06
2.647920000000000000e+05
1.736751000000000000e+06
1.067851000000000000e+06
4.269600000000000000e+04
1.182503000000000000e+06
1.191379000000000000e+06
5.409250000000000000e+05
1.327821000000000000e+06
2.745000000000000000e+03
1.212853000000000000e+06
5.847560000000000000e+05
1.259377000000000000e+06
7.269870000000000000e+05
1.609055000000000000e+06
1.354244000000000000e+06
1.485000000000000000e+03
1.752362000000000000e+06
1.198000000000000000e+06
5.804510000000000000e+05
1.370001000000000000e+06
4.651420000000000000e+05
1.202436000000000000e+06
9.273240000000000000e+05
1.341734000000000000e+06
1.259320000000000000e+06
6.378380000000000000e+05
1.116304000000000000e+06
7.288120000000000000e+05
1.157037000000000000e+06
1.731354000000000000e+06
1.276669000000000000e+06
2.975530000000000000e+05
1.252313000000000000e+06
1.263272000000000000e+06
6.543350000000000000e+05
3.606980000000000000e+05
1.324580000000000000e+06
4.257260000000000000e+05
2.668810000000000000e+05
5.729990000000000000e+05
2.328630000000000000e+05
1.499604000000000000e+06
4.980930000000000000e+05
1.359246000000000000e+06
1.837014000000000000e+06
1.658300000000000000e+06
1.751786000000000000e+06
1.162369000000000000e+06
2.637080000000000000e+05
1.616537000000000000e+06
5.018150000000000000e+05
5.736160000000000000e+05
1.745573000000000000e+06
1.640416000000000000e+06
2.297080000000000000e+05
1.000691000000000000e+06
3.467900000000000000e+04
1.075974000000000000e+06
1.025440000000000000e+06
1.763088000000000000e+06
1.762957000000000000e+06
7.237100000000000000e+05
9.539260000000000000e+05
1.211192000000000000e+06
1.952560000000000000e+05
1.327915000000000000e+06
1.067242000000000000e+06
5.755210000000000000e+05
2.814300000000000000e+05
1.178599000000000000e+06
1.074219000000000000e+06
3.832790000000000000e+05
1.308630000000000000e+06
1.378076000000000000e+06
1.402110000000000000e+05
3.115020000000000000e+05
1.396891000000000000e+06
1.940390000000000000e+05
1.581210000000000000e+05
1.673541000000000000e+06
6.406280000000000000e+05
9.578930000000000000e+05
4.960940000000000000e+05
1.320813000000000000e+06
9.202370000000000000e+05
1.127988000000000000e+06
1.382170000000000000e+05
1.453673000000000000e+06
4.013800000000000000e+04
1.633982000000000000e+06
9.918770000000000000e+05
1.272732000000000000e+06
5.005110000000000000e+05
9.328060000000000000e+05
1.274640000000000000e+06
1.158686000000000000e+06
2.795800000000000000e+05
1.320568000000000000e+06
9.174490000000000000e+05
2.790400000000000000e+05
9.219630000000000000e+05
4.366130000000000000e+05
1.066804000000000000e+06
2.320460000000000000e+05
1.438884000000000000e+06
6.367500000000000000e+05
1.644353000000000000e+06
1.593750000000000000e+05
1.698532000000000000e+06
1.739180000000000000e+06
5.950770000000000000e+05
4.709770000000000000e+05
1.263242000000000000e+06
1.593500000000000000e+05
9.543820000000000000e+05
2.220740000000000000e+05
1.688832000000000000e+06
1.652317000000000000e+06
1.337095000000000000e+06
9.288370000000000000e+05
9.263530000000000000e+05
1.471261000000000000e+06
7.408870000000000000e+05
1.497285000000000000e+06
1.713121000000000000e+06
1.255887000000000000e+06
1.518348000000000000e+06
1.166087000000000000e+06
1.140534000000000000e+06
1.350080000000000000e+05
4.215060000000000000e+05
1.189282000000000000e+06
1.320438000000000000e+06
4.380760000000000000e+05
6.716820000000000000e+05
1.233477000000000000e+06
1.133628000000000000e+06
3.375740000000000000e+05
1.643888000000000000e+06
1.676062000000000000e+06
4.167570000000000000e+05
6.666800000000000000e+05
6.970200000000000000e+04
1.497991000000000000e+06
1.057811000000000000e+06
1.381605000000000000e+06
1.230679000000000000e+06
4.616390000000000000e+05
9.170300000000000000e+04
2.578110000000000000e+05
1.261834000000000000e+06
1.086871000000000000e+06
1.274790000000000000e+06
1.132386000000000000e+06
1.525754000000000000e+06
1.085348000000000000e+06
1.060650000000000000e+06
1.669518000000000000e+06
1.269588000000000000e+06
1.418606000000000000e+06
6.715450000000000000e+05
1.159660000000000000e+06
3.862920000000000000e+05
4.607500000000000000e+05
1.752475000000000000e+06
1.426390000000000000e+06
1.633657000000000000e+06
9.958700000000000000e+05
5.223700000000000000e+04
1.250671000000000000e+06
1.115767000000000000e+06
4.120000000000000000e+04
1.741369000000000000e+06
1.650959000000000000e+06
4.636960000000000000e+05
1.043402000000000000e+06
1.429750000000000000e+05
1.752529000000000000e+06
1.765966000000000000e+06
4.786610000000000000e+05
1.156865000000000000e+06
1.657462000000000000e+06
1.416666000000000000e+06
1.235521000000000000e+06
8.260300000000000000e+04
6.648060000000000000e+05
1.055496000000000000e+06
2.611240000000000000e+05
8.691290000000000000e+05
5.054580000000000000e+05
1.733816000000000000e+06
1.017575000000000000e+06
1.114045000000000000e+06
2.703950000000000000e+05
1.756719000000000000e+06
1.345148000000000000e+06
2.310220000000000000e+05
1.238220000000000000e+05
1.376598000000000000e+06
5.233200000000000000e+04
1.330579000000000000e+06
9.192700000000000000e+04
1.090439000000000000e+06
1.647464000000000000e+06
1.745747000000000000e+06
1.652170000000000000e+05
6.240500000000000000e+04
1.124644000000000000e+06
1.192301000000000000e+06
1.273820000000000000e+05
2.664400000000000000e+04
1.337235000000000000e+06
9.566530000000000000e+05
2.617690000000000000e+05
8.910300000000000000e+04
9.346400000000000000e+05
1.387526000000000000e+06
1.476981000000000000e+06
7.025980000000000000e+05
1.456576000000000000e+06
6.218600000000000000e+05
1.338169000000000000e+06
6.592870000000000000e+05
1.062119000000000000e+06
1.314500000000000000e+04
7.198630000000000000e+05
1.620650000000000000e+06
1.590386000000000000e+06
6.783650000000000000e+05
1.152114000000000000e+06
1.657821000000000000e+06
1.289542000000000000e+06
1.212608000000000000e+06
4.577900000000000000e+05
1.487756000000000000e+06
1.710537000000000000e+06
1.228052000000000000e+06
1.693468000000000000e+06
1.615901000000000000e+06
1.082773000000000000e+06
1.217426000000000000e+06
1.323226000000000000e+06
1.187517000000000000e+06
1.672952000000000000e+06
1.442752000000000000e+06
2.725250000000000000e+05
1.495663000000000000e+06
1.111700000000000000e+05
3.895620000000000000e+05
5.644280000000000000e+05
1.221722000000000000e+06
1.490412000000000000e+06
1.493921000000000000e+06
6.771370000000000000e+05
7.244540000000000000e+05
1.707369000000000000e+06
1.141495000000000000e+06
4.694810000000000000e+05
3.400600000000000000e+04
1.097681000000000000e+06
3.508370000000000000e+05
1.748855000000000000e+06
1.048348000000000000e+06
1.633995000000000000e+06
1.258424000000000000e+06
1.751379000000000000e+06
1.085814000000000000e+06
7.036200000000000000e+05
2.883000000000000000e+05
2.600100000000000000e+05
9.840640000000000000e+05
1.454368000000000000e+06
8.993600000000000000e+05
4.678490000000000000e+05
1.203740000000000000e+05
1.267268000000000000e+06
1.080907000000000000e+06
6.900320000000000000e+05
1.807600000000000000e+04
1.436005000000000000e+06
1.464849000000000000e+06
1.687234000000000000e+06
4.748700000000000000e+05
2.323610000000000000e+05
1.655494000000000000e+06
1.348563000000000000e+06
9.534580000000000000e+05
1.115359000000000000e+06
1.179549000000000000e+06
1.124306000000000000e+06
1.698626000000000000e+06
1.088599000000000000e+06
6.676650000000000000e+05
1.081603000000000000e+06
1.315988000000000000e+06
1.690981000000000000e+06
1.274259000000000000e+06
4.720700000000000000e+04
4.812620000000000000e+05
1.175584000000000000e+06
1.742953000000000000e+06
4.624520000000000000e+05
1.742652000000000000e+06
1.283074000000000000e+06
4.476430000000000000e+05
6.504290000000000000e+05
1.607172000000000000e+06
2.329890000000000000e+05
1.309180000000000000e+06
1.780459000000000000e+06
1.780075000000000000e+06
1.051809000000000000e+06
1.677000000000000000e+04
1.490787000000000000e+06
1.376388000000000000e+06
1.365870000000000000e+05
2.590710000000000000e+05
1.237419000000000000e+06
1.116139000000000000e+06
1.027140000000000000e+06
1.066800000000000000e+05
1.268314000000000000e+06
1.187475000000000000e+06
3.457490000000000000e+05
1.766910000000000000e+06
4.133440000000000000e+05
1.426842000000000000e+06
1.208608000000000000e+06
1.226365000000000000e+06
2.316440000000000000e+05
1.479925000000000000e+06
1.139245000000000000e+06
1.789940000000000000e+05
1.252646000000000000e+06
4.390940000000000000e+05
1.384785000000000000e+06
4.197500000000000000e+05
2.400960000000000000e+05
2.652150000000000000e+05
1.587480000000000000e+05
8.942690000000000000e+05
8.058400000000000000e+04
1.194559000000000000e+06
9.198370000000000000e+05
4.586240000000000000e+05
1.646550000000000000e+05
9.000580000000000000e+05
5.374940000000000000e+05
1.723864000000000000e+06
2.464760000000000000e+05
1.434114000000000000e+06
1.323842000000000000e+06
1.365335000000000000e+06
1.192740000000000000e+05
1.251035000000000000e+06
1.744408000000000000e+06
3.221580000000000000e+05
1.055184000000000000e+06
3.895250000000000000e+05
4.140510000000000000e+05
1.318150000000000000e+06
1.696008000000000000e+06
1.378725000000000000e+06
1.297976000000000000e+06
1.640565000000000000e+06
1.779078000000000000e+06
1.771368000000000000e+06
1.219398000000000000e+06
1.115355000000000000e+06
1.186856000000000000e+06
1.427924000000000000e+06
4.014150000000000000e+05
6.675750000000000000e+05
3.776630000000000000e+05
6.405050000000000000e+05
1.156122000000000000e+06
1.489328000000000000e+06
1.702800000000000000e+04
1.000077000000000000e+06
2.215510000000000000e+05
3.833590000000000000e+05
5.246400000000000000e+05
1.271899000000000000e+06
1.096487000000000000e+06
1.128407000000000000e+06
3.027350000000000000e+05
1.332614000000000000e+06
1.204073000000000000e+06
2.562710000000000000e+05
1.451152000000000000e+06
1.661878000000000000e+06
2.652160000000000000e+05
1.741681000000000000e+06
1.349650000000000000e+06
1.480812000000000000e+06
1.306641000000000000e+06
5.004320000000000000e+05
1.632920000000000000e+06
1.689417000000000000e+06
1.458062000000000000e+06
1.704190000000000000e+06
7.430020000000000000e+05
1.620870000000000000e+05
1.294108000000000000e+06
1.659293000000000000e+06
1.036023000000000000e+06
1.228664000000000000e+06
5.682980000000000000e+05
1.569031000000000000e+06
1.282902000000000000e+06
1.364610000000000000e+05
1.474953000000000000e+06
1.855114000000000000e+06
1.812611000000000000e+06
1.707718000000000000e+06
3.650420000000000000e+05
9.369580000000000000e+05
7.822400000000000000e+04
1.648888000000000000e+06
2.773860000000000000e+05
6.374100000000000000e+05
1.477939000000000000e+06
5.724420000000000000e+05
7.621600000000000000e+04
1.250750000000000000e+05
7.607400000000000000e+04
5.796330000000000000e+05
1.206967000000000000e+06
1.634166000000000000e+06
1.481223000000000000e+06
1.607062000000000000e+06
1.470896000000000000e+06
1.845720000000000000e+06
1.832100000000000000e+05
1.305452000000000000e+06
9.343300000000000000e+05
7.170600000000000000e+05
1.220195000000000000e+06
1.179881000000000000e+06
1.134077000000000000e+06
1.656160000000000000e+06
9.126500000000000000e+05
3.656240000000000000e+05
1.458233000000000000e+06
1.351740000000000000e+05
2.031070000000000000e+05
1.519200000000000000e+04
1.060657000000000000e+06
1.257751000000000000e+06
8.299710000000000000e+05
1.711193000000000000e+06
4.903340000000000000e+05
5.999710000000000000e+05
9.160880000000000000e+05
1.404819000000000000e+06
1.078139000000000000e+06
1.982730000000000000e+05
5.430560000000000000e+05
6.438270000000000000e+05
2.522610000000000000e+05
1.826186000000000000e+06
3.899310000000000000e+05
3.884710000000000000e+05
1.133329000000000000e+06
1.165330000000000000e+06
3.537460000000000000e+05
4.699110000000000000e+05
6.816490000000000000e+05
5.245500000000000000e+04
1.743075000000000000e+06
1.779390000000000000e+06
1.840550000000000000e+06
1.450827000000000000e+06
1.196696000000000000e+06
3.738620000000000000e+05
1.605236000000000000e+06
1.638815000000000000e+06
1.462479000000000000e+06
1.375630000000000000e+06
7.763100000000000000e+04
1.258197000000000000e+06
6.692670000000000000e+05
4.616290000000000000e+05
4.083250000000000000e+05
1.106984000000000000e+06
1.665415000000000000e+06
1.347420000000000000e+06
1.213647000000000000e+06
1.256419000000000000e+06
1.643534000000000000e+06
6.573410000000000000e+05
8.094200000000000000e+04
6.728310000000000000e+05
8.691230000000000000e+05
1.144810000000000000e+06
1.634233000000000000e+06
9.140620000000000000e+05
1.252585000000000000e+06
1.593698000000000000e+06
1.188271000000000000e+06
1.563720000000000000e+05
1.856672000000000000e+06
4.629790000000000000e+05
1.813661000000000000e+06
1.709339000000000000e+06
1.253413000000000000e+06
1.577553000000000000e+06
5.287800000000000000e+04
3.688500000000000000e+04
1.195839000000000000e+06
9.300380000000000000e+05
8.591940000000000000e+05
7.768700000000000000e+05
1.350546000000000000e+06
6.576090000000000000e+05
1.739316000000000000e+06
1.212699000000000000e+06
1.624312000000000000e+06
1.336092000000000000e+06
9.516240000000000000e+05
1.471859000000000000e+06
4.320960000000000000e+05
1.370165000000000000e+06
1.357551000000000000e+06
1.799125000000000000e+06
6.710980000000000000e+05
1.313686000000000000e+06
1.605167000000000000e+06
9.188350000000000000e+05
2.247770000000000000e+05
1.691300000000000000e+06
5.930400000000000000e+05
5.416550000000000000e+05
6.235290000000000000e+05
2.735300000000000000e+04
1.448627000000000000e+06
1.392170000000000000e+05
2.745100000000000000e+05
1.489072000000000000e+06
1.274889000000000000e+06
1.775700000000000000e+04
1.850512000000000000e+06
1.224791000000000000e+06
1.685405000000000000e+06
1.718202000000000000e+06
1.597062000000000000e+06
1.646576000000000000e+06
2.235780000000000000e+05
1.217754000000000000e+06
4.981950000000000000e+05
1.779557000000000000e+06
1.080097000000000000e+06
1.444948000000000000e+06
4.819220000000000000e+05
1.267896000000000000e+06
8.987470000000000000e+05
1.651092000000000000e+06
1.638337000000000000e+06
1.843509000000000000e+06
1.782956000000000000e+06
9.025500000000000000e+04
9.146130000000000000e+05
3.423500000000000000e+05
1.077526000000000000e+06
1.305667000000000000e+06
8.982560000000000000e+05
1.471315000000000000e+06
1.020871000000000000e+06
1.201080000000000000e+06
2.761350000000000000e+05
1.384223000000000000e+06
1.318327000000000000e+06
3.993970000000000000e+05
4.187120000000000000e+05
1.820469000000000000e+06
1.713603000000000000e+06
9.862570000000000000e+05
3.455230000000000000e+05
1.786114000000000000e+06
1.030038000000000000e+06
1.971410000000000000e+05
5.598200000000000000e+04
1.626565000000000000e+06
4.401230000000000000e+05
1.263211000000000000e+06
7.590870000000000000e+05
2.781570000000000000e+05
1.620425000000000000e+06
1.252206000000000000e+06
4.483690000000000000e+05
5.564670000000000000e+05
1.656181000000000000e+06
1.657629000000000000e+06
1.695512000000000000e+06
1.368915000000000000e+06
1.272583000000000000e+06
1.591993000000000000e+06
3.303670000000000000e+05
3.297970000000000000e+05
6.946700000000000000e+04
5.842470000000000000e+05
8.841700000000000000e+04
1.684298000000000000e+06
5.011740000000000000e+05
1.059129000000000000e+06
1.668795000000000000e+06
1.776587000000000000e+06
6.151650000000000000e+05
8.420300000000000000e+04
4.671700000000000000e+05
1.320553000000000000e+06
1.474269000000000000e+06
1.226657000000000000e+06
1.238045000000000000e+06
1.464955000000000000e+06
2.663980000000000000e+05
2.197710000000000000e+05
1.137926000000000000e+06
1.230633000000000000e+06
1.444043000000000000e+06
3.738200000000000000e+04
1.744214000000000000e+06
2.800580000000000000e+05
1.288723000000000000e+06
1.031803000000000000e+06
8.248700000000000000e+04
1.176791000000000000e+06
9.382440000000000000e+05
1.265458000000000000e+06
5.015790000000000000e+05
5.806760000000000000e+05
1.254344000000000000e+06
1.369388000000000000e+06
9.390730000000000000e+05
1.648846000000000000e+06
4.024790000000000000e+05
1.588360000000000000e+05
2.563140000000000000e+05
2.395260000000000000e+05
1.433284000000000000e+06
2.853420000000000000e+05
7.735720000000000000e+05
8.132760000000000000e+05
1.367651000000000000e+06
2.794110000000000000e+05
6.770230000000000000e+05
5.954730000000000000e+05
2.782050000000000000e+05
1.641799000000000000e+06
4.771010000000000000e+05
5.842730000000000000e+05
1.069149000000000000e+06
2.530340000000000000e+05
4.745870000000000000e+05
1.640868000000000000e+06
1.415655000000000000e+06
2.873870000000000000e+05
1.318157000000000000e+06
1.741829000000000000e+06
2.926260000000000000e+05
6.641550000000000000e+05
1.450474000000000000e+06
1.657431000000000000e+06
1.081412000000000000e+06
6.725500000000000000e+04
1.204757000000000000e+06
2.925220000000000000e+05
1.439500000000000000e+05
1.475120000000000000e+05
2.469820000000000000e+05
5.162160000000000000e+05
1.378317000000000000e+06
1.978550000000000000e+05
1.767891000000000000e+06
7.446600000000000000e+04
6.810080000000000000e+05
6.609200000000000000e+05
6.125810000000000000e+05
2.902700000000000000e+05
1.164500000000000000e+06
5.154410000000000000e+05
1.252685000000000000e+06
8.094100000000000000e+04
7.190820000000000000e+05
1.219137000000000000e+06
1.618010000000000000e+06
1.432696000000000000e+06
1.378021000000000000e+06
1.574948000000000000e+06
1.369845000000000000e+06
7.142540000000000000e+05
6.756700000000000000e+05
1.666337000000000000e+06
1.566080000000000000e+05
1.670457000000000000e+06
6.193390000000000000e+05
1.734204000000000000e+06
9.283620000000000000e+05
1.019373000000000000e+06
1.926990000000000000e+05
1.254358000000000000e+06
1.206317000000000000e+06
2.808810000000000000e+05
1.706545000000000000e+06
2.080150000000000000e+05
2.565960000000000000e+05
4.693050000000000000e+05
1.685257000000000000e+06
1.319893000000000000e+06
1.085165000000000000e+06
1.109311000000000000e+06
1.068676000000000000e+06
2.487860000000000000e+05
1.058457000000000000e+06
9.162340000000000000e+05
1.437543000000000000e+06
1.586841000000000000e+06
7.309960000000000000e+05
1.074182000000000000e+06
1.551561000000000000e+06
1.600452000000000000e+06
1.654600000000000000e+04
2.476120000000000000e+05
2.442850000000000000e+05
1.652866000000000000e+06
9.183420000000000000e+05
8.990650000000000000e+05
2.356940000000000000e+05
1.496796000000000000e+06
2.109630000000000000e+05
1.510060000000000000e+06
5.993500000000000000e+05
2.005910000000000000e+05
5.585590000000000000e+05
1.059831000000000000e+06
1.336079000000000000e+06
9.104600000000000000e+05
1.633997000000000000e+06
6.708070000000000000e+05
1.418918000000000000e+06
2.321400000000000000e+05
6.606640000000000000e+05
1.543730000000000000e+05
4.948590000000000000e+05
5.992230000000000000e+05
1.432140000000000000e+05
3.847040000000000000e+05
1.123494000000000000e+06
1.661858000000000000e+06
1.526386000000000000e+06
5.312990000000000000e+05
1.217909000000000000e+06
1.646000000000000000e+06
2.558070000000000000e+05
1.289986000000000000e+06
5.959390000000000000e+05
5.780250000000000000e+05
1.661176000000000000e+06
5.445450000000000000e+05
1.052609000000000000e+06
8.160100000000000000e+04
3.858200000000000000e+05
1.185718000000000000e+06
6.793200000000000000e+04
5.948790000000000000e+05
2.589680000000000000e+05
1.062816000000000000e+06
1.623551000000000000e+06
1.762495000000000000e+06
1.220190000000000000e+05
1.187714000000000000e+06
5.356540000000000000e+05
4.371290000000000000e+05
6.930360000000000000e+05
2.899980000000000000e+05
1.217194000000000000e+06
2.398660000000000000e+05
1.384945000000000000e+06
5.359140000000000000e+05
1.058216000000000000e+06
2.597270000000000000e+05
1.615243000000000000e+06
1.811413000000000000e+06
2.412910000000000000e+05
1.253581000000000000e+06
7.192710000000000000e+05
1.142685000000000000e+06
2.513160000000000000e+05
3.893700000000000000e+05
5.771940000000000000e+05
1.248512000000000000e+06
2.738940000000000000e+05
9.398440000000000000e+05
1.378344000000000000e+06
2.887640000000000000e+05
2.563740000000000000e+05
2.646400000000000000e+05
1.300032000000000000e+06
1.144402000000000000e+06
1.764466000000000000e+06
6.007850000000000000e+05
1.769131000000000000e+06
1.392240000000000000e+05
7.310500000000000000e+05
1.272462000000000000e+06
1.654401000000000000e+06
1.074322000000000000e+06
1.657388000000000000e+06
9.201000000000000000e+04
6.892810000000000000e+05
6.667130000000000000e+05
2.684810000000000000e+05
4.646480000000000000e+05
1.312053000000000000e+06
1.778920000000000000e+05
1.169107000000000000e+06
9.960170000000000000e+05
1.018666000000000000e+06
1.030949000000000000e+06
1.377829000000000000e+06
7.248420000000000000e+05
9.070940000000000000e+05
1.748741000000000000e+06
1.114933000000000000e+06
1.268210000000000000e+06
1.218819000000000000e+06
1.258085000000000000e+06
2.032460000000000000e+05
1.485602000000000000e+06
1.331848000000000000e+06
7.235290000000000000e+05
2.112930000000000000e+05
1.071166000000000000e+06
1.068538000000000000e+06
5.672400000000000000e+05
1.312953000000000000e+06
1.801659000000000000e+06
5.799140000000000000e+05
6.610500000000000000e+05
1.236658000000000000e+06
9.293750000000000000e+05
1.605611000000000000e+06
6.374750000000000000e+05
7.689400000000000000e+04
7.585000000000000000e+05
1.927800000000000000e+04
1.283657000000000000e+06
1.012982000000000000e+06
7.354790000000000000e+05
6.561770000000000000e+05
1.222547000000000000e+06
1.683800000000000000e+05
3.751390000000000000e+05
1.468277000000000000e+06
9.915020000000000000e+05
1.625100000000000000e+04
1.484275000000000000e+06
1.574774000000000000e+06
1.689980000000000000e+05
1.137018000000000000e+06
2.247980000000000000e+05
1.706374000000000000e+06
1.161101000000000000e+06
1.337223000000000000e+06
2.329670000000000000e+05
1.520568000000000000e+06
1.142629000000000000e+06
1.811013000000000000e+06
6.693660000000000000e+05
9.322540000000000000e+05
1.382940000000000000e+06
7.525300000000000000e+04
4.994600000000000000e+05
1.634007000000000000e+06
4.621210000000000000e+05
3.005100000000000000e+04
5.721680000000000000e+05
9.398070000000000000e+05
