2.662510000000000000e+05
1.123925000000000000e+06
9.254650000000000000e+05
1.320023000000000000e+06
1.263681000000000000e+06
1.134984000000000000e+06
1.740148000000000000e+06
1.177788000000000000e+06
1.136484000000000000e+06
1.334973000000000000e+06
2.661920000000000000e+05
1.604497000000000000e+06
1.125529000000000000e+06
2.659910000000000000e+05
1.016423000000000000e+06
1.693772000000000000e+06
2.648420000000000000e+05
1.126724000000000000e+06
2.658580000000000000e+05
9.195940000000000000e+05
2.315670000000000000e+05
4.635360000000000000e+05
1.375174000000000000e+06
1.750982000000000000e+06
1.691962000000000000e+06
2.648540000000000000e+05
2.306900000000000000e+05
2.645660000000000000e+05
8.704200000000000000e+04
9.264910000000000000e+05
1.689928000000000000e+06
1.694483000000000000e+06
1.751908000000000000e+06
1.136109000000000000e+06
1.178510000000000000e+06
4.440000000000000000e+02
1.249967000000000000e+06
1.306164000000000000e+06
3.863240000000000000e+05
1.841200000000000000e+04
1.318106000000000000e+06
1.766172000000000000e+06
1.062919000000000000e+06
5.521170000000000000e+05
2.616770000000000000e+05
1.498376000000000000e+06
1.438610000000000000e+06
2.835810000000000000e+05
1.606420000000000000e+06
1.115989000000000000e+06
1.121785000000000000e+06
1.120602000000000000e+06
1.134562000000000000e+06
2.825570000000000000e+05
1.217851000000000000e+06
1.266927000000000000e+06
6.719570000000000000e+05
9.209110000000000000e+05
1.167279000000000000e+06
1.320006000000000000e+06
6.357310000000000000e+05
1.266823000000000000e+06
1.121681000000000000e+06
1.368397000000000000e+06
1.019501000000000000e+06
1.265823000000000000e+06
2.663160000000000000e+05
1.130743000000000000e+06
1.641107000000000000e+06
6.943300000000000000e+04
1.385041000000000000e+06
1.645466000000000000e+06
1.350960000000000000e+05
1.639326000000000000e+06
9.584550000000000000e+05
1.225497000000000000e+06
2.858650000000000000e+05
1.693666000000000000e+06
1.030307000000000000e+06
1.577240000000000000e+05
1.031176000000000000e+06
2.649410000000000000e+05
1.049214000000000000e+06
4.648490000000000000e+05
2.229950000000000000e+05
1.166157000000000000e+06
1.013077000000000000e+06
6.446130000000000000e+05
1.177983000000000000e+06
2.726380000000000000e+05
1.319459000000000000e+06
1.602970000000000000e+06
1.061025000000000000e+06
1.122682000000000000e+06
1.321794000000000000e+06
1.124148000000000000e+06
1.335016000000000000e+06
1.741923000000000000e+06
9.285460000000000000e+05
2.578670000000000000e+05
9.240590000000000000e+05
1.167246000000000000e+06
9.120380000000000000e+05
1.740543000000000000e+06
4.658170000000000000e+05
7.723600000000000000e+04
1.302953000000000000e+06
1.691250000000000000e+06
6.159960000000000000e+05
4.636760000000000000e+05
1.455091000000000000e+06
9.168730000000000000e+05
4.169710000000000000e+05
9.118070000000000000e+05
1.607471000000000000e+06
4.667420000000000000e+05
1.778095000000000000e+06
1.363280000000000000e+05
1.248919000000000000e+06
1.319579000000000000e+06
1.123885000000000000e+06
9.166150000000000000e+05
1.018734000000000000e+06
1.128342000000000000e+06
2.643800000000000000e+05
1.750697000000000000e+06
1.112028000000000000e+06
1.367873000000000000e+06
2.451620000000000000e+05
2.662170000000000000e+05
1.766785000000000000e+06
8.366300000000000000e+04
1.137002000000000000e+06
1.453288000000000000e+06
1.262670000000000000e+06
9.145460000000000000e+05
2.677770000000000000e+05
1.971700000000000000e+05
1.739042000000000000e+06
8.568000000000000000e+04
5.789730000000000000e+05
1.585010000000000000e+05
1.319094000000000000e+06
1.215681000000000000e+06
1.132185000000000000e+06
1.074889000000000000e+06
9.456890000000000000e+05
1.113730000000000000e+06
2.286860000000000000e+05
1.766138000000000000e+06
2.844370000000000000e+05
1.274628000000000000e+06
1.265196000000000000e+06
1.693899000000000000e+06
1.982410000000000000e+05
1.734158000000000000e+06
1.740334000000000000e+06
9.199380000000000000e+05
9.665600000000000000e+05
1.320469000000000000e+06
1.439492000000000000e+06
9.952110000000000000e+05
2.618800000000000000e+05
8.123000000000000000e+04
1.657829000000000000e+06
1.337467000000000000e+06
1.250386000000000000e+06
5.429450000000000000e+05
6.810970000000000000e+05
1.128082000000000000e+06
1.007049000000000000e+06
9.165660000000000000e+05
5.392630000000000000e+05
5.031200000000000000e+05
2.746560000000000000e+05
3.838050000000000000e+05
1.190865000000000000e+06
1.372350000000000000e+05
1.060877000000000000e+06
5.775020000000000000e+05
9.265000000000000000e+05
2.670440000000000000e+05
5.407540000000000000e+05
6.375100000000000000e+05
1.675648000000000000e+06
1.973880000000000000e+05
2.309630000000000000e+05
1.455002000000000000e+06
1.486700000000000000e+05
1.319047000000000000e+06
9.239160000000000000e+05
2.758510000000000000e+05
1.693747000000000000e+06
9.259930000000000000e+05
1.332682000000000000e+06
9.242620000000000000e+05
1.751986000000000000e+06
1.108777000000000000e+06
3.837110000000000000e+05
9.433210000000000000e+05
1.194519000000000000e+06
1.695946000000000000e+06
2.624450000000000000e+05
9.707770000000000000e+05
1.375403000000000000e+06
1.170649000000000000e+06
1.727789000000000000e+06
1.369242000000000000e+06
1.017487000000000000e+06
1.216562000000000000e+06
1.231052000000000000e+06
9.041150000000000000e+05
1.095320000000000000e+06
2.759700000000000000e+05
3.428000000000000000e+03
9.428580000000000000e+05
2.669700000000000000e+05
1.383932000000000000e+06
1.631416000000000000e+06
7.231110000000000000e+05
5.352630000000000000e+05
2.674970000000000000e+05
4.052920000000000000e+05
1.966360000000000000e+05
4.631380000000000000e+05
1.142570000000000000e+06
1.166275000000000000e+06
1.007808000000000000e+06
1.740422000000000000e+06
1.640717000000000000e+06
1.767650000000000000e+06
1.830500000000000000e+04
1.337931000000000000e+06
1.376953000000000000e+06
5.648740000000000000e+05
6.366610000000000000e+05
1.032427000000000000e+06
1.685823000000000000e+06
1.780634000000000000e+06
9.355870000000000000e+05
1.319910000000000000e+06
1.165024000000000000e+06
1.044386000000000000e+06
1.249740000000000000e+06
6.823640000000000000e+05
1.644020000000000000e+06
1.461510000000000000e+05
1.336092000000000000e+06
1.499395000000000000e+06
1.989490000000000000e+05
1.118119000000000000e+06
1.739783000000000000e+06
4.702190000000000000e+05
1.633541000000000000e+06
1.602427000000000000e+06
1.299079000000000000e+06
2.301090000000000000e+05
1.231638000000000000e+06
1.014198000000000000e+06
1.128793000000000000e+06
9.255530000000000000e+05
1.047845000000000000e+06
2.989020000000000000e+05
7.707890000000000000e+05
1.267320000000000000e+06
1.138223000000000000e+06
1.401522000000000000e+06
3.866940000000000000e+05
7.205830000000000000e+05
1.318176000000000000e+06
1.166857000000000000e+06
1.179430000000000000e+06
1.456780000000000000e+06
1.418749000000000000e+06
1.132942000000000000e+06
4.916070000000000000e+05
1.291534000000000000e+06
1.136428000000000000e+06
8.971130000000000000e+05
2.274710000000000000e+05
1.301629000000000000e+06
1.301068000000000000e+06
1.125408000000000000e+06
1.309824000000000000e+06
4.619900000000000000e+05
9.293770000000000000e+05
5.588100000000000000e+04
7.573610000000000000e+05
1.710498000000000000e+06
9.015060000000000000e+05
9.249610000000000000e+05
1.057311000000000000e+06
1.307002000000000000e+06
1.375860000000000000e+06
1.514115000000000000e+06
1.752805000000000000e+06
4.792710000000000000e+05
5.387480000000000000e+05
5.529200000000000000e+05
1.264387000000000000e+06
1.225292000000000000e+06
9.162220000000000000e+05
1.654032000000000000e+06
1.315955000000000000e+06
1.842922000000000000e+06
9.042930000000000000e+05
2.683540000000000000e+05
1.320165000000000000e+06
1.591910000000000000e+05
1.195341000000000000e+06
1.741316000000000000e+06
1.045474000000000000e+06
6.384280000000000000e+05
1.252770000000000000e+06
1.744639000000000000e+06
4.393330000000000000e+05
2.074830000000000000e+05
9.937930000000000000e+05
1.109839000000000000e+06
1.456993000000000000e+06
1.634627000000000000e+06
1.455573000000000000e+06
1.728592000000000000e+06
1.263419000000000000e+06
1.369960000000000000e+05
4.126530000000000000e+05
1.452990000000000000e+06
1.809279000000000000e+06
2.328630000000000000e+05
1.487756000000000000e+06
4.466500000000000000e+04
1.507645000000000000e+06
1.494816000000000000e+06
1.708366000000000000e+06
1.656725000000000000e+06
1.055541000000000000e+06
1.727672000000000000e+06
1.200542000000000000e+06
1.603855000000000000e+06
1.233560000000000000e+05
5.459310000000000000e+05
6.718570000000000000e+05
1.168457000000000000e+06
1.751511000000000000e+06
6.254230000000000000e+05
1.114424000000000000e+06
8.067200000000000000e+04
8.969530000000000000e+05
1.384727000000000000e+06
1.744356000000000000e+06
1.183742000000000000e+06
9.255390000000000000e+05
1.803332000000000000e+06
1.375630000000000000e+06
1.498959000000000000e+06
1.036261000000000000e+06
1.189717000000000000e+06
1.604990000000000000e+06
1.128683000000000000e+06
1.956260000000000000e+05
7.352250000000000000e+05
4.688430000000000000e+05
6.123390000000000000e+05
7.288390000000000000e+05
2.780850000000000000e+05
9.137630000000000000e+05
1.485000000000000000e+06
1.227817000000000000e+06
5.499460000000000000e+05
6.870350000000000000e+05
2.536720000000000000e+05
1.228225000000000000e+06
2.453470000000000000e+05
1.378076000000000000e+06
1.638341000000000000e+06
1.378694000000000000e+06
1.655694000000000000e+06
9.012460000000000000e+05
1.640600000000000000e+04
1.710776000000000000e+06
1.643684000000000000e+06
1.847058000000000000e+06
1.587480000000000000e+05
9.333820000000000000e+05
1.217948000000000000e+06
2.784850000000000000e+05
1.640822000000000000e+06
1.183843000000000000e+06
1.320180000000000000e+06
1.107081000000000000e+06
1.737198000000000000e+06
1.436686000000000000e+06
8.058400000000000000e+04
8.977700000000000000e+04
1.766182000000000000e+06
3.400600000000000000e+04
1.376127000000000000e+06
1.060702000000000000e+06
1.343255000000000000e+06
1.469437000000000000e+06
1.324418000000000000e+06
1.097801000000000000e+06
4.647610000000000000e+05
6.543350000000000000e+05
2.575060000000000000e+05
8.919020000000000000e+05
4.988190000000000000e+05
2.073000000000000000e+03
2.589590000000000000e+05
1.187517000000000000e+06
9.578930000000000000e+05
9.242310000000000000e+05
2.631130000000000000e+05
1.136666000000000000e+06
2.298380000000000000e+05
9.275000000000000000e+05
1.067242000000000000e+06
1.659642000000000000e+06
5.356060000000000000e+05
1.415940000000000000e+05
1.011406000000000000e+06
3.925530000000000000e+05
2.109100000000000000e+05
1.605611000000000000e+06
1.321753000000000000e+06
1.766612000000000000e+06
1.656181000000000000e+06
1.317493000000000000e+06
3.894890000000000000e+05
1.612451000000000000e+06
1.639810000000000000e+06
1.192740000000000000e+05
1.679054000000000000e+06
9.534580000000000000e+05
1.607982000000000000e+06
2.975530000000000000e+05
1.300811000000000000e+06
1.412970000000000000e+05
6.970200000000000000e+04
2.465180000000000000e+05
7.834600000000000000e+04
4.672260000000000000e+05
2.597140000000000000e+05
1.265587000000000000e+06
1.767326000000000000e+06
1.741556000000000000e+06
8.489700000000000000e+04
1.440865000000000000e+06
1.192708000000000000e+06
1.452243000000000000e+06
9.273670000000000000e+05
2.380000000000000000e+03
1.980760000000000000e+05
7.346970000000000000e+05
2.652150000000000000e+05
6.715450000000000000e+05
5.498850000000000000e+05
1.438385000000000000e+06
1.363980000000000000e+05
1.593500000000000000e+05
8.981550000000000000e+05
6.367500000000000000e+05
9.508330000000000000e+05
9.781810000000000000e+05
1.182503000000000000e+06
1.508588000000000000e+06
6.595980000000000000e+05
1.574837000000000000e+06
1.223637000000000000e+06
2.611240000000000000e+05
6.750930000000000000e+05
1.440834000000000000e+06
1.177210000000000000e+05
1.017244000000000000e+06
1.317888000000000000e+06
1.738688000000000000e+06
1.023871000000000000e+06
1.261524000000000000e+06
3.656240000000000000e+05
1.711969000000000000e+06
1.180360000000000000e+05
6.593500000000000000e+04
1.462479000000000000e+06
1.178789000000000000e+06
1.327915000000000000e+06
6.724470000000000000e+05
9.174400000000000000e+05
1.187293000000000000e+06
5.888550000000000000e+05
1.199254000000000000e+06
7.201120000000000000e+05
6.812600000000000000e+05
1.183047000000000000e+06
1.345148000000000000e+06
1.588360000000000000e+05
1.809428000000000000e+06
1.688396000000000000e+06
1.766910000000000000e+06
1.319729000000000000e+06
1.702800000000000000e+04
1.364966000000000000e+06
1.386032000000000000e+06
4.607750000000000000e+05
2.080150000000000000e+05
1.079040000000000000e+06
6.829700000000000000e+04
1.141089000000000000e+06
3.832790000000000000e+05
1.157851000000000000e+06
2.631650000000000000e+05
1.475810000000000000e+06
4.675370000000000000e+05
1.994750000000000000e+05
1.230730000000000000e+06
4.366130000000000000e+05
1.747292000000000000e+06
1.080012000000000000e+06
1.677025000000000000e+06
1.077870000000000000e+06
8.673590000000000000e+05
4.278520000000000000e+05
1.218303000000000000e+06
5.153110000000000000e+05
1.205337000000000000e+06
1.260919000000000000e+06
1.438523000000000000e+06
4.013800000000000000e+04
1.777889000000000000e+06
1.320698000000000000e+06
1.602333000000000000e+06
1.423824000000000000e+06
1.605736000000000000e+06
1.264118000000000000e+06
5.026310000000000000e+05
1.489328000000000000e+06
1.822043000000000000e+06
1.130585000000000000e+06
1.156865000000000000e+06
6.778790000000000000e+05
1.833981000000000000e+06
2.694910000000000000e+05
1.820413000000000000e+06
6.792700000000000000e+04
1.738731000000000000e+06
1.836670000000000000e+05
2.578110000000000000e+05
1.764700000000000000e+05
1.597061000000000000e+06
1.306095000000000000e+06
1.253418000000000000e+06
1.436005000000000000e+06
1.284197000000000000e+06
1.094900000000000000e+06
2.629150000000000000e+05
5.853050000000000000e+05
1.616537000000000000e+06
1.412730000000000000e+05
1.180749000000000000e+06
1.723150000000000000e+06
2.939530000000000000e+05
6.336000000000000000e+05
1.741150000000000000e+06
8.987470000000000000e+05
5.054180000000000000e+05
5.092140000000000000e+05
6.592870000000000000e+05
1.743166000000000000e+06
1.166327000000000000e+06
6.609200000000000000e+05
6.154720000000000000e+05
3.457490000000000000e+05
9.173570000000000000e+05
2.308180000000000000e+05
6.661440000000000000e+05
1.030752000000000000e+06
1.128522000000000000e+06
1.261740000000000000e+06
1.841927000000000000e+06
1.318112000000000000e+06
9.273240000000000000e+05
5.598200000000000000e+04
1.497285000000000000e+06
1.268314000000000000e+06
1.224791000000000000e+06
2.721100000000000000e+05
4.014520000000000000e+05
1.429860000000000000e+05
1.341734000000000000e+06
2.267730000000000000e+05
1.125900000000000000e+06
1.316210000000000000e+06
1.063289000000000000e+06
1.266522000000000000e+06
2.210320000000000000e+05
1.395590000000000000e+05
1.188056000000000000e+06
3.091600000000000000e+05
1.646550000000000000e+05
1.364779000000000000e+06
1.244250000000000000e+06
1.054021000000000000e+06
3.749210000000000000e+05
1.668160000000000000e+05
5.332210000000000000e+05
1.199471000000000000e+06
1.075974000000000000e+06
9.129160000000000000e+05
2.873870000000000000e+05
1.617720000000000000e+05
1.543730000000000000e+05
9.192250000000000000e+05
1.264603000000000000e+06
8.048780000000000000e+05
8.666950000000000000e+05
4.994600000000000000e+05
9.330000000000000000e+02
1.977550000000000000e+05
1.320438000000000000e+06
1.011238000000000000e+06
6.007850000000000000e+05
7.706160000000000000e+05
1.457811000000000000e+06
1.163079000000000000e+06
5.847560000000000000e+05
4.070000000000000000e+05
1.707718000000000000e+06
4.104540000000000000e+05
1.140534000000000000e+06
4.689300000000000000e+05
1.312953000000000000e+06
1.637585000000000000e+06
9.283390000000000000e+05
1.789940000000000000e+05
1.979860000000000000e+05
2.883000000000000000e+05
1.376281000000000000e+06
1.324580000000000000e+06
1.251357000000000000e+06
1.338169000000000000e+06
1.308293000000000000e+06
3.884710000000000000e+05
1.426842000000000000e+06
1.752475000000000000e+06
1.137483000000000000e+06
9.184040000000000000e+05
2.657000000000000000e+04
9.328060000000000000e+05
9.623430000000000000e+05
1.207667000000000000e+06
5.015480000000000000e+05
1.691286000000000000e+06
1.274259000000000000e+06
1.641799000000000000e+06
4.195230000000000000e+05
1.688832000000000000e+06
1.370001000000000000e+06
1.758800000000000000e+05
5.682980000000000000e+05
7.009420000000000000e+05
1.256708000000000000e+06
6.579400000000000000e+04
1.005245000000000000e+06
1.690981000000000000e+06
1.115278000000000000e+06
1.096560000000000000e+05
5.930400000000000000e+05
4.201410000000000000e+05
1.133039000000000000e+06
4.903340000000000000e+05
1.615633000000000000e+06
1.706358000000000000e+06
1.810100000000000000e+04
2.847890000000000000e+05
1.782987000000000000e+06
1.059833000000000000e+06
5.799870000000000000e+05
5.993500000000000000e+05
6.829100000000000000e+05
1.145309000000000000e+06
1.025016000000000000e+06
1.087621000000000000e+06
1.217856000000000000e+06
1.728073000000000000e+06
6.816490000000000000e+05
1.476981000000000000e+06
1.268268000000000000e+06
2.617690000000000000e+05
1.289365000000000000e+06
2.297080000000000000e+05
5.374940000000000000e+05
1.268875000000000000e+06
1.605523000000000000e+06
6.477990000000000000e+05
1.249420000000000000e+05
1.066800000000000000e+05
2.005910000000000000e+05
1.292877000000000000e+06
5.011740000000000000e+05
2.887380000000000000e+05
1.108953000000000000e+06
3.423500000000000000e+05
1.132386000000000000e+06
1.062031000000000000e+06
1.150373000000000000e+06
6.117680000000000000e+05
1.232676000000000000e+06
2.611640000000000000e+05
4.704680000000000000e+05
1.827162000000000000e+06
4.589530000000000000e+05
4.651420000000000000e+05
9.160880000000000000e+05
1.855114000000000000e+06
1.436692000000000000e+06
1.434114000000000000e+06
7.621600000000000000e+04
1.116304000000000000e+06
1.471895000000000000e+06
1.259320000000000000e+06
1.693831000000000000e+06
1.138167000000000000e+06
1.218432000000000000e+06
4.197700000000000000e+04
1.213644000000000000e+06
5.796330000000000000e+05
1.387526000000000000e+06
7.820300000000000000e+04
2.306500000000000000e+05
1.640416000000000000e+06
4.709770000000000000e+05
9.088210000000000000e+05
1.962480000000000000e+05
1.282016000000000000e+06
9.935800000000000000e+05
1.479925000000000000e+06
9.304280000000000000e+05
1.386980000000000000e+06
1.262942000000000000e+06
2.814300000000000000e+05
1.213297000000000000e+06
7.607400000000000000e+04
1.335146000000000000e+06
1.209008000000000000e+06
1.164210000000000000e+05
6.844050000000000000e+05
9.756910000000000000e+05
8.917000000000000000e+04
5.668860000000000000e+05
1.392170000000000000e+05
2.020000000000000000e+03
4.980930000000000000e+05
5.804510000000000000e+05
1.066742000000000000e+06
1.772475000000000000e+06
1.775201000000000000e+06
9.238600000000000000e+04
1.296755000000000000e+06
1.421697000000000000e+06
1.605167000000000000e+06
1.333299000000000000e+06
1.212729000000000000e+06
5.233200000000000000e+04
4.090920000000000000e+05
4.226120000000000000e+05
9.346400000000000000e+05
6.384080000000000000e+05
1.340887000000000000e+06
1.062009000000000000e+06
1.689996000000000000e+06
1.338344000000000000e+06
1.366748000000000000e+06
1.416666000000000000e+06
8.904000000000000000e+04
1.314500000000000000e+04
2.648600000000000000e+05
1.074178000000000000e+06
1.233477000000000000e+06
1.455161000000000000e+06
9.543430000000000000e+05
1.348230000000000000e+06
1.788000000000000000e+03
9.312720000000000000e+05
1.766559000000000000e+06
1.620958000000000000e+06
1.088599000000000000e+06
8.171000000000000000e+03
1.192301000000000000e+06
1.721660000000000000e+06
3.925900000000000000e+04
4.083250000000000000e+05
1.947500000000000000e+04
1.322542000000000000e+06
5.819100000000000000e+04
1.741369000000000000e+06
1.742953000000000000e+06
2.609860000000000000e+05
1.590386000000000000e+06
1.043054000000000000e+06
1.574948000000000000e+06
1.088746000000000000e+06
2.956480000000000000e+05
1.402110000000000000e+05
9.162340000000000000e+05
1.365335000000000000e+06
1.248556000000000000e+06
1.357210000000000000e+05
1.323355000000000000e+06
1.846137000000000000e+06
1.179320000000000000e+06
1.323981000000000000e+06
1.267268000000000000e+06
6.011310000000000000e+05
1.206317000000000000e+06
1.378337000000000000e+06
1.371320000000000000e+05
1.832644000000000000e+06
1.322230000000000000e+06
9.263530000000000000e+05
2.647920000000000000e+05
1.224980000000000000e+06
1.024085000000000000e+06
2.684340000000000000e+05
7.426010000000000000e+05
5.136840000000000000e+05
5.651160000000000000e+05
1.025440000000000000e+06
1.510060000000000000e+06
1.142685000000000000e+06
2.216170000000000000e+05
2.856860000000000000e+05
1.160545000000000000e+06
7.237100000000000000e+05
1.033908000000000000e+06
1.445350000000000000e+05
6.580800000000000000e+04
5.527240000000000000e+05
2.247980000000000000e+05
8.420300000000000000e+04
1.711225000000000000e+06
1.336079000000000000e+06
3.920400000000000000e+04
1.179881000000000000e+06
8.799000000000000000e+03
1.665324000000000000e+06
1.185718000000000000e+06
1.108380000000000000e+06
1.319264000000000000e+06
2.070390000000000000e+05
2.565960000000000000e+05
2.128630000000000000e+05
1.337979000000000000e+06
1.620425000000000000e+06
2.552310000000000000e+05
1.510943000000000000e+06
2.902700000000000000e+05
1.845968000000000000e+06
2.733170000000000000e+05
5.736160000000000000e+05
4.720700000000000000e+04
1.963410000000000000e+05
1.134387000000000000e+06
1.525754000000000000e+06
1.811277000000000000e+06
1.566759000000000000e+06
1.163103000000000000e+06
2.844560000000000000e+05
1.323750000000000000e+06
6.725500000000000000e+04
1.309180000000000000e+06
1.798622000000000000e+06
1.213714000000000000e+06
1.478191000000000000e+06
1.672952000000000000e+06
1.320503000000000000e+06
1.823300000000000000e+05
1.766154000000000000e+06
8.402540000000000000e+05
8.107320000000000000e+05
2.244360000000000000e+05
7.795050000000000000e+05
1.225557000000000000e+06
2.252370000000000000e+05
2.159560000000000000e+05
1.382170000000000000e+05
1.120244000000000000e+06
3.650420000000000000e+05
1.202436000000000000e+06
1.289542000000000000e+06
1.441249000000000000e+06
4.320960000000000000e+05
1.060922000000000000e+06
1.662145000000000000e+06
4.956700000000000000e+05
7.142540000000000000e+05
8.841700000000000000e+04
1.592795000000000000e+06
2.861720000000000000e+05
5.811000000000000000e+03
1.648888000000000000e+06
9.221400000000000000e+04
1.115702000000000000e+06
5.852520000000000000e+05
9.355440000000000000e+05
1.139245000000000000e+06
5.114000000000000000e+03
1.190395000000000000e+06
1.131482000000000000e+06
5.445450000000000000e+05
5.842730000000000000e+05
5.799140000000000000e+05
1.618010000000000000e+06
1.655700000000000000e+06
1.105137000000000000e+06
2.794110000000000000e+05
4.683840000000000000e+05
1.261669000000000000e+06
4.594630000000000000e+05
2.320460000000000000e+05
1.081412000000000000e+06
5.495360000000000000e+05
2.562710000000000000e+05
2.646400000000000000e+05
1.455965000000000000e+06
1.415603000000000000e+06
2.899980000000000000e+05
5.564670000000000000e+05
1.692668000000000000e+06
1.669518000000000000e+06
9.498390000000000000e+05
1.125213000000000000e+06
1.274735000000000000e+06
1.769131000000000000e+06
2.715740000000000000e+05
1.194302000000000000e+06
1.095073000000000000e+06
1.745564000000000000e+06
1.695403000000000000e+06
1.593750000000000000e+05
1.651912000000000000e+06
1.449866000000000000e+06
2.800580000000000000e+05
1.155941000000000000e+06
5.722200000000000000e+05
1.057811000000000000e+06
6.985410000000000000e+05
1.743156000000000000e+06
1.764163000000000000e+06
5.849410000000000000e+05
1.521672000000000000e+06
1.235521000000000000e+06
1.381605000000000000e+06
2.469820000000000000e+05
1.439500000000000000e+05
4.640970000000000000e+05
2.558070000000000000e+05
1.751786000000000000e+06
1.200280000000000000e+06
6.371900000000000000e+05
2.785770000000000000e+05
8.691230000000000000e+05
1.130982000000000000e+06
6.191880000000000000e+05
9.398440000000000000e+05
1.808624000000000000e+06
1.692772000000000000e+06
1.775963000000000000e+06
1.141693000000000000e+06
3.327330000000000000e+05
2.323610000000000000e+05
4.262930000000000000e+05
1.082773000000000000e+06
1.124644000000000000e+06
1.133706000000000000e+06
3.847040000000000000e+05
1.271382000000000000e+06
3.375350000000000000e+05
1.816498000000000000e+06
1.689417000000000000e+06
1.306054000000000000e+06
8.982560000000000000e+05
1.824318000000000000e+06
1.083452000000000000e+06
1.780532000000000000e+06
6.397300000000000000e+04
1.851875000000000000e+06
1.084025000000000000e+06
1.739180000000000000e+06
1.500633000000000000e+06
6.609440000000000000e+05
4.372080000000000000e+05
1.477997000000000000e+06
5.916150000000000000e+05
2.442850000000000000e+05
1.602150000000000000e+06
1.036976000000000000e+06
1.058711000000000000e+06
1.294800000000000000e+06
8.902790000000000000e+05
1.757235000000000000e+06
1.489072000000000000e+06
1.220190000000000000e+05
1.088604000000000000e+06
1.385196000000000000e+06
1.752362000000000000e+06
1.764466000000000000e+06
9.539260000000000000e+05
5.755210000000000000e+05
1.845720000000000000e+06
1.456510000000000000e+06
9.691470000000000000e+05
1.127492000000000000e+06
5.030990000000000000e+05
6.167770000000000000e+05
5.842470000000000000e+05
1.843509000000000000e+06
1.607172000000000000e+06
6.138910000000000000e+05
1.388066000000000000e+06
1.499604000000000000e+06
1.289331000000000000e+06
1.563720000000000000e+05
1.111079000000000000e+06
1.353513000000000000e+06
1.633657000000000000e+06
1.630580000000000000e+06
7.686570000000000000e+05
5.004320000000000000e+05
1.738588000000000000e+06
1.345440000000000000e+05
6.404500000000000000e+05
6.919540000000000000e+05
8.682800000000000000e+04
1.634053000000000000e+06
4.414670000000000000e+05
1.464849000000000000e+06
1.032319000000000000e+06
1.136280000000000000e+05
1.157054000000000000e+06
9.201000000000000000e+04
1.213369000000000000e+06
5.359140000000000000e+05
1.854675000000000000e+06
1.374390000000000000e+05
2.319730000000000000e+05
8.999880000000000000e+05
1.518348000000000000e+06
1.784425000000000000e+06
1.075530000000000000e+06
1.477828000000000000e+06
1.441282000000000000e+06
1.044058000000000000e+06
1.018514000000000000e+06
1.396956000000000000e+06
1.248157000000000000e+06
1.213647000000000000e+06
2.725110000000000000e+05
1.305667000000000000e+06
5.354300000000000000e+05
6.666800000000000000e+05
1.783091000000000000e+06
1.068676000000000000e+06
2.893230000000000000e+05
1.945500000000000000e+04
2.030400000000000000e+04
1.706255000000000000e+06
1.639944000000000000e+06
1.152114000000000000e+06
1.514047000000000000e+06
6.148160000000000000e+05
7.408870000000000000e+05
1.476856000000000000e+06
1.196992000000000000e+06
5.890900000000000000e+05
6.810080000000000000e+05
7.320950000000000000e+05
1.357385000000000000e+06
9.498630000000000000e+05
1.319893000000000000e+06
9.202370000000000000e+05
1.615243000000000000e+06
1.314300000000000000e+04
6.951880000000000000e+05
5.246400000000000000e+05
1.002504000000000000e+06
4.236220000000000000e+05
1.142629000000000000e+06
1.528580000000000000e+05
1.652231000000000000e+06
2.572080000000000000e+05
1.773893000000000000e+06
4.401230000000000000e+05
4.933780000000000000e+05
7.044600000000000000e+05
1.453673000000000000e+06
1.035543000000000000e+06
1.062525000000000000e+06
1.559050000000000000e+05
1.282902000000000000e+06
1.735340000000000000e+06
7.269870000000000000e+05
6.683450000000000000e+05
9.119300000000000000e+04
1.230111000000000000e+06
1.158239000000000000e+06
6.561770000000000000e+05
7.460300000000000000e+04
1.134024000000000000e+06
1.520895000000000000e+06
1.204803000000000000e+06
2.485500000000000000e+05
1.443213000000000000e+06
7.377650000000000000e+05
1.335614000000000000e+06
1.359678000000000000e+06
5.854050000000000000e+05
1.643534000000000000e+06
2.637080000000000000e+05
1.384972000000000000e+06
4.565270000000000000e+05
1.294984000000000000e+06
1.195839000000000000e+06
1.793845000000000000e+06
2.398660000000000000e+05
1.276669000000000000e+06
3.895250000000000000e+05
1.273820000000000000e+05
1.295391000000000000e+06
1.131017000000000000e+06
4.694810000000000000e+05
3.606980000000000000e+05
1.850512000000000000e+06
1.361776000000000000e+06
9.002450000000000000e+05
1.710132000000000000e+06
9.056030000000000000e+05
2.836150000000000000e+05
9.104600000000000000e+05
1.471261000000000000e+06
2.003870000000000000e+05
1.268173000000000000e+06
3.773420000000000000e+05
1.370532000000000000e+06
1.528920000000000000e+05
2.256180000000000000e+05
1.330579000000000000e+06
1.707369000000000000e+06
1.812590000000000000e+06
9.456000000000000000e+03
1.128060000000000000e+06
1.587518000000000000e+06
1.723160000000000000e+06
1.643045000000000000e+06
6.728310000000000000e+05
1.677000000000000000e+04
1.530404000000000000e+06
1.549559000000000000e+06
5.723210000000000000e+05
4.819220000000000000e+05
4.640430000000000000e+05
1.698270000000000000e+06
2.657790000000000000e+05
9.025500000000000000e+04
1.657635000000000000e+06
6.373110000000000000e+05
1.396891000000000000e+06
1.471315000000000000e+06
1.088361000000000000e+06
1.780373000000000000e+06
1.661858000000000000e+06
1.813661000000000000e+06
1.385484000000000000e+06
2.139700000000000000e+05
2.744000000000000000e+04
1.376565000000000000e+06
1.608966000000000000e+06
1.423451000000000000e+06
1.638465000000000000e+06
1.519993000000000000e+06
1.358842000000000000e+06
1.188271000000000000e+06
4.610620000000000000e+05
2.600730000000000000e+05
1.438884000000000000e+06
3.070240000000000000e+05
2.481590000000000000e+05
1.749784000000000000e+06
1.748855000000000000e+06
2.576020000000000000e+05
4.715600000000000000e+05
8.351910000000000000e+05
1.905000000000000000e+04
9.988710000000000000e+05
5.316260000000000000e+05
5.437230000000000000e+05
1.260319000000000000e+06
1.167755000000000000e+06
2.295600000000000000e+05
5.833930000000000000e+05
2.846830000000000000e+05
1.505897000000000000e+06
2.251000000000000000e+05
1.786114000000000000e+06
1.453256000000000000e+06
6.218600000000000000e+05
1.156383000000000000e+06
1.491547000000000000e+06
1.327821000000000000e+06
2.597270000000000000e+05
3.862920000000000000e+05
1.526629000000000000e+06
1.687053000000000000e+06
1.653624000000000000e+06
6.378380000000000000e+05
1.142578000000000000e+06
1.052567000000000000e+06
9.206390000000000000e+05
1.710067000000000000e+06
1.470896000000000000e+06
8.007000000000000000e+04
1.332614000000000000e+06
2.563140000000000000e+05
