2.658560000000000000e+05
1.135704000000000000e+06
1.137329000000000000e+06
9.274880000000000000e+05
1.319981000000000000e+06
4.624210000000000000e+05
1.263829000000000000e+06
1.123822000000000000e+06
1.605843000000000000e+06
6.620240000000000000e+05
1.740298000000000000e+06
1.784307000000000000e+06
1.302900000000000000e+06
1.318826000000000000e+06
1.320006000000000000e+06
2.997500000000000000e+05
5.510090000000000000e+05
1.488522000000000000e+06
1.177788000000000000e+06
2.661510000000000000e+05
1.336896000000000000e+06
1.014589000000000000e+06
1.319047000000000000e+06
9.202270000000000000e+05
5.315120000000000000e+05
1.132178000000000000e+06
1.320698000000000000e+06
5.878580000000000000e+05
1.750946000000000000e+06
2.777800000000000000e+04
1.720328000000000000e+06
1.739976000000000000e+06
9.266880000000000000e+05
5.664490000000000000e+05
1.136109000000000000e+06
1.651160000000000000e+05
1.320568000000000000e+06
1.155301000000000000e+06
1.666904000000000000e+06
1.641112000000000000e+06
5.509790000000000000e+05
3.729800000000000000e+04
1.669649000000000000e+06
1.128932000000000000e+06
1.130729000000000000e+06
1.784245000000000000e+06
1.339482000000000000e+06
1.638911000000000000e+06
1.231861000000000000e+06
1.002992000000000000e+06
9.402100000000000000e+04
1.498940000000000000e+05
1.247815000000000000e+06
5.013900000000000000e+04
1.484182000000000000e+06
6.910400000000000000e+05
1.178385000000000000e+06
2.746560000000000000e+05
3.702910000000000000e+05
1.092724000000000000e+06
1.525075000000000000e+06
5.673500000000000000e+05
1.028396000000000000e+06
8.881700000000000000e+04
1.023783000000000000e+06
1.788138000000000000e+06
1.309174000000000000e+06
9.286200000000000000e+05
3.851330000000000000e+05
1.320469000000000000e+06
1.102311000000000000e+06
7.650670000000000000e+05
4.606380000000000000e+05
2.661920000000000000e+05
1.683061000000000000e+06
8.992780000000000000e+05
8.480000000000000000e+02
7.194540000000000000e+05
1.668773000000000000e+06
5.871480000000000000e+05
1.346790000000000000e+06
1.190214000000000000e+06
1.016090000000000000e+06
5.546240000000000000e+05
2.043400000000000000e+04
1.477440000000000000e+05
2.443750000000000000e+05
6.579120000000000000e+05
6.443430000000000000e+05
1.471912000000000000e+06
6.311700000000000000e+04
1.293048000000000000e+06
1.214459000000000000e+06
1.669920000000000000e+06
4.416000000000000000e+05
1.064613000000000000e+06
9.236920000000000000e+05
1.486274000000000000e+06
1.766203000000000000e+06
1.691957000000000000e+06
9.221400000000000000e+04
1.136919000000000000e+06
9.276260000000000000e+05
1.369533000000000000e+06
1.232103000000000000e+06
5.030990000000000000e+05
1.776383000000000000e+06
4.541620000000000000e+05
4.517270000000000000e+05
1.807882000000000000e+06
6.511470000000000000e+05
1.796327000000000000e+06
1.628090000000000000e+06
5.886720000000000000e+05
7.190700000000000000e+04
1.260892000000000000e+06
1.788910000000000000e+06
1.489385000000000000e+06
1.522453000000000000e+06
1.313559000000000000e+06
1.638107000000000000e+06
1.300327000000000000e+06
4.642500000000000000e+05
1.521672000000000000e+06
1.692772000000000000e+06
1.101000000000000000e+04
1.799592000000000000e+06
1.730118000000000000e+06
1.765550000000000000e+06
1.480093000000000000e+06
5.565790000000000000e+05
1.634710000000000000e+06
1.305870000000000000e+05
1.266347000000000000e+06
1.801201000000000000e+06
1.139229000000000000e+06
5.147900000000000000e+04
1.345730000000000000e+06
1.036377000000000000e+06
1.402317000000000000e+06
1.123712000000000000e+06
1.416600000000000000e+05
