2.662510000000000000e+05
1.122680000000000000e+06
1.137062000000000000e+06
9.254650000000000000e+05
1.320025000000000000e+06
1.134984000000000000e+06
1.605874000000000000e+06
1.263933000000000000e+06
1.124149000000000000e+06
1.374731000000000000e+06
1.740398000000000000e+06
1.177788000000000000e+06
2.746560000000000000e+05
1.693772000000000000e+06
2.661920000000000000e+05
1.669998000000000000e+06
1.248780000000000000e+06
1.318826000000000000e+06
3.851330000000000000e+05
1.130729000000000000e+06
2.648260000000000000e+05
2.818870000000000000e+05
1.335036000000000000e+06
1.014831000000000000e+06
9.052770000000000000e+05
1.178385000000000000e+06
2.659910000000000000e+05
5.521090000000000000e+05
8.704200000000000000e+04
4.622900000000000000e+05
9.250500000000000000e+05
1.739913000000000000e+06
9.209110000000000000e+05
1.692389000000000000e+06
1.155301000000000000e+06
1.161599000000000000e+06
9.266880000000000000e+05
2.316870000000000000e+05
1.231861000000000000e+06
8.366300000000000000e+04
5.886810000000000000e+05
5.687470000000000000e+05
1.486274000000000000e+06
1.217856000000000000e+06
2.629960000000000000e+05
1.375860000000000000e+06
4.682110000000000000e+05
5.930400000000000000e+05
2.513960000000000000e+05
9.104670000000000000e+05
1.166783000000000000e+06
1.126738000000000000e+06
1.716000000000000000e+04
1.300848000000000000e+06
1.485480000000000000e+06
2.648540000000000000e+05
6.719570000000000000e+05
4.690250000000000000e+05
1.694497000000000000e+06
1.843200000000000000e+04
1.751908000000000000e+06
5.136840000000000000e+05
1.508588000000000000e+06
2.666770000000000000e+05
1.750745000000000000e+06
9.366440000000000000e+05
1.686126000000000000e+06
1.799670000000000000e+05
6.402480000000000000e+05
1.216135000000000000e+06
9.135150000000000000e+05
1.165492000000000000e+06
1.063311000000000000e+06
1.320006000000000000e+06
6.462320000000000000e+05
2.764730000000000000e+05
1.150600000000000000e+06
1.640358000000000000e+06
1.116038000000000000e+06
2.997500000000000000e+05
6.365350000000000000e+05
1.016090000000000000e+06
1.117955000000000000e+06
1.766203000000000000e+06
1.634627000000000000e+06
1.250594000000000000e+06
1.115049000000000000e+06
1.297364000000000000e+06
1.138223000000000000e+06
5.510090000000000000e+05
1.065626000000000000e+06
2.784850000000000000e+05
1.180360000000000000e+05
2.964070000000000000e+05
1.074889000000000000e+06
1.012299000000000000e+06
1.592000000000000000e+03
1.134562000000000000e+06
1.677025000000000000e+06
1.137002000000000000e+06
1.061533000000000000e+06
9.118640000000000000e+05
5.499460000000000000e+05
1.691318000000000000e+06
1.320568000000000000e+06
1.784111000000000000e+06
1.823300000000000000e+05
1.765550000000000000e+06
1.316507000000000000e+06
1.784307000000000000e+06
2.647920000000000000e+05
9.077510000000000000e+05
9.285440000000000000e+05
1.695946000000000000e+06
5.565790000000000000e+05
1.028789000000000000e+06
1.132185000000000000e+06
5.695830000000000000e+05
1.485000000000000000e+03
1.645984000000000000e+06
7.027090000000000000e+05
1.272790000000000000e+05
1.640832000000000000e+06
1.350546000000000000e+06
1.300130000000000000e+06
1.102780000000000000e+06
5.032180000000000000e+05
1.480093000000000000e+06
9.116380000000000000e+05
1.181333000000000000e+06
7.742350000000000000e+05
1.665274000000000000e+06
8.063310000000000000e+05
1.304447000000000000e+06
9.054370000000000000e+05
1.402940000000000000e+06
1.097800000000000000e+04
2.835810000000000000e+05
1.336597000000000000e+06
4.643820000000000000e+05
1.525075000000000000e+06
4.521200000000000000e+04
1.479300000000000000e+06
2.687600000000000000e+04
2.306900000000000000e+05
1.656181000000000000e+06
1.121785000000000000e+06
5.301530000000000000e+05
1.091407000000000000e+06
5.074150000000000000e+05
1.633276000000000000e+06
1.971700000000000000e+05
1.297276000000000000e+06
1.910750000000000000e+05
1.265730000000000000e+06
1.248405000000000000e+06
1.478917000000000000e+06
1.007049000000000000e+06
1.262770000000000000e+06
1.708280000000000000e+06
1.300327000000000000e+06
1.062001000000000000e+06
6.341180000000000000e+05
1.668773000000000000e+06
1.831812000000000000e+06
1.350301000000000000e+06
9.120380000000000000e+05
9.259930000000000000e+05
5.162250000000000000e+05
5.290970000000000000e+05
5.649490000000000000e+05
1.852126000000000000e+06
1.368397000000000000e+06
2.727110000000000000e+05
1.487663000000000000e+06
1.306864000000000000e+06
1.692772000000000000e+06
1.483016000000000000e+06
1.788792000000000000e+06
4.245930000000000000e+05
2.930760000000000000e+05
1.607610000000000000e+06
5.948790000000000000e+05
9.028940000000000000e+05
4.541620000000000000e+05
1.798152000000000000e+06
1.761020000000000000e+05
1.293048000000000000e+06
1.693666000000000000e+06
6.725500000000000000e+04
1.669920000000000000e+06
1.470460000000000000e+05
1.320698000000000000e+06
4.414670000000000000e+05
6.793730000000000000e+05
8.770000000000000000e+05
1.084276000000000000e+06
9.195940000000000000e+05
1.705978000000000000e+06
3.116280000000000000e+05
2.493920000000000000e+05
1.206297000000000000e+06
1.444133000000000000e+06
1.269160000000000000e+05
3.301360000000000000e+05
1.684787000000000000e+06
1.315137000000000000e+06
1.749784000000000000e+06
1.605736000000000000e+06
3.460390000000000000e+05
1.130743000000000000e+06
4.799680000000000000e+05
4.466500000000000000e+04
1.606502000000000000e+06
1.157550000000000000e+06
1.711225000000000000e+06
2.663160000000000000e+05
1.375498000000000000e+06
1.189082000000000000e+06
1.607982000000000000e+06
1.560278000000000000e+06
1.670457000000000000e+06
1.801201000000000000e+06
1.467818000000000000e+06
2.928380000000000000e+05
5.041540000000000000e+05
1.136976000000000000e+06
1.248567000000000000e+06
5.681880000000000000e+05
6.140600000000000000e+05
6.943300000000000000e+04
1.445350000000000000e+05
2.020100000000000000e+05
1.457475000000000000e+06
6.189690000000000000e+05
6.436870000000000000e+05
2.415160000000000000e+05
2.442730000000000000e+05
2.156900000000000000e+05
1.734955000000000000e+06
1.788628000000000000e+06
5.556810000000000000e+05
1.766612000000000000e+06
1.252770000000000000e+06
1.930280000000000000e+05
2.536980000000000000e+05
1.064609000000000000e+06
1.367203000000000000e+06
3.860110000000000000e+05
1.462479000000000000e+06
1.319512000000000000e+06
1.213207000000000000e+06
1.130585000000000000e+06
1.812050000000000000e+05
7.109700000000000000e+05
