1.010661000000000000e+06
1.123268000000000000e+06
2.661780000000000000e+05
1.127516000000000000e+06
1.013174000000000000e+06
1.015295000000000000e+06
1.017360000000000000e+06
1.120950000000000000e+06
1.177108000000000000e+06
1.319981000000000000e+06
1.740148000000000000e+06
1.118560000000000000e+06
1.023488000000000000e+06
1.027432000000000000e+06
1.118894000000000000e+06
1.004749000000000000e+06
1.114552000000000000e+06
1.751086000000000000e+06
1.123530000000000000e+06
9.927230000000000000e+05
1.123520000000000000e+06
1.605466000000000000e+06
9.773850000000000000e+05
1.023858000000000000e+06
1.453205000000000000e+06
1.127930000000000000e+06
9.941090000000000000e+05
1.125051000000000000e+06
1.018487000000000000e+06
1.120529000000000000e+06
1.011480000000000000e+06
1.263348000000000000e+06
1.025318000000000000e+06
1.122772000000000000e+06
1.125663000000000000e+06
1.165364000000000000e+06
5.514060000000000000e+05
1.381829000000000000e+06
1.315987000000000000e+06
2.662170000000000000e+05
2.607900000000000000e+05
1.177067000000000000e+06
9.957610000000000000e+05
2.684740000000000000e+05
1.007101000000000000e+06
2.612330000000000000e+05
1.182210000000000000e+06
9.939830000000000000e+05
1.108714000000000000e+06
1.115869000000000000e+06
2.452500000000000000e+05
9.394790000000000000e+05
1.136514000000000000e+06
1.195026000000000000e+06
1.043758000000000000e+06
1.178045000000000000e+06
1.114739000000000000e+06
2.313760000000000000e+05
1.096848000000000000e+06
1.645259000000000000e+06
1.028496000000000000e+06
1.161477000000000000e+06
6.323080000000000000e+05
1.604022000000000000e+06
1.075581000000000000e+06
1.085048000000000000e+06
1.015859000000000000e+06
1.131315000000000000e+06
1.021543000000000000e+06
1.028873000000000000e+06
1.122185000000000000e+06
1.022338000000000000e+06
1.259854000000000000e+06
1.027342000000000000e+06
2.837710000000000000e+05
1.030701000000000000e+06
2.684120000000000000e+05
1.122457000000000000e+06
1.114788000000000000e+06
1.766172000000000000e+06
1.106183000000000000e+06
1.015922000000000000e+06
1.025328000000000000e+06
6.546880000000000000e+05
6.963000000000000000e+04
1.126234000000000000e+06
1.001181000000000000e+06
1.192006000000000000e+06
1.123905000000000000e+06
1.025161000000000000e+06
1.028202000000000000e+06
1.739822000000000000e+06
1.694455000000000000e+06
8.715000000000000000e+04
1.000848000000000000e+06
1.088304000000000000e+06
2.933800000000000000e+05
1.137773000000000000e+06
1.089606000000000000e+06
9.313770000000000000e+05
9.247050000000000000e+05
1.426980000000000000e+06
1.026296000000000000e+06
1.054780000000000000e+06
1.055805000000000000e+06
2.341540000000000000e+05
8.904060000000000000e+05
9.251190000000000000e+05
2.723590000000000000e+05
1.202630000000000000e+06
9.329170000000000000e+05
2.645160000000000000e+05
8.919380000000000000e+05
2.307620000000000000e+05
1.082687000000000000e+06
1.124321000000000000e+06
1.118415000000000000e+06
1.605413000000000000e+06
1.055261000000000000e+06
1.333331000000000000e+06
9.254730000000000000e+05
5.306680000000000000e+05
1.537624000000000000e+06
1.058937000000000000e+06
1.765879000000000000e+06
2.800580000000000000e+05
6.127540000000000000e+05
9.644010000000000000e+05
1.110667000000000000e+06
1.025066000000000000e+06
1.693765000000000000e+06
1.621626000000000000e+06
1.104136000000000000e+06
2.720020000000000000e+05
1.133698000000000000e+06
2.308200000000000000e+05
1.036680000000000000e+06
1.382204000000000000e+06
1.125825000000000000e+06
1.060180000000000000e+06
1.655411000000000000e+06
1.438784000000000000e+06
1.742133000000000000e+06
1.592595000000000000e+06
1.685150000000000000e+06
1.450276000000000000e+06
5.021520000000000000e+05
1.137016000000000000e+06
1.112151000000000000e+06
1.054949000000000000e+06
7.279040000000000000e+05
1.082776000000000000e+06
1.004013000000000000e+06
1.330574000000000000e+06
1.074233000000000000e+06
2.609740000000000000e+05
7.260030000000000000e+05
1.284040000000000000e+06
6.140600000000000000e+05
1.094227000000000000e+06
1.180562000000000000e+06
1.438294000000000000e+06
9.210070000000000000e+05
1.175515000000000000e+06
4.702190000000000000e+05
1.137435000000000000e+06
1.030960000000000000e+06
1.137473000000000000e+06
1.450809000000000000e+06
1.307110000000000000e+06
2.658210000000000000e+05
1.130468000000000000e+06
2.781910000000000000e+05
1.357430000000000000e+06
9.313690000000000000e+05
9.175840000000000000e+05
1.688372000000000000e+06
1.373989000000000000e+06
1.131278000000000000e+06
4.272130000000000000e+05
2.528480000000000000e+05
1.103178000000000000e+06
1.302433000000000000e+06
1.116031000000000000e+06
1.178048000000000000e+06
9.179900000000000000e+05
2.648640000000000000e+05
1.262981000000000000e+06
1.733920000000000000e+06
1.035670000000000000e+06
9.738640000000000000e+05
1.084180000000000000e+06
2.965070000000000000e+05
1.140399000000000000e+06
8.957300000000000000e+04
9.533920000000000000e+05
1.127153000000000000e+06
5.792060000000000000e+05
1.017089000000000000e+06
1.024514000000000000e+06
9.317280000000000000e+05
1.126963000000000000e+06
9.769230000000000000e+05
1.479930000000000000e+05
1.215609000000000000e+06
1.085003000000000000e+06
4.621440000000000000e+05
1.606082000000000000e+06
2.692160000000000000e+05
1.061208000000000000e+06
1.094190000000000000e+06
1.451053000000000000e+06
1.084100000000000000e+06
6.133170000000000000e+05
1.072837000000000000e+06
6.926530000000000000e+05
1.330436000000000000e+06
2.631670000000000000e+05
1.044120000000000000e+06
1.063165000000000000e+06
2.232790000000000000e+05
1.434403000000000000e+06
5.286070000000000000e+05
7.075830000000000000e+05
9.334850000000000000e+05
1.744238000000000000e+06
1.763077000000000000e+06
1.043598000000000000e+06
6.131210000000000000e+05
1.029726000000000000e+06
2.323350000000000000e+05
1.242683000000000000e+06
1.546456000000000000e+06
5.522330000000000000e+05
6.681590000000000000e+05
9.018420000000000000e+05
1.690080000000000000e+06
1.083171000000000000e+06
1.727770000000000000e+06
5.575480000000000000e+05
1.203502000000000000e+06
1.071342000000000000e+06
1.089218000000000000e+06
1.016232000000000000e+06
8.964070000000000000e+05
1.369438000000000000e+06
1.676652000000000000e+06
9.320910000000000000e+05
7.073960000000000000e+05
1.262021000000000000e+06
1.091644000000000000e+06
1.018277000000000000e+06
9.524520000000000000e+05
1.450721000000000000e+06
1.065094000000000000e+06
1.479408000000000000e+06
9.260000000000000000e+05
9.952250000000000000e+05
2.719700000000000000e+05
1.649236000000000000e+06
1.478200000000000000e+05
1.696652000000000000e+06
2.681970000000000000e+05
1.036346000000000000e+06
1.020902000000000000e+06
6.609750000000000000e+05
7.780000000000000000e+02
1.218454000000000000e+06
1.645887000000000000e+06
9.076840000000000000e+05
1.644323000000000000e+06
1.179859000000000000e+06
1.000988000000000000e+06
1.101966000000000000e+06
9.359850000000000000e+05
7.558530000000000000e+05
9.197990000000000000e+05
1.330086000000000000e+06
1.538501000000000000e+06
1.082866000000000000e+06
1.741892000000000000e+06
5.744540000000000000e+05
1.525681000000000000e+06
1.059388000000000000e+06
1.162855000000000000e+06
2.666900000000000000e+05
2.669600000000000000e+05
1.030445000000000000e+06
1.003677000000000000e+06
1.061217000000000000e+06
1.693915000000000000e+06
6.672030000000000000e+05
2.678870000000000000e+05
9.373400000000000000e+05
8.965100000000000000e+05
8.953440000000000000e+05
4.553250000000000000e+05
1.323493000000000000e+06
6.130290000000000000e+05
1.299381000000000000e+06
6.707860000000000000e+05
1.057950000000000000e+06
1.125195000000000000e+06
1.348539000000000000e+06
1.164130000000000000e+06
7.013250000000000000e+05
7.273790000000000000e+05
9.222440000000000000e+05
1.074728000000000000e+06
1.199455000000000000e+06
1.331016000000000000e+06
1.498050000000000000e+05
5.514400000000000000e+05
1.736183000000000000e+06
2.942090000000000000e+05
1.539799000000000000e+06
9.493360000000000000e+05
5.836700000000000000e+05
5.402320000000000000e+05
6.886130000000000000e+05
1.218372000000000000e+06
6.816000000000000000e+05
1.057989000000000000e+06
1.112099000000000000e+06
5.867280000000000000e+05
1.166226000000000000e+06
1.734837000000000000e+06
9.193990000000000000e+05
2.537730000000000000e+05
4.491760000000000000e+05
1.096885000000000000e+06
9.669070000000000000e+05
7.081010000000000000e+05
1.060190000000000000e+06
6.203750000000000000e+05
3.829170000000000000e+05
9.374470000000000000e+05
1.429575000000000000e+06
1.156155000000000000e+06
1.472858000000000000e+06
1.165872000000000000e+06
9.309330000000000000e+05
1.073983000000000000e+06
5.401920000000000000e+05
7.176470000000000000e+05
5.392350000000000000e+05
1.130891000000000000e+06
2.866440000000000000e+05
2.778200000000000000e+04
1.633614000000000000e+06
1.613853000000000000e+06
1.470107000000000000e+06
7.400500000000000000e+04
7.266740000000000000e+05
6.157420000000000000e+05
1.320305000000000000e+06
1.239747000000000000e+06
8.940130000000000000e+05
6.554360000000000000e+05
1.111773000000000000e+06
6.398700000000000000e+05
9.405730000000000000e+05
1.033490000000000000e+06
1.383628000000000000e+06
3.742310000000000000e+05
1.011604000000000000e+06
1.319267000000000000e+06
1.333837000000000000e+06
1.583270000000000000e+05
1.167293000000000000e+06
3.467900000000000000e+04
1.027799000000000000e+06
1.036217000000000000e+06
5.533270000000000000e+05
1.594240000000000000e+05
7.128310000000000000e+05
1.223431000000000000e+06
1.134446000000000000e+06
1.140937000000000000e+06
1.548246000000000000e+06
1.221508000000000000e+06
1.134894000000000000e+06
2.109630000000000000e+05
1.087615000000000000e+06
2.781860000000000000e+05
6.999240000000000000e+05
1.180592000000000000e+06
1.207446000000000000e+06
1.320560000000000000e+06
1.106760000000000000e+05
1.460404000000000000e+06
1.728615000000000000e+06
1.538734000000000000e+06
9.245170000000000000e+05
5.312130000000000000e+05
1.314196000000000000e+06
1.989230000000000000e+05
1.526234000000000000e+06
1.774413000000000000e+06
7.657720000000000000e+05
1.452543000000000000e+06
1.674643000000000000e+06
4.703400000000000000e+05
1.642585000000000000e+06
5.544430000000000000e+05
4.687480000000000000e+05
5.728720000000000000e+05
1.070094000000000000e+06
1.066842000000000000e+06
2.528200000000000000e+05
5.295440000000000000e+05
7.335170000000000000e+05
1.251807000000000000e+06
1.206853000000000000e+06
1.088460000000000000e+06
1.062577000000000000e+06
8.109400000000000000e+05
8.572870000000000000e+05
1.228356000000000000e+06
2.022390000000000000e+05
6.127870000000000000e+05
6.604900000000000000e+05
1.319747000000000000e+06
9.888120000000000000e+05
1.738415000000000000e+06
1.410119000000000000e+06
1.184519000000000000e+06
5.036640000000000000e+05
7.148340000000000000e+05
1.253735000000000000e+06
1.255755000000000000e+06
9.937930000000000000e+05
8.994420000000000000e+05
1.686179000000000000e+06
4.802300000000000000e+05
1.322171000000000000e+06
6.751610000000000000e+05
5.903230000000000000e+05
4.469970000000000000e+05
1.401742000000000000e+06
2.801050000000000000e+05
5.844530000000000000e+05
1.389881000000000000e+06
1.013272000000000000e+06
1.323494000000000000e+06
9.161610000000000000e+05
2.933950000000000000e+05
1.125179000000000000e+06
1.692158000000000000e+06
8.794720000000000000e+05
1.138018000000000000e+06
6.724280000000000000e+05
9.262120000000000000e+05
1.388006000000000000e+06
1.538852000000000000e+06
2.690010000000000000e+05
1.619801000000000000e+06
1.460318000000000000e+06
1.275735000000000000e+06
1.038792000000000000e+06
1.487677000000000000e+06
2.328220000000000000e+05
1.121681000000000000e+06
1.789196000000000000e+06
1.222850000000000000e+06
3.450750000000000000e+05
1.230768000000000000e+06
9.220560000000000000e+05
1.209727000000000000e+06
1.268240000000000000e+06
1.314703000000000000e+06
1.317056000000000000e+06
1.108840000000000000e+05
1.262709000000000000e+06
1.161657000000000000e+06
1.112094000000000000e+06
1.124924000000000000e+06
1.166622000000000000e+06
9.360920000000000000e+05
1.453309000000000000e+06
1.206142000000000000e+06
6.177550000000000000e+05
1.231823000000000000e+06
1.538087000000000000e+06
2.595080000000000000e+05
1.439224000000000000e+06
1.298414000000000000e+06
1.074898000000000000e+06
1.595976000000000000e+06
1.699648000000000000e+06
6.396170000000000000e+05
6.888720000000000000e+05
1.145293000000000000e+06
1.088324000000000000e+06
1.682100000000000000e+06
1.689010000000000000e+06
1.028661000000000000e+06
9.252810000000000000e+05
1.450132000000000000e+06
1.347433000000000000e+06
5.294910000000000000e+05
7.185130000000000000e+05
1.217050000000000000e+05
4.643300000000000000e+05
1.084934000000000000e+06
9.378230000000000000e+05
4.522360000000000000e+05
7.072000000000000000e+05
3.878370000000000000e+05
1.683065000000000000e+06
1.157775000000000000e+06
7.033090000000000000e+05
1.097765000000000000e+06
3.421210000000000000e+05
6.887890000000000000e+05
1.602924000000000000e+06
7.815180000000000000e+05
8.253950000000000000e+05
1.364854000000000000e+06
1.027659000000000000e+06
5.612780000000000000e+05
1.446837000000000000e+06
1.696267000000000000e+06
1.419499000000000000e+06
1.307695000000000000e+06
1.666455000000000000e+06
5.575470000000000000e+05
6.750840000000000000e+05
1.705740000000000000e+06
1.427793000000000000e+06
1.265569000000000000e+06
1.211356000000000000e+06
1.565523000000000000e+06
1.719465000000000000e+06
1.832992000000000000e+06
1.541525000000000000e+06
9.528740000000000000e+05
1.648765000000000000e+06
4.297200000000000000e+05
1.150203000000000000e+06
1.217612000000000000e+06
5.316260000000000000e+05
6.967770000000000000e+05
9.341850000000000000e+05
1.845822000000000000e+06
1.453814000000000000e+06
5.257100000000000000e+05
1.092399000000000000e+06
1.480004000000000000e+06
1.150329000000000000e+06
6.752940000000000000e+05
5.240260000000000000e+05
4.689490000000000000e+05
6.374100000000000000e+05
1.226327000000000000e+06
1.629742000000000000e+06
1.701080000000000000e+05
4.468670000000000000e+05
1.620326000000000000e+06
1.721158000000000000e+06
4.050250000000000000e+05
1.192680000000000000e+05
7.026890000000000000e+05
7.358710000000000000e+05
7.050120000000000000e+05
1.144417000000000000e+06
1.224473000000000000e+06
1.214204000000000000e+06
1.968700000000000000e+05
1.066761000000000000e+06
1.054677000000000000e+06
1.432729000000000000e+06
1.096227000000000000e+06
1.418449000000000000e+06
1.537522000000000000e+06
4.779050000000000000e+05
7.040040000000000000e+05
1.382260000000000000e+06
1.350088000000000000e+06
1.704562000000000000e+06
3.537820000000000000e+05
1.452682000000000000e+06
5.186820000000000000e+05
1.133707000000000000e+06
1.497774000000000000e+06
1.160097000000000000e+06
2.724100000000000000e+05
7.566510000000000000e+05
1.593730000000000000e+06
1.160442000000000000e+06
1.817826000000000000e+06
1.164062000000000000e+06
1.633197000000000000e+06
9.337070000000000000e+05
8.962710000000000000e+05
5.305050000000000000e+05
1.455261000000000000e+06
6.430160000000000000e+05
1.554630000000000000e+06
1.143756000000000000e+06
5.906780000000000000e+05
1.474012000000000000e+06
1.691530000000000000e+06
9.367270000000000000e+05
2.592350000000000000e+05
7.260410000000000000e+05
1.396684000000000000e+06
1.079144000000000000e+06
6.828700000000000000e+05
6.442120000000000000e+05
1.592162000000000000e+06
1.200539000000000000e+06
1.024255000000000000e+06
5.681880000000000000e+05
1.277876000000000000e+06
7.687380000000000000e+05
5.319920000000000000e+05
2.965590000000000000e+05
1.448675000000000000e+06
1.114777000000000000e+06
1.077785000000000000e+06
6.659000000000000000e+05
7.190610000000000000e+05
1.687326000000000000e+06
1.347620000000000000e+05
1.701936000000000000e+06
1.673250000000000000e+06
1.846137000000000000e+06
1.514115000000000000e+06
1.223661000000000000e+06
1.260641000000000000e+06
6.938670000000000000e+05
5.603290000000000000e+05
5.565500000000000000e+04
9.250430000000000000e+05
1.469571000000000000e+06
1.682502000000000000e+06
1.645797000000000000e+06
1.676358000000000000e+06
7.286450000000000000e+05
1.059770000000000000e+06
7.027600000000000000e+04
1.283974000000000000e+06
1.541486000000000000e+06
5.677430000000000000e+05
1.324040000000000000e+06
1.226042000000000000e+06
1.007339000000000000e+06
1.195956000000000000e+06
3.911410000000000000e+05
1.496850000000000000e+06
1.099137000000000000e+06
1.263460000000000000e+05
1.114271000000000000e+06
1.027925000000000000e+06
1.878700000000000000e+04
7.088710000000000000e+05
1.383887000000000000e+06
1.345608000000000000e+06
9.557670000000000000e+05
1.260928000000000000e+06
1.646101000000000000e+06
1.066231000000000000e+06
1.364700000000000000e+06
6.671570000000000000e+05
7.383500000000000000e+05
1.339262000000000000e+06
5.517710000000000000e+05
1.249678000000000000e+06
1.768453000000000000e+06
2.512240000000000000e+05
5.098380000000000000e+05
1.440588000000000000e+06
1.188509000000000000e+06
1.714100000000000000e+04
2.899770000000000000e+05
4.178010000000000000e+05
1.640852000000000000e+06
1.728364000000000000e+06
1.691387000000000000e+06
1.196250000000000000e+06
2.964070000000000000e+05
3.988260000000000000e+05
1.503002000000000000e+06
6.683420000000000000e+05
5.331420000000000000e+05
6.667270000000000000e+05
2.598530000000000000e+05
1.984740000000000000e+05
1.246934000000000000e+06
1.449045000000000000e+06
1.125016000000000000e+06
1.320023000000000000e+06
9.539520000000000000e+05
1.083116000000000000e+06
9.376640000000000000e+05
9.010740000000000000e+05
5.142070000000000000e+05
1.713106000000000000e+06
1.163134000000000000e+06
1.246078000000000000e+06
4.703890000000000000e+05
1.298613000000000000e+06
9.159460000000000000e+05
1.248029000000000000e+06
1.276332000000000000e+06
7.183910000000000000e+05
1.140340000000000000e+06
1.547666000000000000e+06
1.608680000000000000e+06
1.764502000000000000e+06
1.600357000000000000e+06
1.058014000000000000e+06
5.642630000000000000e+05
4.375900000000000000e+04
1.324507000000000000e+06
9.250210000000000000e+05
5.319830000000000000e+05
9.173450000000000000e+05
2.422100000000000000e+04
1.138533000000000000e+06
1.160764000000000000e+06
1.472189000000000000e+06
1.204034000000000000e+06
1.708861000000000000e+06
1.471596000000000000e+06
1.537615000000000000e+06
7.042100000000000000e+04
1.337525000000000000e+06
1.479095000000000000e+06
5.089820000000000000e+05
1.105154000000000000e+06
1.359668000000000000e+06
2.444850000000000000e+05
8.882740000000000000e+05
1.652838000000000000e+06
7.062110000000000000e+05
1.319025000000000000e+06
1.242068000000000000e+06
1.685843000000000000e+06
2.077300000000000000e+05
1.074178000000000000e+06
8.694830000000000000e+05
1.260573000000000000e+06
1.114337000000000000e+06
1.438695000000000000e+06
4.079750000000000000e+05
1.358252000000000000e+06
7.183030000000000000e+05
5.527130000000000000e+05
4.167600000000000000e+05
6.503130000000000000e+05
1.750901000000000000e+06
4.075060000000000000e+05
7.055290000000000000e+05
1.640950000000000000e+06
1.763151000000000000e+06
1.608360000000000000e+05
6.560660000000000000e+05
1.494939000000000000e+06
1.433294000000000000e+06
6.570140000000000000e+05
1.320920000000000000e+06
1.704485000000000000e+06
2.963070000000000000e+05
7.217140000000000000e+05
3.456500000000000000e+04
1.444400000000000000e+05
1.157837000000000000e+06
1.152239000000000000e+06
1.192650000000000000e+06
6.401310000000000000e+05
5.720460000000000000e+05
8.911400000000000000e+04
2.627500000000000000e+05
1.212503000000000000e+06
1.002187000000000000e+06
1.497428000000000000e+06
1.693619000000000000e+06
7.377150000000000000e+05
1.555938000000000000e+06
1.625260000000000000e+05
1.544658000000000000e+06
4.958470000000000000e+05
6.928000000000000000e+05
1.084667000000000000e+06
1.696709000000000000e+06
6.928400000000000000e+05
1.352944000000000000e+06
1.343532000000000000e+06
1.664259000000000000e+06
1.708852000000000000e+06
6.130400000000000000e+05
5.558070000000000000e+05
5.587760000000000000e+05
1.687594000000000000e+06
1.229195000000000000e+06
7.894990000000000000e+05
8.361310000000000000e+05
7.396300000000000000e+04
9.565930000000000000e+05
9.408170000000000000e+05
9.310200000000000000e+05
5.053130000000000000e+05
5.248270000000000000e+05
1.396545000000000000e+06
7.092950000000000000e+05
9.181680000000000000e+05
2.051240000000000000e+05
2.422000000000000000e+05
1.353346000000000000e+06
4.954210000000000000e+05
1.540478000000000000e+06
5.549160000000000000e+05
1.085948000000000000e+06
2.971640000000000000e+05
2.578110000000000000e+05
8.950720000000000000e+05
9.501230000000000000e+05
5.829840000000000000e+05
2.639640000000000000e+05
1.837113000000000000e+06
9.315620000000000000e+05
1.225034000000000000e+06
1.150744000000000000e+06
1.215938000000000000e+06
9.285500000000000000e+05
1.185393000000000000e+06
7.194320000000000000e+05
1.254163000000000000e+06
1.363301000000000000e+06
1.709859000000000000e+06
1.731934000000000000e+06
1.271780000000000000e+06
2.315250000000000000e+05
1.355146000000000000e+06
1.027855000000000000e+06
1.084763000000000000e+06
1.318338000000000000e+06
1.738126000000000000e+06
1.284811000000000000e+06
1.081778000000000000e+06
2.875270000000000000e+05
1.259617000000000000e+06
1.450505000000000000e+06
1.537541000000000000e+06
1.343334000000000000e+06
1.743541000000000000e+06
2.496150000000000000e+05
7.246010000000000000e+05
1.454986000000000000e+06
1.789092000000000000e+06
1.242308000000000000e+06
1.057985000000000000e+06
1.014999000000000000e+06
9.116900000000000000e+05
1.124652000000000000e+06
2.622070000000000000e+05
1.558870000000000000e+05
2.443190000000000000e+05
2.939040000000000000e+05
2.836300000000000000e+04
6.453290000000000000e+05
6.151530000000000000e+05
1.674077000000000000e+06
1.488229000000000000e+06
1.194417000000000000e+06
2.673090000000000000e+05
1.125984000000000000e+06
1.251073000000000000e+06
1.780540000000000000e+06
1.635648000000000000e+06
8.942070000000000000e+05
1.733212000000000000e+06
6.792130000000000000e+05
4.080540000000000000e+05
1.643849000000000000e+06
1.067259000000000000e+06
1.099419000000000000e+06
6.586950000000000000e+05
1.836075000000000000e+06
1.497393000000000000e+06
1.086039000000000000e+06
1.115577000000000000e+06
1.343876000000000000e+06
1.709290000000000000e+05
1.618192000000000000e+06
2.246560000000000000e+05
1.225637000000000000e+06
1.478883000000000000e+06
1.140374000000000000e+06
1.395007000000000000e+06
7.278720000000000000e+05
4.560330000000000000e+05
1.640933000000000000e+06
4.836550000000000000e+05
1.347368000000000000e+06
8.979600000000000000e+04
6.365490000000000000e+05
3.997700000000000000e+05
5.542850000000000000e+05
7.207300000000000000e+04
1.689209000000000000e+06
5.312870000000000000e+05
1.118555000000000000e+06
1.086045000000000000e+06
1.690132000000000000e+06
1.136919000000000000e+06
6.718160000000000000e+05
1.214306000000000000e+06
6.372140000000000000e+05
1.088096000000000000e+06
1.518654000000000000e+06
1.563991000000000000e+06
9.198130000000000000e+05
5.616090000000000000e+05
1.165572000000000000e+06
2.226320000000000000e+05
7.039430000000000000e+05
1.352435000000000000e+06
5.948970000000000000e+05
3.620400000000000000e+05
1.664024000000000000e+06
2.917690000000000000e+05
2.906800000000000000e+04
1.185616000000000000e+06
1.246521000000000000e+06
1.557406000000000000e+06
1.322040000000000000e+06
1.331761000000000000e+06
8.700920000000000000e+05
1.620306000000000000e+06
5.952470000000000000e+05
1.572460000000000000e+05
1.365258000000000000e+06
1.027903000000000000e+06
1.490828000000000000e+06
1.598771000000000000e+06
1.449854000000000000e+06
6.963650000000000000e+05
1.095334000000000000e+06
1.209992000000000000e+06
1.494628000000000000e+06
1.565494000000000000e+06
2.388240000000000000e+05
1.085300000000000000e+06
4.682730000000000000e+05
1.817711000000000000e+06
5.246120000000000000e+05
5.385300000000000000e+05
1.374966000000000000e+06
1.224527000000000000e+06
6.280240000000000000e+05
7.004450000000000000e+05
1.129297000000000000e+06
1.131046000000000000e+06
1.204393000000000000e+06
1.545466000000000000e+06
9.514040000000000000e+05
6.944190000000000000e+05
1.703949000000000000e+06
1.705381000000000000e+06
1.701794000000000000e+06
1.203776000000000000e+06
7.245040000000000000e+05
1.527826000000000000e+06
6.594650000000000000e+05
9.867220000000000000e+05
1.531105000000000000e+06
1.247533000000000000e+06
5.162520000000000000e+05
1.489380000000000000e+05
1.141260000000000000e+06
1.388597000000000000e+06
5.753810000000000000e+05
1.222459000000000000e+06
1.553359000000000000e+06
7.090230000000000000e+05
1.207621000000000000e+06
1.640934000000000000e+06
1.480078000000000000e+06
1.204842000000000000e+06
1.206956000000000000e+06
5.134900000000000000e+05
1.893640000000000000e+05
5.211150000000000000e+05
1.749190000000000000e+06
1.012034000000000000e+06
1.603086000000000000e+06
4.960950000000000000e+05
8.824070000000000000e+05
1.479623000000000000e+06
1.250736000000000000e+06
1.055706000000000000e+06
1.153316000000000000e+06
5.630480000000000000e+05
5.073300000000000000e+04
8.380340000000000000e+05
7.816460000000000000e+05
7.242140000000000000e+05
1.342447000000000000e+06
1.349162000000000000e+06
6.891030000000000000e+05
1.382228000000000000e+06
7.287590000000000000e+05
5.898640000000000000e+05
3.173070000000000000e+05
1.030457000000000000e+06
1.539701000000000000e+06
8.208230000000000000e+05
8.614760000000000000e+05
1.450667000000000000e+06
1.225381000000000000e+06
1.178385000000000000e+06
1.251415000000000000e+06
4.916010000000000000e+05
1.155647000000000000e+06
1.436069000000000000e+06
2.621880000000000000e+05
9.286600000000000000e+05
1.178229000000000000e+06
1.764411000000000000e+06
1.380117000000000000e+06
7.689260000000000000e+05
1.607000000000000000e+06
1.510860000000000000e+06
1.266329000000000000e+06
1.058423000000000000e+06
5.499850000000000000e+05
1.656354000000000000e+06
2.688590000000000000e+05
1.493010000000000000e+06
1.531908000000000000e+06
1.772806000000000000e+06
1.028971000000000000e+06
1.275072000000000000e+06
4.936410000000000000e+05
1.081639000000000000e+06
1.450035000000000000e+06
1.279383000000000000e+06
1.242537000000000000e+06
7.354860000000000000e+05
1.111294000000000000e+06
5.143160000000000000e+05
1.787494000000000000e+06
1.071054000000000000e+06
1.765012000000000000e+06
9.189270000000000000e+05
1.044355000000000000e+06
1.836670000000000000e+06
2.894630000000000000e+05
3.753440000000000000e+05
8.885350000000000000e+05
5.268910000000000000e+05
6.338530000000000000e+05
1.546660000000000000e+06
1.807926000000000000e+06
1.842864000000000000e+06
1.717548000000000000e+06
1.387317000000000000e+06
7.232240000000000000e+05
9.176660000000000000e+05
1.255561000000000000e+06
5.290170000000000000e+05
1.728639000000000000e+06
6.157760000000000000e+05
1.311863000000000000e+06
9.312680000000000000e+05
4.097610000000000000e+05
6.829270000000000000e+05
1.026460000000000000e+06
1.320824000000000000e+06
1.074391000000000000e+06
6.347470000000000000e+05
5.600180000000000000e+05
1.066350000000000000e+06
3.016320000000000000e+05
1.453412000000000000e+06
6.977550000000000000e+05
8.886950000000000000e+05
1.142580000000000000e+06
1.753237000000000000e+06
1.806756000000000000e+06
1.727540000000000000e+06
1.204373000000000000e+06
6.161540000000000000e+05
5.267000000000000000e+04
5.424000000000000000e+05
2.610220000000000000e+05
1.756327000000000000e+06
1.235351000000000000e+06
5.797400000000000000e+04
7.901490000000000000e+05
4.263050000000000000e+05
1.670513000000000000e+06
3.924870000000000000e+05
7.364880000000000000e+05
1.115580000000000000e+06
1.195237000000000000e+06
9.243040000000000000e+05
1.389860000000000000e+05
1.164629000000000000e+06
1.439812000000000000e+06
1.043639000000000000e+06
7.030100000000000000e+05
1.576102000000000000e+06
9.044720000000000000e+05
6.764740000000000000e+05
7.883500000000000000e+04
1.273782000000000000e+06
4.950940000000000000e+05
1.572810000000000000e+05
1.217530000000000000e+05
1.564461000000000000e+06
1.324353000000000000e+06
1.267122000000000000e+06
6.207200000000000000e+05
6.964490000000000000e+05
4.803460000000000000e+05
1.004818000000000000e+06
1.826186000000000000e+06
2.924960000000000000e+05
1.004409000000000000e+06
5.017190000000000000e+05
2.713580000000000000e+05
4.312610000000000000e+05
1.138220000000000000e+05
1.043745000000000000e+06
2.985160000000000000e+05
1.365309000000000000e+06
1.742330000000000000e+06
1.719000000000000000e+05
1.382408000000000000e+06
1.131626000000000000e+06
1.268799000000000000e+06
1.490654000000000000e+06
9.793570000000000000e+05
1.021130000000000000e+06
1.192577000000000000e+06
1.853677000000000000e+06
2.134260000000000000e+05
5.661600000000000000e+05
3.894920000000000000e+05
2.068000000000000000e+04
1.507908000000000000e+06
1.305878000000000000e+06
2.423750000000000000e+05
1.779330000000000000e+06
9.566580000000000000e+05
1.370866000000000000e+06
8.958780000000000000e+05
8.983200000000000000e+05
1.062731000000000000e+06
1.077103000000000000e+06
1.690259000000000000e+06
6.740260000000000000e+05
1.084280000000000000e+06
1.204680000000000000e+05
1.061313000000000000e+06
1.466775000000000000e+06
1.319438000000000000e+06
2.084770000000000000e+05
1.070867000000000000e+06
1.438012000000000000e+06
1.434042000000000000e+06
8.966740000000000000e+05
7.049480000000000000e+05
9.648570000000000000e+05
5.891810000000000000e+05
1.076055000000000000e+06
3.240160000000000000e+05
6.307970000000000000e+05
1.709720000000000000e+05
1.027662000000000000e+06
1.343025000000000000e+06
3.014860000000000000e+05
1.779404000000000000e+06
1.450697000000000000e+06
2.653670000000000000e+05
1.097827000000000000e+06
1.606060000000000000e+05
1.370152000000000000e+06
1.122438000000000000e+06
9.956830000000000000e+05
9.310500000000000000e+05
1.080759000000000000e+06
2.648340000000000000e+05
1.255090000000000000e+06
1.225533000000000000e+06
1.778386000000000000e+06
6.963860000000000000e+05
1.776036000000000000e+06
5.804000000000000000e+04
2.073000000000000000e+03
1.217699000000000000e+06
5.023690000000000000e+05
1.543861000000000000e+06
1.253865000000000000e+06
2.807390000000000000e+05
7.419120000000000000e+05
1.757678000000000000e+06
1.217525000000000000e+06
1.466792000000000000e+06
4.917420000000000000e+05
5.707830000000000000e+05
1.645132000000000000e+06
1.287887000000000000e+06
1.454558000000000000e+06
5.245220000000000000e+05
3.327310000000000000e+05
6.401320000000000000e+05
9.138870000000000000e+05
1.225828000000000000e+06
1.231771000000000000e+06
1.737906000000000000e+06
1.137483000000000000e+06
2.701610000000000000e+05
1.221880000000000000e+05
1.219155000000000000e+06
1.205735000000000000e+06
1.101594000000000000e+06
1.095279000000000000e+06
1.319009000000000000e+06
1.017296000000000000e+06
5.832500000000000000e+04
1.323867000000000000e+06
1.628076000000000000e+06
2.761090000000000000e+05
1.082314000000000000e+06
2.433590000000000000e+05
1.471686000000000000e+06
1.338241000000000000e+06
1.682251000000000000e+06
4.707190000000000000e+05
1.840926000000000000e+06
1.747000000000000000e+03
1.534084000000000000e+06
1.759465000000000000e+06
6.610290000000000000e+05
5.905740000000000000e+05
1.466162000000000000e+06
1.352711000000000000e+06
1.424357000000000000e+06
5.349810000000000000e+05
1.758280000000000000e+06
1.629677000000000000e+06
4.670420000000000000e+05
1.665055000000000000e+06
2.541920000000000000e+05
9.283990000000000000e+05
1.280184000000000000e+06
1.596055000000000000e+06
1.097768000000000000e+06
1.747572000000000000e+06
6.776030000000000000e+05
5.930540000000000000e+05
8.764040000000000000e+05
1.693311000000000000e+06
1.601461000000000000e+06
1.267775000000000000e+06
5.032700000000000000e+04
1.684000000000000000e+06
1.639326000000000000e+06
1.260133000000000000e+06
2.501700000000000000e+05
1.456848000000000000e+06
1.849618000000000000e+06
1.322005000000000000e+06
6.658770000000000000e+05
5.576790000000000000e+05
2.126680000000000000e+05
4.336130000000000000e+05
1.278161000000000000e+06
1.329058000000000000e+06
5.681190000000000000e+05
1.218038000000000000e+06
1.455953000000000000e+06
5.684310000000000000e+05
1.496750000000000000e+05
1.165506000000000000e+06
5.869460000000000000e+05
1.620631000000000000e+06
5.662490000000000000e+05
1.209286000000000000e+06
7.881600000000000000e+04
4.841730000000000000e+05
1.171691000000000000e+06
1.420573000000000000e+06
4.887610000000000000e+05
5.396000000000000000e+05
1.593699000000000000e+06
1.780616000000000000e+06
3.888090000000000000e+05
7.094260000000000000e+05
3.781980000000000000e+05
6.876430000000000000e+05
3.666660000000000000e+05
1.526179000000000000e+06
1.254022000000000000e+06
2.190930000000000000e+05
6.408830000000000000e+05
5.260410000000000000e+05
5.898230000000000000e+05
2.311740000000000000e+05
1.222570000000000000e+05
7.051180000000000000e+05
7.064520000000000000e+05
1.385711000000000000e+06
1.572284000000000000e+06
8.817500000000000000e+05
7.080180000000000000e+05
1.219653000000000000e+06
1.710142000000000000e+06
2.799300000000000000e+04
1.143396000000000000e+06
1.088307000000000000e+06
1.199679000000000000e+06
2.876770000000000000e+05
9.814420000000000000e+05
3.019960000000000000e+05
7.309850000000000000e+05
1.064343000000000000e+06
1.161183000000000000e+06
1.088125000000000000e+06
4.783760000000000000e+05
1.236330000000000000e+06
2.001160000000000000e+05
1.369287000000000000e+06
1.720029000000000000e+06
1.180263000000000000e+06
1.308949000000000000e+06
1.256336000000000000e+06
1.386296000000000000e+06
1.654603000000000000e+06
5.890220000000000000e+05
2.346480000000000000e+05
3.708000000000000000e+04
1.632732000000000000e+06
1.324785000000000000e+06
5.523610000000000000e+05
1.531366000000000000e+06
3.015420000000000000e+05
1.706097000000000000e+06
1.772105000000000000e+06
1.606502000000000000e+06
1.221726000000000000e+06
1.225497000000000000e+06
3.828890000000000000e+05
1.460759000000000000e+06
1.539549000000000000e+06
9.375660000000000000e+05
1.713110000000000000e+06
9.276620000000000000e+05
1.470995000000000000e+06
1.159952000000000000e+06
5.513860000000000000e+05
9.512350000000000000e+05
5.261600000000000000e+05
3.107820000000000000e+05
1.514027000000000000e+06
1.079566000000000000e+06
6.800680000000000000e+05
6.143060000000000000e+05
1.435092000000000000e+06
1.832401000000000000e+06
1.293854000000000000e+06
5.241590000000000000e+05
