1.123268000000000000e+06
1.010258000000000000e+06
2.653230000000000000e+05
1.122950000000000000e+06
1.015295000000000000e+06
1.120950000000000000e+06
1.118560000000000000e+06
1.118533000000000000e+06
1.004749000000000000e+06
1.123860000000000000e+06
9.770830000000000000e+05
1.007101000000000000e+06
9.941090000000000000e+05
1.605466000000000000e+06
1.114552000000000000e+06
1.168466000000000000e+06
1.012464000000000000e+06
1.130596000000000000e+06
1.739830000000000000e+06
1.085048000000000000e+06
2.607630000000000000e+05
2.662170000000000000e+05
1.021886000000000000e+06
9.394790000000000000e+05
1.017360000000000000e+06
1.751004000000000000e+06
1.075581000000000000e+06
1.177407000000000000e+06
1.451816000000000000e+06
1.031627000000000000e+06
3.175050000000000000e+05
1.029726000000000000e+06
5.512310000000000000e+05
1.125051000000000000e+06
1.026090000000000000e+06
1.259854000000000000e+06
1.023055000000000000e+06
1.028202000000000000e+06
1.263873000000000000e+06
1.479930000000000000e+05
1.018487000000000000e+06
7.128310000000000000e+05
1.284040000000000000e+06
1.030445000000000000e+06
4.334870000000000000e+05
1.120716000000000000e+06
1.025631000000000000e+06
2.306900000000000000e+05
1.026296000000000000e+06
1.122772000000000000e+06
9.514560000000000000e+05
2.645820000000000000e+05
1.123471000000000000e+06
2.612330000000000000e+05
1.219132000000000000e+06
1.072837000000000000e+06
7.400500000000000000e+04
1.772105000000000000e+06
1.135302000000000000e+06
1.124321000000000000e+06
1.704472000000000000e+06
7.277160000000000000e+05
9.762620000000000000e+05
1.703932000000000000e+06
1.655234000000000000e+06
1.103178000000000000e+06
1.024167000000000000e+06
1.742133000000000000e+06
1.319622000000000000e+06
2.837710000000000000e+05
1.317312000000000000e+06
1.184519000000000000e+06
1.060180000000000000e+06
2.883470000000000000e+05
1.108714000000000000e+06
9.220560000000000000e+05
1.677266000000000000e+06
1.125663000000000000e+06
1.337185000000000000e+06
1.269254000000000000e+06
1.645497000000000000e+06
1.116497000000000000e+06
8.921000000000000000e+04
1.133883000000000000e+06
4.554890000000000000e+05
2.578110000000000000e+05
1.279788000000000000e+06
9.861090000000000000e+05
1.083171000000000000e+06
1.164130000000000000e+06
5.312970000000000000e+05
1.813011000000000000e+06
1.069967000000000000e+06
1.118415000000000000e+06
1.517992000000000000e+06
1.171796000000000000e+06
2.308200000000000000e+05
1.203502000000000000e+06
4.051340000000000000e+05
1.177074000000000000e+06
1.688209000000000000e+06
2.684740000000000000e+05
1.817826000000000000e+06
1.251807000000000000e+06
1.165364000000000000e+06
1.739822000000000000e+06
1.577240000000000000e+05
1.043502000000000000e+06
4.917420000000000000e+05
1.318530000000000000e+06
1.122457000000000000e+06
1.061208000000000000e+06
1.629515000000000000e+06
1.135581000000000000e+06
1.236028000000000000e+06
2.781860000000000000e+05
1.115869000000000000e+06
9.329170000000000000e+05
4.341420000000000000e+05
1.073913000000000000e+06
1.221726000000000000e+06
1.531238000000000000e+06
2.536200000000000000e+05
1.225279000000000000e+06
1.114739000000000000e+06
1.085003000000000000e+06
1.989230000000000000e+05
4.535170000000000000e+05
1.621626000000000000e+06
3.652200000000000000e+05
1.693217000000000000e+06
1.195384000000000000e+06
2.933800000000000000e+05
5.897690000000000000e+05
1.766164000000000000e+06
7.197050000000000000e+05
2.836300000000000000e+04
1.098470000000000000e+06
1.574704000000000000e+06
1.218660000000000000e+05
1.679820000000000000e+05
1.703949000000000000e+06
1.195026000000000000e+06
1.085269000000000000e+06
1.084294000000000000e+06
1.028986000000000000e+06
5.575430000000000000e+05
1.045639000000000000e+06
1.399799000000000000e+06
1.639104000000000000e+06
1.085529000000000000e+06
2.781910000000000000e+05
1.693720000000000000e+05
4.703400000000000000e+05
5.863560000000000000e+05
1.803071000000000000e+06
1.059101000000000000e+06
1.450276000000000000e+06
1.320300000000000000e+04
1.323867000000000000e+06
3.225120000000000000e+05
1.121638000000000000e+06
1.452372000000000000e+06
3.161010000000000000e+05
2.448320000000000000e+05
1.735511000000000000e+06
7.550440000000000000e+05
1.250050000000000000e+06
1.444257000000000000e+06
3.115040000000000000e+05
2.645160000000000000e+05
7.663230000000000000e+05
1.341868000000000000e+06
2.313760000000000000e+05
9.934020000000000000e+05
1.051713000000000000e+06
2.528480000000000000e+05
5.021520000000000000e+05
1.572810000000000000e+05
2.965070000000000000e+05
9.009870000000000000e+05
1.126963000000000000e+06
1.664024000000000000e+06
1.036680000000000000e+06
1.202630000000000000e+06
1.706256000000000000e+06
1.477058000000000000e+06
1.008415000000000000e+06
1.027799000000000000e+06
1.053273000000000000e+06
5.134140000000000000e+05
7.273030000000000000e+05
3.004460000000000000e+05
9.469890000000000000e+05
1.137773000000000000e+06
1.425717000000000000e+06
2.891580000000000000e+05
1.061217000000000000e+06
1.733409000000000000e+06
1.128898000000000000e+06
1.693601000000000000e+06
1.140399000000000000e+06
1.226919000000000000e+06
1.540444000000000000e+06
1.285368000000000000e+06
1.614168000000000000e+06
1.088460000000000000e+06
6.967770000000000000e+05
1.324353000000000000e+06
1.677924000000000000e+06
1.250111000000000000e+06
1.178252000000000000e+06
5.514440000000000000e+05
8.822250000000000000e+05
1.750901000000000000e+06
1.319370000000000000e+06
4.353990000000000000e+05
5.867280000000000000e+05
1.029193000000000000e+06
3.894920000000000000e+05
2.126310000000000000e+05
1.813580000000000000e+06
1.131046000000000000e+06
1.648570000000000000e+05
1.841904000000000000e+06
7.041890000000000000e+05
1.691612000000000000e+06
3.806980000000000000e+05
3.822380000000000000e+05
1.414965000000000000e+06
2.855380000000000000e+05
3.878370000000000000e+05
1.508516000000000000e+06
5.903230000000000000e+05
5.991550000000000000e+05
2.537730000000000000e+05
8.734900000000000000e+04
5.614780000000000000e+05
6.092760000000000000e+05
1.095239000000000000e+06
2.675380000000000000e+05
1.090002000000000000e+06
7.369170000000000000e+05
1.324504000000000000e+06
1.082776000000000000e+06
7.823240000000000000e+05
8.389290000000000000e+05
2.657730000000000000e+05
2.426000000000000000e+05
1.183966000000000000e+06
3.456500000000000000e+04
1.261764000000000000e+06
6.371480000000000000e+05
4.566600000000000000e+05
3.387410000000000000e+05
1.092864000000000000e+06
1.711014000000000000e+06
2.016000000000000000e+03
3.294910000000000000e+05
4.758650000000000000e+05
1.478883000000000000e+06
1.247120000000000000e+05
2.816510000000000000e+05
5.355200000000000000e+05
1.342447000000000000e+06
1.290790000000000000e+06
3.272430000000000000e+05
1.644445000000000000e+06
1.111649000000000000e+06
7.088710000000000000e+05
3.986530000000000000e+05
1.847087000000000000e+06
1.587600000000000000e+04
1.625050000000000000e+05
6.735900000000000000e+04
2.489030000000000000e+05
1.602925000000000000e+06
1.764502000000000000e+06
1.804150000000000000e+06
1.806756000000000000e+06
2.592080000000000000e+05
1.673984000000000000e+06
1.705891000000000000e+06
7.049480000000000000e+05
1.494939000000000000e+06
1.248262000000000000e+06
1.284069000000000000e+06
9.342120000000000000e+05
1.512077000000000000e+06
1.639525000000000000e+06
7.129400000000000000e+05
8.573000000000000000e+03
3.845350000000000000e+05
8.760960000000000000e+05
1.165872000000000000e+06
1.702779000000000000e+06
6.371200000000000000e+05
1.677101000000000000e+06
1.685150000000000000e+06
1.567130000000000000e+05
1.450132000000000000e+06
1.025277000000000000e+06
1.166474000000000000e+06
1.694455000000000000e+06
1.085860000000000000e+06
3.581000000000000000e+04
1.131165000000000000e+06
2.622070000000000000e+05
1.565582000000000000e+06
1.060759000000000000e+06
1.480078000000000000e+06
1.237142000000000000e+06
1.801972000000000000e+06
1.849700000000000000e+04
4.948970000000000000e+05
1.724963000000000000e+06
9.000000000000000000e+01
5.673260000000000000e+05
1.054939000000000000e+06
1.088324000000000000e+06
1.533489000000000000e+06
1.793500000000000000e+05
1.716662000000000000e+06
1.707252000000000000e+06
1.103880000000000000e+05
5.532260000000000000e+05
6.113970000000000000e+05
1.298414000000000000e+06
1.705790000000000000e+06
4.053470000000000000e+05
1.242390000000000000e+06
5.654020000000000000e+05
1.338067000000000000e+06
1.814251000000000000e+06
4.262220000000000000e+05
1.349647000000000000e+06
3.700360000000000000e+05
1.134462000000000000e+06
1.713106000000000000e+06
3.271070000000000000e+05
2.402500000000000000e+04
1.343287000000000000e+06
1.055305000000000000e+06
1.057690000000000000e+06
8.912750000000000000e+05
1.710142000000000000e+06
5.082300000000000000e+04
1.592595000000000000e+06
1.686194000000000000e+06
1.696610000000000000e+06
8.872300000000000000e+04
4.553250000000000000e+05
5.174350000000000000e+05
1.135384000000000000e+06
1.114788000000000000e+06
7.071920000000000000e+05
9.530530000000000000e+05
1.058472000000000000e+06
9.498190000000000000e+05
1.734774000000000000e+06
9.359850000000000000e+05
5.169510000000000000e+05
5.392350000000000000e+05
1.685389000000000000e+06
8.906000000000000000e+03
1.453309000000000000e+06
1.713936000000000000e+06
2.282400000000000000e+04
6.612650000000000000e+05
9.175840000000000000e+05
1.069493000000000000e+06
8.940130000000000000e+05
2.172810000000000000e+05
1.947300000000000000e+04
4.799050000000000000e+05
7.230400000000000000e+04
1.323493000000000000e+06
1.067259000000000000e+06
2.538710000000000000e+05
1.469435000000000000e+06
1.368518000000000000e+06
1.277197000000000000e+06
1.514872000000000000e+06
1.122466000000000000e+06
1.029975000000000000e+06
1.546456000000000000e+06
8.308630000000000000e+05
7.729880000000000000e+05
1.084100000000000000e+06
1.843420000000000000e+06
1.386203000000000000e+06
1.480635000000000000e+06
5.869460000000000000e+05
4.522360000000000000e+05
1.261019000000000000e+06
2.509670000000000000e+05
8.924580000000000000e+05
6.542440000000000000e+05
1.618192000000000000e+06
2.798930000000000000e+05
1.477350000000000000e+05
2.150400000000000000e+04
1.711620000000000000e+05
1.646101000000000000e+06
1.058694000000000000e+06
2.396220000000000000e+05
4.315010000000000000e+05
1.971700000000000000e+05
9.204980000000000000e+05
1.722437000000000000e+06
1.206973000000000000e+06
1.225345000000000000e+06
1.512223000000000000e+06
1.997500000000000000e+05
2.724100000000000000e+05
6.127540000000000000e+05
1.695317000000000000e+06
4.384510000000000000e+05
1.222250000000000000e+05
1.212013000000000000e+06
1.236753000000000000e+06
1.770703000000000000e+06
1.074178000000000000e+06
1.812677000000000000e+06
1.728200000000000000e+04
1.640093000000000000e+06
2.796480000000000000e+05
5.172150000000000000e+05
7.204400000000000000e+05
4.272130000000000000e+05
1.082746000000000000e+06
1.437663000000000000e+06
1.049156000000000000e+06
1.021066000000000000e+06
9.177680000000000000e+05
1.650069000000000000e+06
1.061560000000000000e+06
1.791231000000000000e+06
1.719113000000000000e+06
1.030259000000000000e+06
1.150329000000000000e+06
1.480529000000000000e+06
1.273449000000000000e+06
1.437360000000000000e+05
1.545400000000000000e+06
4.621440000000000000e+05
1.003758000000000000e+06
2.988640000000000000e+05
1.203000000000000000e+05
7.355070000000000000e+05
1.330086000000000000e+06
1.580920000000000000e+06
1.223584000000000000e+06
1.338241000000000000e+06
1.011777000000000000e+06
3.222790000000000000e+05
1.606420000000000000e+06
1.055390000000000000e+06
1.689010000000000000e+06
7.260000000000000000e+04
1.225668000000000000e+06
1.271360000000000000e+05
3.907350000000000000e+05
1.124243000000000000e+06
1.644287000000000000e+06
6.553960000000000000e+05
1.492221000000000000e+06
9.000470000000000000e+05
5.056220000000000000e+05
1.962100000000000000e+05
1.220110000000000000e+05
1.027195000000000000e+06
1.251483000000000000e+06
1.200773000000000000e+06
2.008810000000000000e+05
1.262790000000000000e+05
1.228356000000000000e+06
1.193280000000000000e+05
1.775972000000000000e+06
3.276390000000000000e+05
1.028107000000000000e+06
7.272810000000000000e+05
1.718812000000000000e+06
7.970450000000000000e+05
8.341570000000000000e+05
1.788820000000000000e+05
5.698490000000000000e+05
1.780081000000000000e+06
1.191210000000000000e+05
1.461628000000000000e+06
1.696187000000000000e+06
1.225381000000000000e+06
5.588810000000000000e+05
1.802622000000000000e+06
5.010590000000000000e+05
9.567540000000000000e+05
5.948070000000000000e+05
