2.662510000000000000e+05
1.123393000000000000e+06
1.320023000000000000e+06
9.254650000000000000e+05
1.262716000000000000e+06
1.134984000000000000e+06
1.740427000000000000e+06
1.177564000000000000e+06
1.136484000000000000e+06
1.124939000000000000e+06
1.334920000000000000e+06
1.016423000000000000e+06
2.661920000000000000e+05
1.605466000000000000e+06
1.179029000000000000e+06
2.659910000000000000e+05
1.693772000000000000e+06
4.635360000000000000e+05
1.751023000000000000e+06
4.440000000000000000e+02
1.217851000000000000e+06
2.648420000000000000e+05
2.667230000000000000e+05
8.689800000000000000e+04
1.127785000000000000e+06
1.694483000000000000e+06
2.658580000000000000e+05
1.062919000000000000e+06
1.136109000000000000e+06
1.689928000000000000e+06
1.374731000000000000e+06
2.306900000000000000e+05
1.249967000000000000e+06
1.121681000000000000e+06
1.751908000000000000e+06
2.315670000000000000e+05
1.766172000000000000e+06
9.195940000000000000e+05
1.115989000000000000e+06
1.691603000000000000e+06
1.225497000000000000e+06
5.522860000000000000e+05
1.134562000000000000e+06
1.262327000000000000e+06
1.498376000000000000e+06
2.645660000000000000e+05
1.843200000000000000e+04
1.306164000000000000e+06
3.861420000000000000e+05
1.266927000000000000e+06
1.318106000000000000e+06
9.250500000000000000e+05
6.159960000000000000e+05
9.656610000000000000e+05
1.120474000000000000e+06
1.030244000000000000e+06
1.368279000000000000e+06
1.130743000000000000e+06
6.358000000000000000e+05
1.438610000000000000e+06
6.719570000000000000e+05
9.226560000000000000e+05
1.320006000000000000e+06
1.034149000000000000e+06
1.350960000000000000e+05
2.616770000000000000e+05
2.835810000000000000e+05
1.639507000000000000e+06
1.125886000000000000e+06
1.177983000000000000e+06
1.265730000000000000e+06
1.645396000000000000e+06
1.023783000000000000e+06
4.648490000000000000e+05
1.166783000000000000e+06
1.385041000000000000e+06
1.319329000000000000e+06
2.663160000000000000e+05
2.451620000000000000e+05
1.120602000000000000e+06
1.693666000000000000e+06
1.122682000000000000e+06
2.649410000000000000e+05
1.741923000000000000e+06
9.240590000000000000e+05
1.577240000000000000e+05
9.120380000000000000e+05
5.416410000000000000e+05
1.061038000000000000e+06
2.679120000000000000e+05
1.110707000000000000e+06
2.845540000000000000e+05
2.578670000000000000e+05
1.641107000000000000e+06
1.778095000000000000e+06
1.455091000000000000e+06
1.123885000000000000e+06
1.733920000000000000e+06
1.132185000000000000e+06
2.229950000000000000e+05
1.013063000000000000e+06
1.319579000000000000e+06
1.740543000000000000e+06
9.118000000000000000e+05
1.750697000000000000e+06
1.695946000000000000e+06
1.321794000000000000e+06
4.667990000000000000e+05
1.766785000000000000e+06
1.335749000000000000e+06
1.055538000000000000e+06
2.726380000000000000e+05
1.178022000000000000e+06
2.643800000000000000e+05
1.710498000000000000e+06
6.963000000000000000e+04
2.670440000000000000e+05
1.693747000000000000e+06
1.657829000000000000e+06
1.320469000000000000e+06
1.017547000000000000e+06
8.295900000000000000e+04
4.169710000000000000e+05
1.262670000000000000e+06
6.415870000000000000e+05
1.967300000000000000e+05
5.789730000000000000e+05
5.429450000000000000e+05
1.303365000000000000e+06
1.008869000000000000e+06
1.262066000000000000e+06
6.366490000000000000e+05
5.036150000000000000e+05
2.844370000000000000e+05
1.009439000000000000e+06
1.766138000000000000e+06
1.674833000000000000e+06
7.810600000000000000e+04
1.309824000000000000e+06
1.337669000000000000e+06
1.250386000000000000e+06
1.337467000000000000e+06
9.285460000000000000e+05
4.636760000000000000e+05
4.621720000000000000e+05
4.661560000000000000e+05
1.113730000000000000e+06
1.250594000000000000e+06
1.453205000000000000e+06
1.105886000000000000e+06
9.145460000000000000e+05
1.166318000000000000e+06
9.665600000000000000e+05
1.047616000000000000e+06
1.274628000000000000e+06
1.260919000000000000e+06
1.183742000000000000e+06
1.034060000000000000e+06
7.235550000000000000e+05
9.137630000000000000e+05
1.739042000000000000e+06
1.319047000000000000e+06
1.060877000000000000e+06
9.239160000000000000e+05
1.121911000000000000e+06
1.455573000000000000e+06
1.132942000000000000e+06
5.529200000000000000e+05
1.372350000000000000e+05
4.033770000000000000e+05
1.137002000000000000e+06
9.686900000000000000e+05
1.128342000000000000e+06
1.740422000000000000e+06
2.746560000000000000e+05
8.123000000000000000e+04
1.262152000000000000e+06
1.215681000000000000e+06
1.751511000000000000e+06
1.130585000000000000e+06
2.624450000000000000e+05
1.007049000000000000e+06
9.165660000000000000e+05
5.459310000000000000e+05
2.618800000000000000e+05
1.319094000000000000e+06
2.662170000000000000e+05
1.319910000000000000e+06
9.166150000000000000e+05
9.265000000000000000e+05
2.286860000000000000e+05
2.674970000000000000e+05
9.168730000000000000e+05
1.108777000000000000e+06
2.858650000000000000e+05
9.012460000000000000e+05
9.933150000000000000e+05
1.740334000000000000e+06
1.367873000000000000e+06
1.455002000000000000e+06
1.170649000000000000e+06
1.833988000000000000e+06
5.787310000000000000e+05
1.252784000000000000e+06
1.045474000000000000e+06
1.320180000000000000e+06
1.640822000000000000e+06
1.114424000000000000e+06
1.686862000000000000e+06
9.041150000000000000e+05
1.439492000000000000e+06
9.162220000000000000e+05
1.316903000000000000e+06
1.108324000000000000e+06
1.225238000000000000e+06
1.141625000000000000e+06
6.823640000000000000e+05
6.810970000000000000e+05
1.847058000000000000e+06
1.217856000000000000e+06
1.007808000000000000e+06
1.456619000000000000e+06
1.363280000000000000e+05
1.125408000000000000e+06
8.067200000000000000e+04
9.259930000000000000e+05
1.376135000000000000e+06
1.178789000000000000e+06
1.602970000000000000e+06
2.274710000000000000e+05
4.466500000000000000e+04
1.693899000000000000e+06
1.751986000000000000e+06
1.128683000000000000e+06
9.255390000000000000e+05
2.589590000000000000e+05
1.606702000000000000e+06
1.479930000000000000e+05
4.230000000000000000e+02
2.301090000000000000e+05
1.115278000000000000e+06
1.809279000000000000e+06
8.389600000000000000e+04
1.507645000000000000e+06
1.248157000000000000e+06
1.842990000000000000e+06
1.200542000000000000e+06
1.612451000000000000e+06
2.759700000000000000e+05
9.279880000000000000e+05
3.836230000000000000e+05
1.633541000000000000e+06
1.741150000000000000e+06
4.688430000000000000e+05
2.764730000000000000e+05
1.216562000000000000e+06
9.454140000000000000e+05
1.192708000000000000e+06
1.508588000000000000e+06
1.128082000000000000e+06
1.383932000000000000e+06
3.838050000000000000e+05
7.205830000000000000e+05
1.261669000000000000e+06
4.081390000000000000e+05
1.638970000000000000e+06
5.407540000000000000e+05
1.475810000000000000e+06
1.376914000000000000e+06
1.248366000000000000e+06
1.376953000000000000e+06
1.190865000000000000e+06
6.696650000000000000e+05
1.739783000000000000e+06
1.320165000000000000e+06
1.023871000000000000e+06
1.585010000000000000e+05
2.784850000000000000e+05
1.457983000000000000e+06
1.010350000000000000e+06
1.118119000000000000e+06
2.631130000000000000e+05
1.355650000000000000e+05
1.292877000000000000e+06
9.456890000000000000e+05
7.297880000000000000e+05
2.380000000000000000e+03
1.128793000000000000e+06
4.394480000000000000e+05
1.261319000000000000e+06
4.916070000000000000e+05
9.273670000000000000e+05
1.727789000000000000e+06
1.332682000000000000e+06
4.607750000000000000e+05
9.015060000000000000e+05
9.255530000000000000e+05
1.055541000000000000e+06
1.168457000000000000e+06
1.637585000000000000e+06
1.829500000000000000e+04
4.644970000000000000e+05
2.074720000000000000e+05
6.595980000000000000e+05
9.173570000000000000e+05
1.018713000000000000e+06
6.375100000000000000e+05
1.602647000000000000e+06
1.780634000000000000e+06
1.602150000000000000e+06
1.300811000000000000e+06
4.118550000000000000e+05
1.500007000000000000e+06
1.205337000000000000e+06
6.154720000000000000e+05
1.183843000000000000e+06
4.611480000000000000e+05
1.109839000000000000e+06
1.268268000000000000e+06
6.859300000000000000e+05
1.179430000000000000e+06
1.041682000000000000e+06
1.111079000000000000e+06
1.264387000000000000e+06
1.384727000000000000e+06
1.188056000000000000e+06
8.971130000000000000e+05
1.228225000000000000e+06
1.830500000000000000e+04
1.752805000000000000e+06
1.320698000000000000e+06
1.066888000000000000e+06
1.304362000000000000e+06
1.028000000000000000e+06
1.766154000000000000e+06
1.982410000000000000e+05
1.657087000000000000e+06
7.707890000000000000e+05
2.669700000000000000e+05
1.267320000000000000e+06
1.591910000000000000e+05
1.025016000000000000e+06
1.031491000000000000e+06
9.937930000000000000e+05
2.939530000000000000e+05
1.299079000000000000e+06
2.210320000000000000e+05
1.225557000000000000e+06
1.136428000000000000e+06
1.125213000000000000e+06
1.248710000000000000e+06
2.575060000000000000e+05
8.910330000000000000e+05
1.654032000000000000e+06
1.746084000000000000e+06
1.691250000000000000e+06
5.385550000000000000e+05
1.048394000000000000e+06
2.609860000000000000e+05
4.371160000000000000e+05
1.734612000000000000e+06
1.973880000000000000e+05
2.659320000000000000e+05
1.766612000000000000e+06
1.744632000000000000e+06
1.125900000000000000e+06
1.249740000000000000e+06
1.690213000000000000e+06
1.708366000000000000e+06
1.136666000000000000e+06
7.829900000000000000e+04
9.543430000000000000e+05
9.129160000000000000e+05
1.057750000000000000e+06
5.500000000000000000e+05
4.782630000000000000e+05
1.166857000000000000e+06
5.651130000000000000e+05
2.733300000000000000e+05
1.711225000000000000e+06
1.514115000000000000e+06
4.631380000000000000e+05
9.183660000000000000e+05
1.264603000000000000e+06
1.364779000000000000e+06
3.428000000000000000e+03
1.231052000000000000e+06
2.631650000000000000e+05
1.231638000000000000e+06
1.128130000000000000e+06
3.868880000000000000e+05
9.199380000000000000e+05
1.233560000000000000e+05
2.453470000000000000e+05
1.456993000000000000e+06
3.166000000000000000e+03
1.644020000000000000e+06
1.216901000000000000e+06
1.966360000000000000e+05
1.321753000000000000e+06
5.015480000000000000e+05
2.252370000000000000e+05
5.588100000000000000e+04
2.298380000000000000e+05
1.198509000000000000e+06
6.750930000000000000e+05
1.194525000000000000e+06
1.606793000000000000e+06
7.352250000000000000e+05
1.384596000000000000e+06
7.346970000000000000e+05
1.728073000000000000e+06
1.438523000000000000e+06
1.691945000000000000e+06
1.301629000000000000e+06
1.077870000000000000e+06
1.657435000000000000e+06
1.319729000000000000e+06
8.831960000000000000e+05
1.655694000000000000e+06
6.376320000000000000e+05
1.218303000000000000e+06
1.768710000000000000e+05
1.183270000000000000e+05
1.741316000000000000e+06
1.095320000000000000e+06
1.265587000000000000e+06
1.357797000000000000e+06
1.728592000000000000e+06
4.689300000000000000e+05
1.138167000000000000e+06
6.724470000000000000e+05
2.465180000000000000e+05
1.316210000000000000e+06
6.123390000000000000e+05
1.108953000000000000e+06
1.738731000000000000e+06
1.337979000000000000e+06
1.061345000000000000e+06
2.481590000000000000e+05
2.109100000000000000e+05
9.504960000000000000e+05
1.659642000000000000e+06
1.162494000000000000e+06
1.103796000000000000e+06
1.685560000000000000e+06
7.044600000000000000e+05
1.820413000000000000e+06
3.920450000000000000e+05
1.320813000000000000e+06
1.477997000000000000e+06
2.578110000000000000e+05
1.199254000000000000e+06
1.017244000000000000e+06
1.766559000000000000e+06
1.213369000000000000e+06
9.249610000000000000e+05
5.495360000000000000e+05
1.602333000000000000e+06
1.166392000000000000e+06
1.231403000000000000e+06
1.195341000000000000e+06
1.369242000000000000e+06
2.021000000000000000e+03
1.141089000000000000e+06
9.957740000000000000e+05
2.684340000000000000e+05
1.373225000000000000e+06
1.060855000000000000e+06
1.218432000000000000e+06
1.315955000000000000e+06
4.677000000000000000e+03
1.847039000000000000e+06
1.378076000000000000e+06
1.184633000000000000e+06
9.431850000000000000e+05
1.498959000000000000e+06
1.956260000000000000e+05
1.710776000000000000e+06
5.056220000000000000e+05
1.137483000000000000e+06
4.610570000000000000e+05
1.777889000000000000e+06
2.309630000000000000e+05
1.134139000000000000e+06
1.017575000000000000e+06
1.744639000000000000e+06
1.375719000000000000e+06
1.605736000000000000e+06
1.189717000000000000e+06
1.232676000000000000e+06
1.324418000000000000e+06
2.683540000000000000e+05
1.335614000000000000e+06
1.343255000000000000e+06
1.380996000000000000e+06
1.262942000000000000e+06
7.622080000000000000e+05
1.360208000000000000e+06
1.183047000000000000e+06
1.767650000000000000e+06
1.217948000000000000e+06
1.766182000000000000e+06
1.421697000000000000e+06
6.367500000000000000e+05
1.005245000000000000e+06
1.453747000000000000e+06
1.259377000000000000e+06
6.384080000000000000e+05
1.366280000000000000e+06
1.511022000000000000e+06
1.218002000000000000e+06
1.375108000000000000e+06
2.715740000000000000e+05
1.429004000000000000e+06
1.106706000000000000e+06
1.374390000000000000e+05
3.894890000000000000e+05
1.711969000000000000e+06
1.323750000000000000e+06
1.129784000000000000e+06
1.180749000000000000e+06
1.228236000000000000e+06
1.518348000000000000e+06
1.182550000000000000e+05
1.727672000000000000e+06
1.468973000000000000e+06
1.497285000000000000e+06
1.264118000000000000e+06
5.409250000000000000e+05
1.319955000000000000e+06
1.322230000000000000e+06
8.981550000000000000e+05
2.328630000000000000e+05
5.525670000000000000e+05
1.079040000000000000e+06
2.320460000000000000e+05
1.752529000000000000e+06
6.778790000000000000e+05
1.387939000000000000e+06
1.426842000000000000e+06
1.253098000000000000e+06
1.227817000000000000e+06
1.706359000000000000e+06
1.346600000000000000e+04
9.756910000000000000e+05
1.418749000000000000e+06
1.217877000000000000e+06
9.925780000000000000e+05
1.640741000000000000e+06
1.395590000000000000e+05
6.167770000000000000e+05
1.689996000000000000e+06
9.281020000000000000e+05
9.273240000000000000e+05
1.149733000000000000e+06
1.285008000000000000e+06
4.651420000000000000e+05
1.737198000000000000e+06
1.412852000000000000e+06
1.662145000000000000e+06
1.962480000000000000e+05
1.272732000000000000e+06
1.333299000000000000e+06
1.423824000000000000e+06
7.570200000000000000e+05
1.187293000000000000e+06
1.067851000000000000e+06
1.643681000000000000e+06
1.634627000000000000e+06
2.703950000000000000e+05
6.524500000000000000e+05
5.355200000000000000e+05
1.643805000000000000e+06
1.485000000000000000e+06
1.028903000000000000e+06
1.363095000000000000e+06
9.234050000000000000e+05
1.027000000000000000e+03
1.743166000000000000e+06
2.256180000000000000e+05
2.600240000000000000e+05
1.074219000000000000e+06
1.366748000000000000e+06
1.607982000000000000e+06
1.182503000000000000e+06
1.066127000000000000e+06
6.543350000000000000e+05
1.323570000000000000e+06
9.622880000000000000e+05
1.692106000000000000e+06
4.988190000000000000e+05
1.133706000000000000e+06
7.237100000000000000e+05
1.989490000000000000e+05
1.224791000000000000e+06
1.757900000000000000e+06
4.616390000000000000e+05
1.631416000000000000e+06
2.421960000000000000e+05
2.647920000000000000e+05
1.294750000000000000e+06
1.755155000000000000e+06
2.615610000000000000e+05
1.845968000000000000e+06
1.161599000000000000e+06
1.806300000000000000e+04
1.500633000000000000e+06
1.060650000000000000e+06
1.655494000000000000e+06
6.342430000000000000e+05
1.127492000000000000e+06
1.058711000000000000e+06
1.249330000000000000e+05
1.141693000000000000e+06
8.942690000000000000e+05
6.944440000000000000e+05
9.304280000000000000e+05
6.406280000000000000e+05
1.494816000000000000e+06
4.269600000000000000e+04
2.319040000000000000e+05
4.640970000000000000e+05
1.616537000000000000e+06
4.691670000000000000e+05
6.916300000000000000e+04
9.694300000000000000e+05
1.075974000000000000e+06
1.385184000000000000e+06
1.452659000000000000e+06
3.438800000000000000e+04
1.767326000000000000e+06
1.837014000000000000e+06
9.042930000000000000e+05
1.155941000000000000e+06
1.133628000000000000e+06
1.743325000000000000e+06
4.013800000000000000e+04
6.829100000000000000e+05
3.925900000000000000e+04
1.322542000000000000e+06
1.604990000000000000e+06
1.603855000000000000e+06
1.266522000000000000e+06
6.564020000000000000e+05
1.140534000000000000e+06
6.661440000000000000e+05
1.708431000000000000e+06
4.636960000000000000e+05
1.291534000000000000e+06
7.795050000000000000e+05
8.387280000000000000e+05
4.616290000000000000e+05
6.371900000000000000e+05
1.025588000000000000e+06
9.174400000000000000e+05
4.702190000000000000e+05
1.138223000000000000e+06
1.456510000000000000e+06
1.055496000000000000e+06
1.166087000000000000e+06
1.282016000000000000e+06
1.742953000000000000e+06
7.408870000000000000e+05
1.274728000000000000e+06
1.141495000000000000e+06
1.230679000000000000e+06
1.062031000000000000e+06
2.597140000000000000e+05
1.762957000000000000e+06
1.669843000000000000e+06
1.033908000000000000e+06
1.367903000000000000e+06
4.709770000000000000e+05
7.281030000000000000e+05
2.530050000000000000e+05
8.799000000000000000e+03
1.042486000000000000e+06
1.320438000000000000e+06
8.977700000000000000e+04
1.082773000000000000e+06
1.636870000000000000e+05
1.327821000000000000e+06
4.187120000000000000e+05
8.489700000000000000e+04
9.958700000000000000e+05
1.615901000000000000e+06
9.346400000000000000e+05
1.456576000000000000e+06
1.436686000000000000e+06
1.633657000000000000e+06
2.744000000000000000e+04
1.606823000000000000e+06
9.263530000000000000e+05
4.167570000000000000e+05
1.607172000000000000e+06
2.721100000000000000e+05
1.741556000000000000e+06
1.332614000000000000e+06
1.082151000000000000e+06
1.416666000000000000e+06
1.593500000000000000e+05
1.211192000000000000e+06
8.007000000000000000e+04
1.115302000000000000e+06
2.220260000000000000e+05
4.748700000000000000e+05
1.809223000000000000e+06
9.508330000000000000e+05
1.274790000000000000e+06
1.260422000000000000e+06
9.853000000000000000e+05
4.807300000000000000e+05
1.162369000000000000e+06
7.320950000000000000e+05
1.274348000000000000e+06
1.083452000000000000e+06
9.965070000000000000e+05
1.952560000000000000e+05
1.161065000000000000e+06
7.025980000000000000e+05
1.219398000000000000e+06
1.440834000000000000e+06
1.086871000000000000e+06
9.566530000000000000e+05
2.790400000000000000e+05
1.736751000000000000e+06
9.283390000000000000e+05
1.268151000000000000e+06
1.465811000000000000e+06
1.742010000000000000e+06
2.297080000000000000e+05
1.252313000000000000e+06
1.126963000000000000e+06
1.267633000000000000e+06
1.440865000000000000e+06
1.841927000000000000e+06
1.499604000000000000e+06
1.179549000000000000e+06
1.089690000000000000e+06
5.851030000000000000e+05
9.398070000000000000e+05
8.002270000000000000e+05
1.382170000000000000e+05
1.253418000000000000e+06
1.246033000000000000e+06
4.624520000000000000e+05
8.714730000000000000e+05
1.074889000000000000e+06
2.031070000000000000e+05
2.657810000000000000e+05
2.637450000000000000e+05
1.062525000000000000e+06
1.387526000000000000e+06
1.004409000000000000e+06
1.081412000000000000e+06
1.741413000000000000e+06
1.747714000000000000e+06
8.841700000000000000e+04
1.174617000000000000e+06
1.085348000000000000e+06
1.827162000000000000e+06
1.414087000000000000e+06
1.096560000000000000e+05
1.458423000000000000e+06
3.467900000000000000e+04
1.145858000000000000e+06
1.672952000000000000e+06
1.258424000000000000e+06
5.352630000000000000e+05
1.375860000000000000e+06
1.226365000000000000e+06
4.476430000000000000e+05
6.314790000000000000e+05
6.812600000000000000e+05
1.309180000000000000e+06
1.846137000000000000e+06
1.273820000000000000e+05
1.267268000000000000e+06
1.381605000000000000e+06
1.259320000000000000e+06
1.330579000000000000e+06
7.244540000000000000e+05
1.338344000000000000e+06
3.505470000000000000e+05
1.733816000000000000e+06
2.070390000000000000e+05
1.673541000000000000e+06
1.114045000000000000e+06
1.268875000000000000e+06
9.088210000000000000e+05
1.436005000000000000e+06
1.024085000000000000e+06
1.067242000000000000e+06
9.201230000000000000e+05
1.323226000000000000e+06
6.374890000000000000e+05
4.678490000000000000e+05
8.672900000000000000e+05
1.088361000000000000e+06
1.615633000000000000e+06
1.133039000000000000e+06
1.349632000000000000e+06
2.773020000000000000e+05
2.989020000000000000e+05
1.741681000000000000e+06
4.379400000000000000e+05
1.350080000000000000e+05
1.237419000000000000e+06
4.818660000000000000e+05
1.116304000000000000e+06
1.640600000000000000e+04
1.115768000000000000e+06
1.780075000000000000e+06
5.804510000000000000e+05
5.005110000000000000e+05
3.455230000000000000e+05
1.051196000000000000e+06
1.677025000000000000e+06
1.845963000000000000e+06
6.117680000000000000e+05
2.032460000000000000e+05
1.261834000000000000e+06
1.161787000000000000e+06
5.054580000000000000e+05
3.091600000000000000e+05
1.777721000000000000e+06
1.124644000000000000e+06
3.656240000000000000e+05
8.691230000000000000e+05
1.700528000000000000e+06
1.124306000000000000e+06
2.664400000000000000e+04
3.899310000000000000e+05
8.904000000000000000e+04
1.228569000000000000e+06
1.340887000000000000e+06
1.438884000000000000e+06
7.288120000000000000e+05
1.268314000000000000e+06
5.246400000000000000e+05
1.158845000000000000e+06
1.605236000000000000e+06
3.738200000000000000e+04
1.036420000000000000e+06
1.324580000000000000e+06
1.551561000000000000e+06
1.189282000000000000e+06
1.217426000000000000e+06
2.652150000000000000e+05
6.771370000000000000e+05
7.822400000000000000e+04
1.302512000000000000e+06
1.574886000000000000e+06
1.297976000000000000e+06
1.765966000000000000e+06
1.640416000000000000e+06
2.785770000000000000e+05
9.333820000000000000e+05
5.510000000000000000e+03
1.271899000000000000e+06
4.133440000000000000e+05
5.045590000000000000e+05
1.752475000000000000e+06
1.845720000000000000e+06
1.212920000000000000e+06
1.679054000000000000e+06
8.065800000000000000e+04
1.296755000000000000e+06
2.834110000000000000e+05
1.756719000000000000e+06
1.696008000000000000e+06
2.667200000000000000e+05
9.281770000000000000e+05
5.332210000000000000e+05
6.365350000000000000e+05
1.337095000000000000e+06
1.709339000000000000e+06
1.085814000000000000e+06
9.199150000000000000e+05
1.053701000000000000e+06
1.429750000000000000e+05
1.982730000000000000e+05
1.376565000000000000e+06
1.177210000000000000e+05
1.707369000000000000e+06
1.069149000000000000e+06
1.450474000000000000e+06
1.348563000000000000e+06
1.669518000000000000e+06
9.360590000000000000e+05
1.338169000000000000e+06
1.739316000000000000e+06
2.536550000000000000e+05
1.337027000000000000e+06
1.525754000000000000e+06
2.734000000000000000e+03
6.218600000000000000e+05
1.646000000000000000e+06
1.058398000000000000e+06
1.276669000000000000e+06
2.600730000000000000e+05
1.713121000000000000e+06
1.164210000000000000e+05
1.175584000000000000e+06
1.807600000000000000e+04
2.975530000000000000e+05
1.382940000000000000e+06
1.089876000000000000e+06
1.691286000000000000e+06
9.302440000000000000e+05
3.862920000000000000e+05
1.238220000000000000e+05
1.347420000000000000e+06
8.910300000000000000e+04
1.461510000000000000e+05
2.562710000000000000e+05
2.356940000000000000e+05
1.369845000000000000e+06
1.412970000000000000e+05
1.994750000000000000e+05
1.187475000000000000e+06
1.372922000000000000e+06
1.508548000000000000e+06
1.086693000000000000e+06
4.646480000000000000e+05
2.316440000000000000e+05
1.274735000000000000e+06
3.327330000000000000e+05
1.482000000000000000e+03
5.755210000000000000e+05
1.779078000000000000e+06
5.050540000000000000e+05
2.846830000000000000e+05
3.297970000000000000e+05
7.430020000000000000e+05
6.810080000000000000e+05
4.786610000000000000e+05
8.624830000000000000e+05
8.312060000000000000e+05
7.768700000000000000e+05
1.738688000000000000e+06
1.249591000000000000e+06
2.589680000000000000e+05
2.002860000000000000e+05
2.794110000000000000e+05
2.808810000000000000e+05
1.265458000000000000e+06
1.020871000000000000e+06
1.315334000000000000e+06
1.157037000000000000e+06
1.497913000000000000e+06
1.752362000000000000e+06
1.476981000000000000e+06
1.609055000000000000e+06
1.176791000000000000e+06
1.363869000000000000e+06
3.671400000000000000e+05
1.134756000000000000e+06
1.940390000000000000e+05
1.186856000000000000e+06
1.289212000000000000e+06
1.485000000000000000e+03
1.337235000000000000e+06
1.062172000000000000e+06
1.319264000000000000e+06
1.608966000000000000e+06
3.884710000000000000e+05
1.415603000000000000e+06
1.087621000000000000e+06
2.017000000000000000e+04
1.097681000000000000e+06
1.320568000000000000e+06
1.451016000000000000e+06
1.822043000000000000e+06
1.011238000000000000e+06
1.152114000000000000e+06
9.578930000000000000e+05
1.134077000000000000e+06
1.484275000000000000e+06
9.183420000000000000e+05
2.469820000000000000e+05
4.194950000000000000e+05
1.044603000000000000e+06
1.288723000000000000e+06
5.729990000000000000e+05
9.988710000000000000e+05
1.646550000000000000e+05
1.206967000000000000e+06
3.390950000000000000e+05
6.683420000000000000e+05
1.384785000000000000e+06
1.745747000000000000e+06
1.294984000000000000e+06
1.374696000000000000e+06
1.106984000000000000e+06
2.637080000000000000e+05
1.477939000000000000e+06
1.111700000000000000e+05
1.228052000000000000e+06
1.354244000000000000e+06
3.895620000000000000e+05
1.661176000000000000e+06
1.370001000000000000e+06
1.127988000000000000e+06
9.202370000000000000e+05
1.581210000000000000e+05
5.374940000000000000e+05
1.412730000000000000e+05
2.686710000000000000e+05
9.007410000000000000e+05
1.142724000000000000e+06
9.382440000000000000e+05
2.553840000000000000e+05
1.313686000000000000e+06
1.115726000000000000e+06
1.438385000000000000e+06
3.114190000000000000e+05
1.718212000000000000e+06
1.620650000000000000e+06
2.563140000000000000e+05
8.302750000000000000e+05
7.921510000000000000e+05
1.037216000000000000e+06
2.824180000000000000e+05
8.058400000000000000e+04
1.212756000000000000e+06
7.037980000000000000e+05
8.420300000000000000e+04
1.640868000000000000e+06
1.481223000000000000e+06
1.803332000000000000e+06
9.534580000000000000e+05
4.682030000000000000e+05
1.156865000000000000e+06
1.832100000000000000e+05
9.140620000000000000e+05
2.580970000000000000e+05
3.606980000000000000e+05
2.464760000000000000e+05
6.900320000000000000e+05
1.698626000000000000e+06
1.490412000000000000e+06
5.736160000000000000e+05
1.122716000000000000e+06
1.289542000000000000e+06
1.620425000000000000e+06
1.738351000000000000e+06
9.486080000000000000e+05
1.080097000000000000e+06
1.641799000000000000e+06
1.763088000000000000e+06
2.550030000000000000e+05
4.371290000000000000e+05
1.192322000000000000e+06
1.027140000000000000e+06
2.902700000000000000e+05
6.579400000000000000e+04
1.657821000000000000e+06
1.088599000000000000e+06
1.374653000000000000e+06
1.250671000000000000e+06
1.253581000000000000e+06
1.306095000000000000e+06
3.152450000000000000e+05
5.682980000000000000e+05
1.308714000000000000e+06
1.224871000000000000e+06
1.705947000000000000e+06
7.036200000000000000e+05
1.159660000000000000e+06
5.820570000000000000e+05
1.043402000000000000e+06
1.726626000000000000e+06
1.657388000000000000e+06
1.318150000000000000e+06
1.735340000000000000e+06
5.847560000000000000e+05
6.254230000000000000e+05
2.446030000000000000e+05
1.164500000000000000e+06
4.589230000000000000e+05
1.156122000000000000e+06
2.400960000000000000e+05
1.626565000000000000e+06
1.235521000000000000e+06
6.138950000000000000e+05
1.219039000000000000e+06
1.685394000000000000e+06
1.099203000000000000e+06
1.480812000000000000e+06
5.519340000000000000e+05
1.489328000000000000e+06
1.577553000000000000e+06
1.659293000000000000e+06
6.716820000000000000e+05
4.699110000000000000e+05
2.442850000000000000e+05
1.493921000000000000e+06
9.328060000000000000e+05
9.539090000000000000e+05
2.587530000000000000e+05
1.760219000000000000e+06
4.425000000000000000e+04
5.245500000000000000e+04
1.139245000000000000e+06
1.335181000000000000e+06
1.593750000000000000e+05
1.693468000000000000e+06
6.240500000000000000e+04
1.707718000000000000e+06
2.652160000000000000e+05
4.577900000000000000e+05
1.336092000000000000e+06
1.695512000000000000e+06
1.196917000000000000e+06
1.651092000000000000e+06
1.687234000000000000e+06
5.532120000000000000e+05
1.437543000000000000e+06
1.252685000000000000e+06
2.109630000000000000e+05
1.126881000000000000e+06
4.382660000000000000e+05
6.125810000000000000e+05
1.123494000000000000e+06
4.197500000000000000e+05
1.137018000000000000e+06
1.267896000000000000e+06
4.262930000000000000e+05
1.569031000000000000e+06
1.248300000000000000e+04
1.160749000000000000e+06
1.213297000000000000e+06
1.222547000000000000e+06
1.064635000000000000e+06
1.255887000000000000e+06
1.269588000000000000e+06
1.198000000000000000e+06
2.005910000000000000e+05
6.652000000000000000e+03
8.967120000000000000e+05
5.598200000000000000e+04
2.180800000000000000e+04
1.257932000000000000e+06
1.248512000000000000e+06
1.133329000000000000e+06
1.133406000000000000e+06
6.783650000000000000e+05
1.650959000000000000e+06
9.498390000000000000e+05
1.169868000000000000e+06
1.018514000000000000e+06
1.386032000000000000e+06
7.590870000000000000e+05
1.782956000000000000e+06
1.378725000000000000e+06
1.684298000000000000e+06
1.426390000000000000e+06
7.276630000000000000e+05
1.310210000000000000e+06
9.862570000000000000e+05
2.735300000000000000e+04
6.641550000000000000e+05
1.391210000000000000e+05
1.263242000000000000e+06
2.398660000000000000e+05
1.689417000000000000e+06
1.751786000000000000e+06
1.030038000000000000e+06
1.692772000000000000e+06
1.400610000000000000e+06
6.692670000000000000e+05
1.651912000000000000e+06
1.649385000000000000e+06
1.217754000000000000e+06
1.448627000000000000e+06
1.036023000000000000e+06
1.109311000000000000e+06
4.366130000000000000e+05
1.351740000000000000e+05
1.327915000000000000e+06
1.064652000000000000e+06
8.094200000000000000e+04
1.648888000000000000e+06
2.883000000000000000e+05
4.715600000000000000e+05
7.377650000000000000e+05
9.300380000000000000e+05
1.657462000000000000e+06
3.087280000000000000e+05
7.198630000000000000e+05
4.980930000000000000e+05
1.702800000000000000e+04
2.812740000000000000e+05
5.937550000000000000e+05
1.646878000000000000e+06
1.308420000000000000e+05
3.893700000000000000e+05
1.427924000000000000e+06
2.128630000000000000e+05
9.198370000000000000e+05
1.650902000000000000e+06
2.479660000000000000e+05
1.370165000000000000e+06
1.000077000000000000e+06
1.233477000000000000e+06
1.202436000000000000e+06
1.434114000000000000e+06
8.094100000000000000e+04
1.634053000000000000e+06
1.187517000000000000e+06
1.113380000000000000e+06
1.731354000000000000e+06
1.226657000000000000e+06
1.646576000000000000e+06
4.981950000000000000e+05
2.684810000000000000e+05
6.793200000000000000e+04
2.295600000000000000e+05
1.370823000000000000e+06
5.223700000000000000e+04
1.192740000000000000e+05
6.675750000000000000e+05
2.899980000000000000e+05
1.776587000000000000e+06
1.690981000000000000e+06
1.294108000000000000e+06
2.247770000000000000e+05
9.516240000000000000e+05
5.799870000000000000e+05
5.237600000000000000e+04
1.779557000000000000e+06
1.442752000000000000e+06
1.378317000000000000e+06
1.227192000000000000e+06
1.767891000000000000e+06
7.763100000000000000e+04
2.411860000000000000e+05
1.856672000000000000e+06
1.688832000000000000e+06
1.357503000000000000e+06
1.978550000000000000e+05
1.236658000000000000e+06
1.052609000000000000e+06
1.495663000000000000e+06
7.446600000000000000e+04
1.615243000000000000e+06
6.597760000000000000e+05
1.113847000000000000e+06
2.295210000000000000e+05
1.772825000000000000e+06
9.390730000000000000e+05
1.453673000000000000e+06
9.363330000000000000e+05
1.658300000000000000e+06
1.644353000000000000e+06
3.832790000000000000e+05
1.744408000000000000e+06
1.236279000000000000e+06
1.748855000000000000e+06
1.268210000000000000e+06
1.656181000000000000e+06
7.247730000000000000e+05
1.490480000000000000e+05
6.667130000000000000e+05
6.374100000000000000e+05
6.443430000000000000e+05
5.356540000000000000e+05
1.404819000000000000e+06
1.471315000000000000e+06
1.751379000000000000e+06
1.487756000000000000e+06
6.569690000000000000e+05
1.702130000000000000e+05
1.222034000000000000e+06
9.170300000000000000e+04
1.643927000000000000e+06
1.350546000000000000e+06
1.263272000000000000e+06
1.131072000000000000e+06
1.444719000000000000e+06
8.236000000000000000e+04
1.670457000000000000e+06
1.283438000000000000e+06
1.134918000000000000e+06
1.798899000000000000e+06
4.629790000000000000e+05
1.840550000000000000e+06
1.338712000000000000e+06
1.843171000000000000e+06
1.071166000000000000e+06
3.303670000000000000e+05
6.183900000000000000e+04
5.030990000000000000e+05
1.801213000000000000e+06
3.423500000000000000e+05
1.059129000000000000e+06
1.618153000000000000e+06
2.646400000000000000e+05
1.634166000000000000e+06
1.606895000000000000e+06
1.207781000000000000e+06
3.027350000000000000e+05
3.857000000000000000e+05
6.756700000000000000e+05
1.526326000000000000e+06
7.266500000000000000e+05
1.432696000000000000e+06
7.142540000000000000e+05
1.624312000000000000e+06
5.614810000000000000e+05
7.866700000000000000e+04
1.320900000000000000e+04
2.220740000000000000e+05
1.665935000000000000e+06
7.269870000000000000e+05
1.462479000000000000e+06
1.060657000000000000e+06
2.908980000000000000e+05
1.206343000000000000e+06
4.586240000000000000e+05
7.022090000000000000e+05
1.179881000000000000e+06
1.080795000000000000e+06
1.971410000000000000e+05
1.775700000000000000e+04
2.781570000000000000e+05
6.898490000000000000e+05
4.842400000000000000e+04
1.457814000000000000e+06
9.815750000000000000e+05
7.170600000000000000e+05
7.235290000000000000e+05
9.307140000000000000e+05
4.607500000000000000e+05
5.948790000000000000e+05
1.748741000000000000e+06
1.220190000000000000e+05
1.674640000000000000e+06
9.398440000000000000e+05
9.715000000000000000e+03
3.833590000000000000e+05
1.309119000000000000e+06
1.194559000000000000e+06
1.212608000000000000e+06
1.710531000000000000e+06
2.329670000000000000e+05
1.665415000000000000e+06
1.085174000000000000e+06
1.262770000000000000e+06
8.404000000000000000e+05
1.661878000000000000e+06
1.213644000000000000e+06
1.634007000000000000e+06
1.368113000000000000e+06
6.919540000000000000e+05
1.762495000000000000e+06
1.652866000000000000e+06
6.651780000000000000e+05
1.384223000000000000e+06
1.195839000000000000e+06
1.165629000000000000e+06
1.638337000000000000e+06
1.643914000000000000e+06
1.834879000000000000e+06
1.396891000000000000e+06
1.485357000000000000e+06
4.196160000000000000e+05
4.215060000000000000e+05
1.252646000000000000e+06
1.204347000000000000e+06
1.652170000000000000e+05
1.318157000000000000e+06
6.725500000000000000e+04
6.746020000000000000e+05
6.570990000000000000e+05
1.282902000000000000e+06
1.789940000000000000e+05
1.766590000000000000e+05
9.403910000000000000e+05
1.650680000000000000e+06
7.248420000000000000e+05
1.593698000000000000e+06
1.389872000000000000e+06
1.457014000000000000e+06
5.954730000000000000e+05
2.925220000000000000e+05
1.778592000000000000e+06
2.836150000000000000e+05
1.474953000000000000e+06
1.252206000000000000e+06
1.711193000000000000e+06
1.566080000000000000e+05
2.629150000000000000e+05
5.842470000000000000e+05
5.672400000000000000e+05
9.980860000000000000e+05
1.185336000000000000e+06
1.490787000000000000e+06
7.221200000000000000e+04
1.657629000000000000e+06
7.607400000000000000e+04
1.254344000000000000e+06
7.530100000000000000e+04
1.250750000000000000e+05
5.287800000000000000e+04
5.796330000000000000e+05
1.479925000000000000e+06
1.496796000000000000e+06
1.831600000000000000e+05
1.273898000000000000e+06
1.315988000000000000e+06
1.230633000000000000e+06
1.855114000000000000e+06
1.085625000000000000e+06
2.558070000000000000e+05
1.729924000000000000e+06
4.819220000000000000e+05
5.832710000000000000e+05
1.637970000000000000e+05
1.734733000000000000e+06
5.585620000000000000e+05
1.666337000000000000e+06
1.639011000000000000e+06
1.268427000000000000e+06
1.312053000000000000e+06
1.587480000000000000e+05
2.565960000000000000e+05
5.575470000000000000e+05
1.527380000000000000e+06
1.745375000000000000e+06
1.075262000000000000e+06
1.780459000000000000e+06
2.308180000000000000e+05
9.543820000000000000e+05
7.621600000000000000e+04
1.635776000000000000e+06
1.113401000000000000e+06
1.431442000000000000e+06
6.710980000000000000e+05
6.517280000000000000e+05
6.573410000000000000e+05
1.077526000000000000e+06
9.322540000000000000e+05
2.780340000000000000e+05
1.178589000000000000e+06
1.025277000000000000e+06
3.005100000000000000e+04
3.895250000000000000e+05
1.339904000000000000e+06
1.662887000000000000e+06
1.331848000000000000e+06
3.776630000000000000e+05
9.879400000000000000e+05
1.402110000000000000e+05
1.977260000000000000e+05
1.739180000000000000e+06
6.164050000000000000e+05
1.744214000000000000e+06
1.058244000000000000e+06
1.359678000000000000e+06
1.729376000000000000e+06
8.650600000000000000e+04
1.019373000000000000e+06
8.473710000000000000e+05
7.767970000000000000e+05
4.770110000000000000e+05
1.306587000000000000e+06
1.655576000000000000e+06
1.164854000000000000e+06
1.743032000000000000e+06
1.769131000000000000e+06
2.258090000000000000e+05
1.223637000000000000e+06
6.477990000000000000e+05
5.014000000000000000e+04
1.299223000000000000e+06
1.556946000000000000e+06
5.004320000000000000e+05
1.030949000000000000e+06
1.568211000000000000e+06
5.721680000000000000e+05
1.369388000000000000e+06
1.240258000000000000e+06
1.842157000000000000e+06
1.305452000000000000e+06
3.779110000000000000e+05
2.538960000000000000e+05
2.255770000000000000e+05
2.197710000000000000e+05
1.607062000000000000e+06
1.285631000000000000e+06
6.127100000000000000e+05
4.681950000000000000e+05
1.677000000000000000e+04
2.323610000000000000e+05
1.607080000000000000e+06
8.857110000000000000e+05
1.364610000000000000e+05
1.318327000000000000e+06
1.190198000000000000e+06
1.020052000000000000e+06
1.471261000000000000e+06
1.366220000000000000e+06
2.653110000000000000e+05
1.633902000000000000e+06
4.483690000000000000e+05
1.216893000000000000e+06
1.777939000000000000e+06
5.603460000000000000e+05
1.121231000000000000e+06
5.998040000000000000e+05
1.454782000000000000e+06
2.887380000000000000e+05
1.848682000000000000e+06
4.692930000000000000e+05
1.319893000000000000e+06
1.300032000000000000e+06
1.625100000000000000e+04
1.219137000000000000e+06
1.475223000000000000e+06
1.309360000000000000e+05
1.528580000000000000e+05
6.726410000000000000e+05
1.057909000000000000e+06
1.661858000000000000e+06
6.350000000000000000e+02
2.311900000000000000e+04
1.689980000000000000e+05
1.773371000000000000e+06
1.140215000000000000e+06
7.167590000000000000e+05
1.058453000000000000e+06
5.771940000000000000e+05
2.310220000000000000e+05
1.444948000000000000e+06
1.643544000000000000e+06
1.163103000000000000e+06
1.254358000000000000e+06
9.188350000000000000e+05
2.583270000000000000e+05
1.475120000000000000e+05
1.443213000000000000e+06
1.698995000000000000e+06
3.858200000000000000e+05
1.743766000000000000e+06
8.010500000000000000e+04
1.218425000000000000e+06
1.412055000000000000e+06
1.698532000000000000e+06
6.902840000000000000e+05
1.691300000000000000e+06
4.083250000000000000e+05
1.482907000000000000e+06
1.597061000000000000e+06
1.114933000000000000e+06
4.636350000000000000e+05
1.384945000000000000e+06
4.014150000000000000e+05
1.323355000000000000e+06
1.080361000000000000e+06
1.251035000000000000e+06
1.188271000000000000e+06
1.812614000000000000e+06
2.139700000000000000e+05
1.354306000000000000e+06
1.673636000000000000e+06
1.704190000000000000e+06
1.177450000000000000e+05
4.771160000000000000e+05
8.493900000000000000e+04
1.274259000000000000e+06
4.960940000000000000e+05
1.741734000000000000e+06
1.324575000000000000e+06
1.753149000000000000e+06
7.097740000000000000e+05
1.475948000000000000e+06
1.453256000000000000e+06
2.714470000000000000e+05
1.808526000000000000e+06
8.260300000000000000e+04
1.049510000000000000e+06
1.648943000000000000e+06
1.742652000000000000e+06
1.345148000000000000e+06
1.707296000000000000e+06
1.341734000000000000e+06
1.415940000000000000e+05
1.618010000000000000e+06
1.347944000000000000e+06
3.439700000000000000e+05
3.993970000000000000e+05
1.432427000000000000e+06
5.959390000000000000e+05
5.644280000000000000e+05
2.785300000000000000e+05
1.225790000000000000e+05
1.500400000000000000e+04
1.577600000000000000e+05
4.196300000000000000e+04
1.241800000000000000e+06
1.375061000000000000e+06
4.064140000000000000e+05
2.710700000000000000e+05
6.592870000000000000e+05
9.280530000000000000e+05
7.280900000000000000e+05
1.596091000000000000e+06
6.674700000000000000e+05
3.192950000000000000e+05
6.882980000000000000e+05
1.390528000000000000e+06
1.055203000000000000e+06
1.790910000000000000e+06
6.589800000000000000e+04
1.144402000000000000e+06
1.905800000000000000e+04
1.257349000000000000e+06
1.352572000000000000e+06
1.826186000000000000e+06
8.927300000000000000e+04
9.002450000000000000e+05
2.832570000000000000e+05
3.013100000000000000e+04
2.204130000000000000e+05
8.865540000000000000e+05
2.159560000000000000e+05
1.062816000000000000e+06
1.787483000000000000e+06
8.906150000000000000e+05
1.024448000000000000e+06
1.295391000000000000e+06
4.263120000000000000e+05
6.970200000000000000e+04
2.197670000000000000e+05
1.217194000000000000e+06
9.162340000000000000e+05
8.086300000000000000e+04
1.736980000000000000e+05
1.216570000000000000e+06
1.266293000000000000e+06
1.453501000000000000e+06
5.781540000000000000e+05
1.125175000000000000e+06
1.206317000000000000e+06
1.203740000000000000e+05
1.692843000000000000e+06
1.600452000000000000e+06
6.946700000000000000e+04
4.140510000000000000e+05
5.430560000000000000e+05
7.061120000000000000e+05
1.683800000000000000e+05
1.196672000000000000e+06
1.350747000000000000e+06
4.643500000000000000e+04
1.204757000000000000e+06
2.597270000000000000e+05
2.808610000000000000e+05
3.701330000000000000e+05
1.433284000000000000e+06
4.657970000000000000e+05
1.590386000000000000e+06
3.127010000000000000e+05
1.229732000000000000e+06
1.444043000000000000e+06
2.329890000000000000e+05
1.510060000000000000e+06
1.194648000000000000e+06
6.708070000000000000e+05
2.321400000000000000e+05
9.421000000000000000e+03
2.706980000000000000e+05
7.085370000000000000e+05
1.472385000000000000e+06
9.915020000000000000e+05
2.487860000000000000e+05
5.413840000000000000e+05
1.080859000000000000e+06
1.601493000000000000e+06
9.104600000000000000e+05
1.363353000000000000e+06
7.031300000000000000e+05
1.131406000000000000e+06
6.666800000000000000e+05
1.802035000000000000e+06
1.656160000000000000e+06
1.355790000000000000e+05
1.385932000000000000e+06
1.464849000000000000e+06
5.040700000000000000e+04
1.456118000000000000e+06
1.639780000000000000e+06
1.415655000000000000e+06
1.780532000000000000e+06
6.010630000000000000e+05
1.826560000000000000e+06
1.017194000000000000e+06
2.438880000000000000e+05
2.574890000000000000e+05
1.758331000000000000e+06
1.601361000000000000e+06
1.343055000000000000e+06
6.331460000000000000e+05
1.308981000000000000e+06
1.237390000000000000e+06
1.519200000000000000e+04
1.646516000000000000e+06
2.617690000000000000e+05
1.371768000000000000e+06
1.468277000000000000e+06
1.801179000000000000e+06
1.293774000000000000e+06
1.208608000000000000e+06
1.811277000000000000e+06
1.283657000000000000e+06
4.167470000000000000e+05
1.706545000000000000e+06
2.738940000000000000e+05
6.235290000000000000e+05
1.117955000000000000e+06
7.403220000000000000e+05
1.779390000000000000e+06
1.068538000000000000e+06
1.707453000000000000e+06
1.543730000000000000e+05
5.990880000000000000e+05
4.401230000000000000e+05
1.620870000000000000e+05
6.576090000000000000e+05
5.330590000000000000e+05
1.633997000000000000e+06
1.756304000000000000e+06
1.623298000000000000e+06
2.926260000000000000e+05
3.153300000000000000e+04
1.808808000000000000e+06
1.513873000000000000e+06
1.807176000000000000e+06
1.103571000000000000e+06
4.373370000000000000e+05
1.156576000000000000e+06
6.232100000000000000e+05
1.533732000000000000e+06
7.204000000000000000e+03
1.388347000000000000e+06
1.591993000000000000e+06
1.834927000000000000e+06
6.764140000000000000e+05
5.987930000000000000e+05
1.274889000000000000e+06
7.243200000000000000e+05
2.025750000000000000e+05
8.888590000000000000e+05
1.383237000000000000e+06
8.987470000000000000e+05
6.844050000000000000e+05
4.720790000000000000e+05
2.787920000000000000e+05
1.418918000000000000e+06
1.252585000000000000e+06
8.982560000000000000e+05
5.011740000000000000e+05
3.273500000000000000e+04
2.725250000000000000e+05
1.268118000000000000e+06
1.654401000000000000e+06
1.820469000000000000e+06
1.221722000000000000e+06
1.632920000000000000e+06
1.713603000000000000e+06
1.242589000000000000e+06
1.365335000000000000e+06
1.657969000000000000e+06
4.024790000000000000e+05
6.486330000000000000e+05
8.994930000000000000e+05
3.963430000000000000e+05
1.710132000000000000e+06
3.738620000000000000e+05
1.067370000000000000e+06
5.045030000000000000e+05
1.392170000000000000e+05
9.951340000000000000e+05
1.989250000000000000e+05
1.220195000000000000e+06
5.395810000000000000e+05
1.456987000000000000e+06
1.585078000000000000e+06
1.662842000000000000e+06
1.701052000000000000e+06
1.661428000000000000e+06
1.196970000000000000e+06
3.322300000000000000e+04
1.967660000000000000e+05
1.927800000000000000e+04
1.789238000000000000e+06
1.721140000000000000e+05
1.401609000000000000e+06
1.765989000000000000e+06
1.177262000000000000e+06
