1.123817000000000000e+06
1.120950000000000000e+06
1.010258000000000000e+06
2.651730000000000000e+05
1.123471000000000000e+06
1.127516000000000000e+06
1.123925000000000000e+06
7.094260000000000000e+05
1.273033000000000000e+06
9.456400000000000000e+04
7.142180000000000000e+05
1.067825000000000000e+06
1.520447000000000000e+06
4.948970000000000000e+05
1.028496000000000000e+06
7.088710000000000000e+05
1.843417000000000000e+06
1.137577000000000000e+06
1.118894000000000000e+06
9.394790000000000000e+05
1.662060000000000000e+05
1.135302000000000000e+06
1.841364000000000000e+06
1.836104000000000000e+06
1.760139000000000000e+06
1.540478000000000000e+06
9.177450000000000000e+05
9.957610000000000000e+05
1.170064000000000000e+06
1.509390000000000000e+06
1.177788000000000000e+06
1.267420000000000000e+06
1.553178000000000000e+06
3.015370000000000000e+05
1.641434000000000000e+06
4.068970000000000000e+05
3.584090000000000000e+05
1.075581000000000000e+06
1.125957000000000000e+06
1.841011000000000000e+06
1.143179000000000000e+06
1.030445000000000000e+06
1.010658000000000000e+06
1.224694000000000000e+06
1.114552000000000000e+06
1.685389000000000000e+06
6.306400000000000000e+05
5.858090000000000000e+05
2.689540000000000000e+05
1.842821000000000000e+06
5.514440000000000000e+05
9.513600000000000000e+05
1.260691000000000000e+06
1.265858000000000000e+06
4.950940000000000000e+05
2.914010000000000000e+05
2.855420000000000000e+05
1.086724000000000000e+06
1.231573000000000000e+06
1.022098000000000000e+06
1.480273000000000000e+06
1.574780000000000000e+05
1.125547000000000000e+06
3.005630000000000000e+05
1.324353000000000000e+06
1.776492000000000000e+06
7.076720000000000000e+05
1.260422000000000000e+06
1.694123000000000000e+06
1.287270000000000000e+05
1.853930000000000000e+06
1.283916000000000000e+06
9.865630000000000000e+05
1.085529000000000000e+06
1.530090000000000000e+06
1.575708000000000000e+06
1.514115000000000000e+06
1.553080000000000000e+06
1.263348000000000000e+06
9.311530000000000000e+05
1.133619000000000000e+06
1.338241000000000000e+06
1.791616000000000000e+06
4.891790000000000000e+05
7.179300000000000000e+05
1.321327000000000000e+06
1.537150000000000000e+05
2.791150000000000000e+05
3.775180000000000000e+05
9.159460000000000000e+05
1.593530000000000000e+05
1.141185000000000000e+06
1.672158000000000000e+06
6.550600000000000000e+05
1.163661000000000000e+06
6.673470000000000000e+05
4.249350000000000000e+05
1.548083000000000000e+06
5.503130000000000000e+05
1.072837000000000000e+06
5.948990000000000000e+05
5.698490000000000000e+05
1.318246000000000000e+06
4.521890000000000000e+05
3.030260000000000000e+05
1.777657000000000000e+06
1.639691000000000000e+06
1.095143000000000000e+06
1.721040000000000000e+06
1.242390000000000000e+06
1.265166000000000000e+06
2.269090000000000000e+05
2.548910000000000000e+05
1.221398000000000000e+06
4.128510000000000000e+05
1.711240000000000000e+05
1.161657000000000000e+06
1.519430000000000000e+05
1.833712000000000000e+06
1.015295000000000000e+06
1.165797000000000000e+06
1.544581000000000000e+06
4.705200000000000000e+05
2.972430000000000000e+05
1.493194000000000000e+06
1.120915000000000000e+06
4.584670000000000000e+05
1.560590000000000000e+05
9.866440000000000000e+05
8.940970000000000000e+05
1.030259000000000000e+06
1.640516000000000000e+06
3.486760000000000000e+05
3.260700000000000000e+05
5.992620000000000000e+05
1.662080000000000000e+05
4.785360000000000000e+05
1.741866000000000000e+06
1.646101000000000000e+06
4.161530000000000000e+05
7.232240000000000000e+05
1.573990000000000000e+05
2.641120000000000000e+05
1.471810000000000000e+05
7.671830000000000000e+05
1.684456000000000000e+06
1.773507000000000000e+06
6.540210000000000000e+05
1.928730000000000000e+05
1.156122000000000000e+06
1.563990000000000000e+06
1.657846000000000000e+06
1.268478000000000000e+06
1.123502000000000000e+06
3.022340000000000000e+05
5.870430000000000000e+05
1.396031000000000000e+06
1.572413000000000000e+06
1.227743000000000000e+06
2.021950000000000000e+05
1.476244000000000000e+06
1.063040000000000000e+05
1.123905000000000000e+06
2.496280000000000000e+05
3.963520000000000000e+05
1.493452000000000000e+06
2.720020000000000000e+05
1.455370000000000000e+06
1.440829000000000000e+06
9.812410000000000000e+05
3.105500000000000000e+05
1.283980000000000000e+05
5.408750000000000000e+05
1.136929000000000000e+06
1.266014000000000000e+06
1.123545000000000000e+06
6.446330000000000000e+05
1.421330000000000000e+05
2.430300000000000000e+04
2.970640000000000000e+05
5.590010000000000000e+05
1.511114000000000000e+06
1.396243000000000000e+06
1.421454000000000000e+06
1.582260000000000000e+05
6.608200000000000000e+05
1.031627000000000000e+06
2.661600000000000000e+04
4.807140000000000000e+05
1.544537000000000000e+06
1.125051000000000000e+06
1.248262000000000000e+06
5.139250000000000000e+05
1.261247000000000000e+06
1.204373000000000000e+06
1.140985000000000000e+06
2.783130000000000000e+05
1.837695000000000000e+06
2.964070000000000000e+05
7.271440000000000000e+05
1.818163000000000000e+06
1.396716000000000000e+06
4.672800000000000000e+04
1.432560000000000000e+05
1.240820000000000000e+05
1.247921000000000000e+06
1.657653000000000000e+06
9.346400000000000000e+04
5.715770000000000000e+05
1.236680000000000000e+05
1.066457000000000000e+06
1.595931000000000000e+06
2.899760000000000000e+05
1.212172000000000000e+06
1.733212000000000000e+06
1.010517000000000000e+06
5.845650000000000000e+05
1.115869000000000000e+06
2.800930000000000000e+05
4.773130000000000000e+05
1.641730000000000000e+06
1.215478000000000000e+06
1.028202000000000000e+06
8.948710000000000000e+05
1.583803000000000000e+06
1.501046000000000000e+06
1.135896000000000000e+06
3.650650000000000000e+05
1.213690000000000000e+06
1.580100000000000000e+05
1.606359000000000000e+06
1.957330000000000000e+05
3.663780000000000000e+05
1.614408000000000000e+06
9.372340000000000000e+05
2.526180000000000000e+05
1.652546000000000000e+06
1.162703000000000000e+06
3.397080000000000000e+05
1.620102000000000000e+06
1.451816000000000000e+06
7.640300000000000000e+05
2.673460000000000000e+05
1.506378000000000000e+06
9.009870000000000000e+05
5.520520000000000000e+05
1.122185000000000000e+06
