1.010661000000000000e+06
1.123268000000000000e+06
2.661780000000000000e+05
1.015295000000000000e+06
1.127228000000000000e+06
1.013953000000000000e+06
1.017360000000000000e+06
1.319621000000000000e+06
1.740427000000000000e+06
1.127822000000000000e+06
1.118560000000000000e+06
1.177788000000000000e+06
9.773850000000000000e+05
9.921540000000000000e+05
1.120950000000000000e+06
1.605466000000000000e+06
1.118645000000000000e+06
1.123844000000000000e+06
2.609850000000000000e+05
1.751086000000000000e+06
1.023742000000000000e+06
1.004749000000000000e+06
1.166813000000000000e+06
1.123520000000000000e+06
1.453205000000000000e+06
1.018487000000000000e+06
1.114552000000000000e+06
1.025631000000000000e+06
1.027432000000000000e+06
2.684740000000000000e+05
1.125051000000000000e+06
1.120529000000000000e+06
9.941090000000000000e+05
2.662170000000000000e+05
1.011128000000000000e+06
5.504130000000000000e+05
1.766172000000000000e+06
1.263873000000000000e+06
1.317312000000000000e+06
2.307620000000000000e+05
1.125663000000000000e+06
1.122772000000000000e+06
9.957610000000000000e+05
1.007046000000000000e+06
1.381829000000000000e+06
2.612330000000000000e+05
1.178045000000000000e+06
1.023707000000000000e+06
1.085048000000000000e+06
1.028202000000000000e+06
1.645259000000000000e+06
1.028496000000000000e+06
9.394790000000000000e+05
1.537624000000000000e+06
1.050738000000000000e+06
1.195026000000000000e+06
2.675070000000000000e+05
1.021734000000000000e+06
2.809190000000000000e+05
1.202630000000000000e+06
1.108714000000000000e+06
1.259854000000000000e+06
9.738640000000000000e+05
7.277160000000000000e+05
1.137016000000000000e+06
1.164125000000000000e+06
2.723590000000000000e+05
1.096848000000000000e+06
1.030960000000000000e+06
1.284040000000000000e+06
1.004013000000000000e+06
2.452500000000000000e+05
9.939830000000000000e+05
1.060180000000000000e+06
2.313760000000000000e+05
1.056817000000000000e+06
1.015922000000000000e+06
1.126583000000000000e+06
2.645160000000000000e+05
9.820010000000000000e+05
1.694455000000000000e+06
1.131198000000000000e+06
1.025328000000000000e+06
1.592595000000000000e+06
9.773740000000000000e+05
1.136514000000000000e+06
1.177074000000000000e+06
2.720020000000000000e+05
1.739822000000000000e+06
6.548900000000000000e+05
1.114788000000000000e+06
9.329170000000000000e+05
6.336380000000000000e+05
1.426980000000000000e+06
1.621626000000000000e+06
1.028751000000000000e+06
1.118415000000000000e+06
1.321414000000000000e+06
1.103178000000000000e+06
1.061217000000000000e+06
1.116281000000000000e+06
1.116186000000000000e+06
1.112151000000000000e+06
1.765879000000000000e+06
1.055313000000000000e+06
1.437939000000000000e+06
1.114739000000000000e+06
2.821390000000000000e+05
1.382204000000000000e+06
1.088304000000000000e+06
1.082445000000000000e+06
1.074233000000000000e+06
1.030701000000000000e+06
1.199455000000000000e+06
1.451053000000000000e+06
1.000249000000000000e+06
2.341540000000000000e+05
9.374540000000000000e+05
1.027342000000000000e+06
2.578110000000000000e+05
1.074065000000000000e+06
1.693765000000000000e+06
1.103880000000000000e+05
9.557670000000000000e+05
1.357430000000000000e+06
2.933800000000000000e+05
1.008106000000000000e+06
7.376040000000000000e+05
1.161477000000000000e+06
1.605396000000000000e+06
1.075581000000000000e+06
1.028107000000000000e+06
1.742142000000000000e+06
2.658210000000000000e+05
1.123905000000000000e+06
9.313770000000000000e+05
9.210070000000000000e+05
1.057950000000000000e+06
2.678870000000000000e+05
5.836700000000000000e+05
9.193990000000000000e+05
8.734900000000000000e+04
9.220560000000000000e+05
1.629755000000000000e+06
1.030179000000000000e+06
1.084180000000000000e+06
1.192006000000000000e+06
1.106183000000000000e+06
1.606420000000000000e+06
7.560150000000000000e+05
1.736183000000000000e+06
1.089606000000000000e+06
6.127540000000000000e+05
1.094190000000000000e+06
2.692160000000000000e+05
9.313690000000000000e+05
7.273790000000000000e+05
1.122457000000000000e+06
1.470107000000000000e+06
7.081010000000000000e+05
2.781910000000000000e+05
1.022347000000000000e+06
1.690080000000000000e+06
1.817711000000000000e+06
1.383628000000000000e+06
2.719700000000000000e+05
7.780000000000000000e+02
2.308200000000000000e+05
1.302433000000000000e+06
1.024549000000000000e+06
1.058937000000000000e+06
9.373400000000000000e+05
1.137773000000000000e+06
2.631670000000000000e+05
6.963000000000000000e+04
1.126963000000000000e+06
1.450276000000000000e+06
1.538501000000000000e+06
4.703400000000000000e+05
1.110667000000000000e+06
1.096227000000000000e+06
1.055203000000000000e+06
1.160230000000000000e+06
3.829170000000000000e+05
1.330499000000000000e+06
1.604022000000000000e+06
1.384575000000000000e+06
1.733920000000000000e+06
2.648930000000000000e+05
1.115843000000000000e+06
5.575480000000000000e+05
9.644010000000000000e+05
1.124321000000000000e+06
4.621440000000000000e+05
6.140600000000000000e+05
7.054150000000000000e+05
2.690010000000000000e+05
1.085003000000000000e+06
9.247050000000000000e+05
1.069967000000000000e+06
5.514430000000000000e+05
1.316298000000000000e+06
1.324353000000000000e+06
1.655234000000000000e+06
9.501230000000000000e+05
1.645887000000000000e+06
6.374100000000000000e+05
4.272130000000000000e+05
5.312130000000000000e+05
1.652838000000000000e+06
5.306680000000000000e+05
1.133619000000000000e+06
5.555460000000000000e+05
9.493360000000000000e+05
1.450809000000000000e+06
1.817826000000000000e+06
8.957300000000000000e+04
1.165872000000000000e+06
1.727540000000000000e+06
1.989230000000000000e+05
5.867280000000000000e+05
1.685150000000000000e+06
1.546456000000000000e+06
5.287630000000000000e+05
2.684140000000000000e+05
8.919380000000000000e+05
7.306830000000000000e+05
1.137473000000000000e+06
9.825380000000000000e+05
1.688372000000000000e+06
9.175660000000000000e+05
1.061208000000000000e+06
1.330501000000000000e+06
1.131343000000000000e+06
1.319384000000000000e+06
1.261764000000000000e+06
1.137435000000000000e+06
1.039780000000000000e+06
1.068276000000000000e+06
4.477390000000000000e+05
2.595080000000000000e+05
1.067787000000000000e+06
9.359850000000000000e+05
1.003467000000000000e+06
1.646101000000000000e+06
1.094229000000000000e+06
1.308127000000000000e+06
1.320824000000000000e+06
7.286450000000000000e+05
1.744238000000000000e+06
4.950940000000000000e+05
1.333837000000000000e+06
1.063165000000000000e+06
1.122185000000000000e+06
1.307136000000000000e+06
1.333331000000000000e+06
9.565930000000000000e+05
1.318338000000000000e+06
1.618192000000000000e+06
1.222850000000000000e+06
1.083171000000000000e+06
1.059770000000000000e+06
1.337525000000000000e+06
1.242683000000000000e+06
8.953440000000000000e+05
1.713106000000000000e+06
1.140399000000000000e+06
1.564461000000000000e+06
1.192680000000000000e+05
1.089218000000000000e+06
4.553250000000000000e+05
1.320561000000000000e+06
1.710142000000000000e+06
1.025161000000000000e+06
1.331016000000000000e+06
1.518654000000000000e+06
1.084100000000000000e+06
1.619801000000000000e+06
1.134894000000000000e+06
1.071342000000000000e+06
1.438784000000000000e+06
9.952250000000000000e+05
1.247533000000000000e+06
5.452210000000000000e+05
1.122789000000000000e+06
8.994420000000000000e+05
6.681590000000000000e+05
1.644445000000000000e+06
4.702190000000000000e+05
1.432729000000000000e+06
1.738415000000000000e+06
5.410890000000000000e+05
1.071054000000000000e+06
1.619757000000000000e+06
1.548246000000000000e+06
9.533920000000000000e+05
9.378220000000000000e+05
7.249330000000000000e+05
1.320164000000000000e+06
2.663410000000000000e+05
5.636060000000000000e+05
2.585460000000000000e+05
1.017089000000000000e+06
1.385711000000000000e+06
2.517560000000000000e+05
1.275090000000000000e+06
1.433557000000000000e+06
1.602805000000000000e+06
1.130468000000000000e+06
5.021520000000000000e+05
1.054713000000000000e+06
1.043874000000000000e+06
7.073680000000000000e+05
2.537730000000000000e+05
9.129000000000000000e+05
1.026360000000000000e+06
6.131210000000000000e+05
1.263460000000000000e+05
1.166622000000000000e+06
1.162855000000000000e+06
1.348539000000000000e+06
1.130891000000000000e+06
3.467900000000000000e+04
1.054949000000000000e+06
1.693217000000000000e+06
3.619540000000000000e+05
1.572284000000000000e+06
7.273030000000000000e+05
1.704472000000000000e+06
1.073289000000000000e+06
1.251807000000000000e+06
8.760960000000000000e+05
5.409330000000000000e+05
6.544820000000000000e+05
1.184519000000000000e+06
1.789196000000000000e+06
1.180173000000000000e+06
1.055805000000000000e+06
1.167339000000000000e+06
9.039500000000000000e+05
1.444077000000000000e+06
6.368180000000000000e+05
1.728615000000000000e+06
1.513992000000000000e+06
1.027583000000000000e+06
1.727770000000000000e+06
1.239747000000000000e+06
1.583270000000000000e+05
1.453660000000000000e+06
1.323867000000000000e+06
9.018420000000000000e+05
8.904060000000000000e+05
7.128310000000000000e+05
6.328650000000000000e+05
1.060724000000000000e+06
1.323493000000000000e+06
9.523970000000000000e+05
1.104136000000000000e+06
1.445984000000000000e+06
1.642585000000000000e+06
1.025280000000000000e+06
1.676606000000000000e+06
1.298414000000000000e+06
1.537465000000000000e+06
1.474012000000000000e+06
6.133170000000000000e+05
1.250050000000000000e+06
1.203502000000000000e+06
1.221508000000000000e+06
1.388006000000000000e+06
2.837400000000000000e+04
2.836300000000000000e+04
3.878370000000000000e+05
5.728720000000000000e+05
1.338241000000000000e+06
1.565523000000000000e+06
1.373989000000000000e+06
1.537522000000000000e+06
1.112094000000000000e+06
2.781860000000000000e+05
4.097610000000000000e+05
1.478200000000000000e+05
1.272737000000000000e+06
7.271180000000000000e+05
1.369438000000000000e+06
1.676652000000000000e+06
1.436069000000000000e+06
9.174900000000000000e+05
5.142070000000000000e+05
1.217612000000000000e+06
1.342447000000000000e+06
1.984740000000000000e+05
9.179900000000000000e+05
1.496750000000000000e+05
1.320915000000000000e+06
1.319025000000000000e+06
1.218372000000000000e+06
6.926530000000000000e+05
1.479036000000000000e+06
4.050250000000000000e+05
1.218660000000000000e+05
6.963070000000000000e+05
1.705897000000000000e+06
1.111754000000000000e+06
9.250430000000000000e+05
1.057989000000000000e+06
1.207891000000000000e+06
1.146798000000000000e+06
2.933950000000000000e+05
4.469970000000000000e+05
1.541910000000000000e+05
1.299381000000000000e+06
1.060190000000000000e+06
5.592540000000000000e+05
1.279788000000000000e+06
2.621880000000000000e+05
1.633197000000000000e+06
1.320023000000000000e+06
1.452682000000000000e+06
1.621067000000000000e+06
4.522360000000000000e+05
6.909270000000000000e+05
1.703932000000000000e+06
1.260573000000000000e+06
2.866440000000000000e+05
1.125452000000000000e+06
1.772827000000000000e+06
8.378190000000000000e+05
7.839520000000000000e+05
1.817242000000000000e+06
1.600903000000000000e+06
1.355146000000000000e+06
1.121418000000000000e+06
3.666500000000000000e+04
1.324040000000000000e+06
5.603290000000000000e+05
1.615275000000000000e+06
1.466095000000000000e+06
1.323494000000000000e+06
1.454459000000000000e+06
1.640852000000000000e+06
1.330086000000000000e+06
1.716662000000000000e+06
9.266230000000000000e+05
5.392350000000000000e+05
9.353160000000000000e+05
1.020902000000000000e+06
1.789369000000000000e+06
1.527826000000000000e+06
1.029726000000000000e+06
1.498050000000000000e+05
1.608680000000000000e+06
1.734837000000000000e+06
1.689010000000000000e+06
1.445955000000000000e+06
9.337070000000000000e+05
1.439221000000000000e+06
2.538710000000000000e+05
2.899770000000000000e+05
1.268589000000000000e+06
1.832992000000000000e+06
1.576102000000000000e+06
1.347433000000000000e+06
1.455436000000000000e+06
3.894920000000000000e+05
1.324507000000000000e+06
1.497393000000000000e+06
1.312150000000000000e+05
9.566580000000000000e+05
6.846420000000000000e+05
5.295440000000000000e+05
5.622580000000000000e+05
1.496611000000000000e+06
1.773799000000000000e+06
1.074178000000000000e+06
9.341850000000000000e+05
4.689490000000000000e+05
1.350135000000000000e+06
1.293854000000000000e+06
1.742707000000000000e+06
1.690827000000000000e+06
1.066664000000000000e+06
1.768972000000000000e+06
9.254650000000000000e+05
7.231390000000000000e+05
1.812677000000000000e+06
1.682100000000000000e+06
7.176470000000000000e+05
1.808551000000000000e+06
1.405174000000000000e+06
1.165055000000000000e+06
1.180632000000000000e+06
9.865450000000000000e+05
1.262602000000000000e+06
1.140937000000000000e+06
1.460557000000000000e+06
1.636030000000000000e+06
3.228290000000000000e+05
5.162520000000000000e+05
1.055706000000000000e+06
6.550000000000000000e+05
5.248270000000000000e+05
1.247523000000000000e+06
1.320305000000000000e+06
5.903230000000000000e+05
5.742910000000000000e+05
4.948970000000000000e+05
7.069950000000000000e+05
1.171691000000000000e+06
2.109630000000000000e+05
1.356189000000000000e+06
1.228356000000000000e+06
1.223661000000000000e+06
5.630480000000000000e+05
1.701080000000000000e+05
1.523080000000000000e+06
1.450194000000000000e+06
7.190610000000000000e+05
1.450132000000000000e+06
1.595976000000000000e+06
5.305050000000000000e+05
1.246521000000000000e+06
1.437663000000000000e+06
4.675300000000000000e+05
1.024255000000000000e+06
1.231823000000000000e+06
2.645820000000000000e+05
1.373610000000000000e+06
1.538852000000000000e+06
7.148340000000000000e+05
9.636070000000000000e+05
9.311220000000000000e+05
2.567060000000000000e+05
1.276332000000000000e+06
1.416687000000000000e+06
2.022390000000000000e+05
5.844530000000000000e+05
7.185130000000000000e+05
1.261351000000000000e+06
2.592350000000000000e+05
1.479408000000000000e+06
1.842831000000000000e+06
1.432726000000000000e+06
9.245170000000000000e+05
1.088460000000000000e+06
1.381803000000000000e+06
6.707860000000000000e+05
1.450873000000000000e+06
8.911400000000000000e+04
7.048090000000000000e+05
1.492221000000000000e+06
1.379999000000000000e+06
1.219653000000000000e+06
1.157837000000000000e+06
5.294910000000000000e+05
2.965070000000000000e+05
2.963070000000000000e+05
9.222440000000000000e+05
1.471686000000000000e+06
1.525834000000000000e+06
9.334850000000000000e+05
1.124652000000000000e+06
1.087615000000000000e+06
1.602936000000000000e+06
1.440837000000000000e+06
1.222459000000000000e+06
2.609740000000000000e+05
1.439224000000000000e+06
1.768453000000000000e+06
2.653670000000000000e+05
1.121638000000000000e+06
1.358252000000000000e+06
1.806756000000000000e+06
1.036346000000000000e+06
1.708861000000000000e+06
1.720919000000000000e+06
6.130290000000000000e+05
4.391270000000000000e+05
5.787250000000000000e+05
1.125016000000000000e+06
1.082666000000000000e+06
2.214970000000000000e+05
4.799550000000000000e+05
2.528480000000000000e+05
1.541486000000000000e+06
1.836670000000000000e+06
5.719510000000000000e+05
1.043196000000000000e+06
5.579740000000000000e+05
3.450750000000000000e+05
5.331420000000000000e+05
1.115580000000000000e+06
2.512240000000000000e+05
1.762744000000000000e+06
1.830291000000000000e+06
4.375900000000000000e+04
1.126053000000000000e+06
5.143160000000000000e+05
1.085860000000000000e+06
1.620830000000000000e+06
5.744540000000000000e+05
1.095530000000000000e+05
1.845822000000000000e+06
1.156219000000000000e+06
1.497774000000000000e+06
1.319351000000000000e+06
1.677101000000000000e+06
5.260410000000000000e+05
1.027799000000000000e+06
6.570140000000000000e+05
6.959900000000000000e+05
1.498279000000000000e+06
1.352435000000000000e+06
3.619660000000000000e+05
4.884670000000000000e+05
2.909940000000000000e+05
7.245040000000000000e+05
1.059388000000000000e+06
9.309330000000000000e+05
1.721158000000000000e+06
9.250210000000000000e+05
1.493790000000000000e+05
1.666455000000000000e+06
1.351866000000000000e+06
3.456500000000000000e+04
7.026890000000000000e+05
1.390071000000000000e+06
1.062731000000000000e+06
1.424357000000000000e+06
9.459190000000000000e+05
1.275735000000000000e+06
1.709859000000000000e+06
5.517310000000000000e+05
1.230801000000000000e+06
1.641058000000000000e+06
1.225637000000000000e+06
1.178048000000000000e+06
1.079144000000000000e+06
3.742310000000000000e+05
7.050120000000000000e+05
2.246560000000000000e+05
1.178229000000000000e+06
5.906780000000000000e+05
1.644287000000000000e+06
7.088710000000000000e+05
1.462389000000000000e+06
1.439012000000000000e+06
6.967770000000000000e+05
2.801050000000000000e+05
1.563991000000000000e+06
1.718855000000000000e+06
1.205671000000000000e+06
1.027925000000000000e+06
1.324441000000000000e+06
1.461029000000000000e+06
1.056229000000000000e+06
1.592162000000000000e+06
1.321152000000000000e+06
1.674640000000000000e+05
1.166226000000000000e+06
1.168144000000000000e+06
1.645797000000000000e+06
1.433789000000000000e+06
1.114337000000000000e+06
1.836751000000000000e+06
1.152239000000000000e+06
7.197050000000000000e+05
9.197990000000000000e+05
1.453412000000000000e+06
1.537541000000000000e+06
1.163668000000000000e+06
1.677100000000000000e+04
1.643286000000000000e+06
1.720029000000000000e+06
5.098380000000000000e+05
1.217699000000000000e+06
1.596055000000000000e+06
4.278960000000000000e+05
2.056150000000000000e+05
2.433590000000000000e+05
1.701087000000000000e+06
1.101966000000000000e+06
5.290170000000000000e+05
1.250808000000000000e+06
9.629730000000000000e+05
1.584091000000000000e+06
1.133741000000000000e+06
1.225381000000000000e+06
1.066725000000000000e+06
1.710973000000000000e+06
1.466792000000000000e+06
1.225497000000000000e+06
6.365490000000000000e+05
2.724100000000000000e+05
1.231720000000000000e+05
5.177740000000000000e+05
1.938660000000000000e+05
4.687480000000000000e+05
3.270940000000000000e+05
5.148590000000000000e+05
7.266740000000000000e+05
6.942380000000000000e+05
1.295409000000000000e+06
1.075505000000000000e+06
1.281009000000000000e+06
7.606500000000000000e+04
1.136919000000000000e+06
9.543830000000000000e+05
5.664960000000000000e+05
1.648765000000000000e+06
2.263990000000000000e+05
1.195384000000000000e+06
5.134900000000000000e+05
1.242308000000000000e+06
1.017335000000000000e+06
1.685682000000000000e+06
6.816000000000000000e+05
3.997700000000000000e+05
1.217050000000000000e+05
1.686179000000000000e+06
1.090002000000000000e+06
1.368518000000000000e+06
1.682502000000000000e+06
7.657720000000000000e+05
1.825663000000000000e+06
1.324581000000000000e+06
1.656354000000000000e+06
1.687644000000000000e+06
6.396170000000000000e+05
4.836550000000000000e+05
5.993620000000000000e+05
1.620306000000000000e+06
1.547666000000000000e+06
2.323350000000000000e+05
1.167519000000000000e+06
1.756327000000000000e+06
7.183910000000000000e+05
1.764411000000000000e+06
1.096885000000000000e+06
1.766177000000000000e+06
5.576790000000000000e+05
1.131146000000000000e+06
1.265569000000000000e+06
6.887480000000000000e+05
1.764502000000000000e+06
4.602060000000000000e+05
1.602983000000000000e+06
1.212503000000000000e+06
7.050930000000000000e+05
1.079566000000000000e+06
1.728639000000000000e+06
1.074708000000000000e+06
1.531209000000000000e+06
1.082838000000000000e+06
1.643849000000000000e+06
1.659386000000000000e+06
1.353346000000000000e+06
3.986530000000000000e+05
1.195956000000000000e+06
2.547640000000000000e+05
6.207300000000000000e+05
5.746370000000000000e+05
1.650680000000000000e+06
5.089820000000000000e+05
1.728364000000000000e+06
1.846137000000000000e+06
1.471298000000000000e+06
5.305650000000000000e+05
1.150203000000000000e+06
5.240260000000000000e+05
1.758616000000000000e+06
1.596043000000000000e+06
1.218454000000000000e+06
1.625260000000000000e+05
1.673479000000000000e+06
1.538913000000000000e+06
1.161382000000000000e+06
9.161610000000000000e+05
7.391700000000000000e+04
1.660681000000000000e+06
1.261019000000000000e+06
1.059101000000000000e+06
1.590170000000000000e+05
1.343876000000000000e+06
3.296750000000000000e+05
6.724280000000000000e+05
1.143374000000000000e+06
1.521734000000000000e+06
4.643300000000000000e+05
2.854480000000000000e+05
1.601072000000000000e+06
1.086511000000000000e+06
1.728879000000000000e+06
7.566510000000000000e+05
8.431190000000000000e+05
8.067070000000000000e+05
1.131306000000000000e+06
1.386291000000000000e+06
1.594302000000000000e+06
4.338980000000000000e+05
1.717857000000000000e+06
1.044120000000000000e+06
1.638252000000000000e+06
5.817700000000000000e+05
7.049480000000000000e+05
1.433077000000000000e+06
1.427753000000000000e+06
6.594650000000000000e+05
1.356820000000000000e+06
1.285905000000000000e+06
8.794720000000000000e+05
1.387246000000000000e+06
1.200539000000000000e+06
5.052810000000000000e+05
6.612650000000000000e+05
1.179859000000000000e+06
1.699019000000000000e+06
1.254861000000000000e+06
6.503130000000000000e+05
4.917420000000000000e+05
1.696531000000000000e+06
1.160764000000000000e+06
1.351993000000000000e+06
1.086045000000000000e+06
1.033490000000000000e+06
1.622164000000000000e+06
2.509670000000000000e+05
1.318374000000000000e+06
2.865700000000000000e+05
1.085667000000000000e+06
1.131046000000000000e+06
1.619600000000000000e+06
4.690600000000000000e+05
9.956830000000000000e+05
9.251190000000000000e+05
2.502740000000000000e+05
1.229195000000000000e+06
3.536640000000000000e+05
9.330050000000000000e+05
1.774413000000000000e+06
1.699648000000000000e+06
5.302390000000000000e+05
1.494939000000000000e+06
1.472189000000000000e+06
9.010740000000000000e+05
1.489475000000000000e+06
1.649236000000000000e+06
1.710531000000000000e+06
6.658770000000000000e+05
1.391619000000000000e+06
1.701936000000000000e+06
1.004818000000000000e+06
4.297200000000000000e+05
1.541525000000000000e+06
4.464340000000000000e+05
5.576330000000000000e+05
1.013756000000000000e+06
5.863560000000000000e+05
1.212810000000000000e+06
1.396684000000000000e+06
5.091540000000000000e+05
5.898640000000000000e+05
1.634762000000000000e+06
1.733057000000000000e+06
1.696267000000000000e+06
1.388164000000000000e+06
1.619719000000000000e+06
4.178010000000000000e+05
1.419965000000000000e+06
1.268478000000000000e+06
1.247996000000000000e+06
5.004080000000000000e+05
4.916010000000000000e+05
1.370152000000000000e+06
9.512350000000000000e+05
1.205403000000000000e+06
1.224973000000000000e+06
1.125544000000000000e+06
1.255755000000000000e+06
3.911410000000000000e+05
3.387410000000000000e+05
1.424285000000000000e+06
1.374966000000000000e+06
1.695317000000000000e+06
6.659080000000000000e+05
4.938270000000000000e+05
1.857000000000000000e+04
1.199842000000000000e+06
1.202058000000000000e+06
5.017190000000000000e+05
3.635320000000000000e+05
1.645083000000000000e+06
1.055075000000000000e+06
7.260410000000000000e+05
9.252810000000000000e+05
6.607580000000000000e+05
6.999240000000000000e+05
1.072837000000000000e+06
3.205500000000000000e+04
5.661420000000000000e+05
3.327140000000000000e+05
3.016320000000000000e+05
1.821500000000000000e+06
2.622070000000000000e+05
1.693619000000000000e+06
1.711324000000000000e+06
1.753237000000000000e+06
1.706657000000000000e+06
1.000988000000000000e+06
6.347470000000000000e+05
6.127870000000000000e+05
1.786570000000000000e+05
1.246078000000000000e+06
1.460345000000000000e+06
1.255561000000000000e+06
1.685843000000000000e+06
1.081714000000000000e+06
1.633468000000000000e+06
7.672560000000000000e+05
8.083370000000000000e+05
8.420320000000000000e+05
9.369460000000000000e+05
1.776036000000000000e+06
6.442120000000000000e+05
6.750840000000000000e+05
3.595800000000000000e+04
7.364300000000000000e+04
3.903420000000000000e+05
5.905740000000000000e+05
1.450721000000000000e+06
1.608360000000000000e+05
1.472858000000000000e+06
1.340479000000000000e+06
2.941800000000000000e+05
1.436207000000000000e+06
3.015880000000000000e+05
1.115577000000000000e+06
2.627500000000000000e+05
1.398133000000000000e+06
1.653316000000000000e+06
1.565494000000000000e+06
5.558070000000000000e+05
1.196250000000000000e+06
1.079306000000000000e+06
4.707190000000000000e+05
5.541520000000000000e+05
2.541920000000000000e+05
2.640120000000000000e+05
5.632030000000000000e+05
8.966740000000000000e+05
1.199402000000000000e+06
1.268494000000000000e+06
1.217525000000000000e+06
1.277807000000000000e+06
1.540478000000000000e+06
1.307695000000000000e+06
1.434788000000000000e+06
9.937930000000000000e+05
1.817890000000000000e+06
1.428999000000000000e+06
5.930400000000000000e+05
1.063549000000000000e+06
5.673260000000000000e+05
5.319830000000000000e+05
1.150329000000000000e+06
4.521360000000000000e+05
1.832401000000000000e+06
1.593730000000000000e+06
1.396545000000000000e+06
1.544658000000000000e+06
1.555938000000000000e+06
1.345213000000000000e+06
7.396300000000000000e+04
4.779050000000000000e+05
1.342825000000000000e+06
2.528200000000000000e+05
1.153149000000000000e+06
1.645132000000000000e+06
1.474137000000000000e+06
7.246010000000000000e+05
1.014999000000000000e+06
1.688871000000000000e+06
5.575470000000000000e+05
5.948970000000000000e+05
1.322040000000000000e+06
1.214306000000000000e+06
4.670420000000000000e+05
2.798490000000000000e+05
5.832500000000000000e+04
2.540220000000000000e+05
1.594030000000000000e+06
