2.662510000000000000e+05
1.123492000000000000e+06
1.320023000000000000e+06
9.254650000000000000e+05
1.262716000000000000e+06
1.134984000000000000e+06
1.740298000000000000e+06
1.177407000000000000e+06
1.124939000000000000e+06
1.136484000000000000e+06
1.334920000000000000e+06
1.017191000000000000e+06
1.605617000000000000e+06
2.657740000000000000e+05
1.179029000000000000e+06
1.751023000000000000e+06
2.659910000000000000e+05
2.665220000000000000e+05
4.635360000000000000e+05
1.694455000000000000e+06
2.648420000000000000e+05
4.440000000000000000e+02
1.217851000000000000e+06
1.115989000000000000e+06
1.121638000000000000e+06
1.127785000000000000e+06
2.658580000000000000e+05
1.134562000000000000e+06
1.375174000000000000e+06
2.315670000000000000e+05
8.715000000000000000e+04
1.136109000000000000e+06
1.751908000000000000e+06
1.498376000000000000e+06
1.766172000000000000e+06
1.249967000000000000e+06
2.306900000000000000e+05
1.689991000000000000e+06
1.062919000000000000e+06
1.225497000000000000e+06
9.195940000000000000e+05
1.262327000000000000e+06
1.694245000000000000e+06
5.522860000000000000e+05
1.306164000000000000e+06
1.691603000000000000e+06
2.646110000000000000e+05
3.861420000000000000e+05
1.843200000000000000e+04
1.438658000000000000e+06
1.030018000000000000e+06
1.318106000000000000e+06
1.368279000000000000e+06
1.266927000000000000e+06
9.250500000000000000e+05
1.130743000000000000e+06
6.341180000000000000e+05
6.159960000000000000e+05
9.656610000000000000e+05
1.120474000000000000e+06
6.719570000000000000e+05
1.031176000000000000e+06
2.623670000000000000e+05
1.351110000000000000e+05
1.177983000000000000e+06
1.320006000000000000e+06
1.120441000000000000e+06
1.639507000000000000e+06
4.648490000000000000e+05
1.265730000000000000e+06
2.663160000000000000e+05
1.166783000000000000e+06
9.227390000000000000e+05
1.131257000000000000e+06
1.645396000000000000e+06
1.741892000000000000e+06
1.125886000000000000e+06
1.110707000000000000e+06
1.385041000000000000e+06
2.451620000000000000e+05
1.319579000000000000e+06
1.023783000000000000e+06
1.120602000000000000e+06
2.835810000000000000e+05
9.120380000000000000e+05
2.679120000000000000e+05
1.693666000000000000e+06
1.733920000000000000e+06
9.240590000000000000e+05
1.455091000000000000e+06
1.766785000000000000e+06
1.055538000000000000e+06
1.319329000000000000e+06
1.577240000000000000e+05
2.649410000000000000e+05
1.061038000000000000e+06
1.750697000000000000e+06
5.416410000000000000e+05
2.229950000000000000e+05
1.123885000000000000e+06
9.118640000000000000e+05
1.778095000000000000e+06
6.963000000000000000e+04
1.321794000000000000e+06
2.726380000000000000e+05
2.578670000000000000e+05
1.967300000000000000e+05
1.303365000000000000e+06
1.336034000000000000e+06
1.740543000000000000e+06
1.012842000000000000e+06
4.667990000000000000e+05
1.641107000000000000e+06
1.309824000000000000e+06
8.295900000000000000e+04
1.017547000000000000e+06
7.810600000000000000e+04
1.657649000000000000e+06
5.789730000000000000e+05
1.766138000000000000e+06
2.845540000000000000e+05
1.274628000000000000e+06
1.262670000000000000e+06
1.178022000000000000e+06
1.034060000000000000e+06
2.643800000000000000e+05
1.337467000000000000e+06
1.710498000000000000e+06
1.009439000000000000e+06
1.262066000000000000e+06
1.113730000000000000e+06
1.674833000000000000e+06
6.415870000000000000e+05
2.670440000000000000e+05
1.740422000000000000e+06
5.036150000000000000e+05
1.453288000000000000e+06
1.372350000000000000e+05
1.132942000000000000e+06
1.060877000000000000e+06
1.183742000000000000e+06
1.045474000000000000e+06
1.008869000000000000e+06
1.320459000000000000e+06
4.179870000000000000e+05
9.665600000000000000e+05
1.693747000000000000e+06
9.285460000000000000e+05
1.439492000000000000e+06
2.844370000000000000e+05
4.661560000000000000e+05
1.248899000000000000e+06
1.695946000000000000e+06
2.618800000000000000e+05
9.137630000000000000e+05
1.455573000000000000e+06
1.114424000000000000e+06
1.250386000000000000e+06
1.166318000000000000e+06
4.636760000000000000e+05
6.343830000000000000e+05
9.248960000000000000e+05
1.107081000000000000e+06
2.674970000000000000e+05
1.128082000000000000e+06
1.337931000000000000e+06
9.145460000000000000e+05
7.235550000000000000e+05
1.261669000000000000e+06
1.319910000000000000e+06
1.252770000000000000e+06
1.262152000000000000e+06
1.509402000000000000e+06
1.739042000000000000e+06
5.429450000000000000e+05
9.168730000000000000e+05
6.810970000000000000e+05
9.265000000000000000e+05
1.137002000000000000e+06
2.720640000000000000e+05
1.751511000000000000e+06
1.363280000000000000e+05
1.178789000000000000e+06
1.123982000000000000e+06
1.319047000000000000e+06
1.215681000000000000e+06
1.260919000000000000e+06
9.165660000000000000e+05
7.205830000000000000e+05
1.455002000000000000e+06
5.529200000000000000e+05
1.319094000000000000e+06
4.052770000000000000e+05
1.727789000000000000e+06
1.108777000000000000e+06
1.640822000000000000e+06
2.759700000000000000e+05
4.621720000000000000e+05
1.007049000000000000e+06
6.696650000000000000e+05
9.078780000000000000e+05
6.823640000000000000e+05
1.456780000000000000e+06
1.633541000000000000e+06
9.255390000000000000e+05
1.128342000000000000e+06
1.740334000000000000e+06
1.367873000000000000e+06
1.316903000000000000e+06
1.225238000000000000e+06
1.320180000000000000e+06
2.624450000000000000e+05
1.739783000000000000e+06
4.688430000000000000e+05
1.200542000000000000e+06
6.375100000000000000e+05
1.170649000000000000e+06
2.731080000000000000e+05
1.602150000000000000e+06
1.508588000000000000e+06
1.047616000000000000e+06
1.499395000000000000e+06
9.781810000000000000e+05
1.780634000000000000e+06
1.111079000000000000e+06
1.135361000000000000e+06
1.752155000000000000e+06
1.007808000000000000e+06
8.067200000000000000e+04
1.638970000000000000e+06
9.041150000000000000e+05
1.132325000000000000e+06
1.036261000000000000e+06
1.612286000000000000e+06
2.657200000000000000e+05
1.847058000000000000e+06
8.491800000000000000e+04
8.123000000000000000e+04
1.585010000000000000e+05
6.595980000000000000e+05
1.141622000000000000e+06
2.290870000000000000e+05
1.108123000000000000e+06
5.787310000000000000e+05
9.259930000000000000e+05
1.355650000000000000e+05
9.279880000000000000e+05
1.125408000000000000e+06
1.332682000000000000e+06
1.320165000000000000e+06
5.656810000000000000e+05
1.741150000000000000e+06
3.836230000000000000e+05
9.469890000000000000e+05
5.459310000000000000e+05
1.130585000000000000e+06
2.858650000000000000e+05
1.216562000000000000e+06
1.766612000000000000e+06
1.228225000000000000e+06
1.475810000000000000e+06
1.192708000000000000e+06
1.267320000000000000e+06
1.183843000000000000e+06
1.249740000000000000e+06
1.217856000000000000e+06
4.466500000000000000e+04
2.662170000000000000e+05
1.637690000000000000e+06
1.168457000000000000e+06
9.686900000000000000e+05
1.018713000000000000e+06
9.162220000000000000e+05
1.383932000000000000e+06
1.602647000000000000e+06
2.631130000000000000e+05
1.842990000000000000e+06
3.838050000000000000e+05
1.128683000000000000e+06
2.631650000000000000e+05
1.136428000000000000e+06
1.686734000000000000e+06
1.114552000000000000e+06
1.375331000000000000e+06
1.251357000000000000e+06
1.118657000000000000e+06
2.301090000000000000e+05
1.728073000000000000e+06
1.264387000000000000e+06
1.973880000000000000e+05
1.128793000000000000e+06
2.589590000000000000e+05
7.297880000000000000e+05
9.166150000000000000e+05
2.320460000000000000e+05
1.833988000000000000e+06
1.752805000000000000e+06
1.479930000000000000e+05
1.010350000000000000e+06
2.764730000000000000e+05
1.514115000000000000e+06
9.330000000000000000e+02
9.255530000000000000e+05
1.809279000000000000e+06
4.394290000000000000e+05
1.190865000000000000e+06
4.631380000000000000e+05
1.023871000000000000e+06
1.179430000000000000e+06
1.292877000000000000e+06
6.859300000000000000e+05
2.669700000000000000e+05
1.655437000000000000e+06
1.456993000000000000e+06
1.829500000000000000e+04
1.055541000000000000e+06
4.370960000000000000e+05
1.606702000000000000e+06
1.248157000000000000e+06
2.784850000000000000e+05
1.125213000000000000e+06
1.384727000000000000e+06
9.273670000000000000e+05
1.188056000000000000e+06
4.644970000000000000e+05
1.734612000000000000e+06
5.588100000000000000e+04
3.868880000000000000e+05
1.265587000000000000e+06
1.375860000000000000e+06
1.319729000000000000e+06
1.657087000000000000e+06
1.205337000000000000e+06
9.199380000000000000e+05
1.602970000000000000e+06
2.465180000000000000e+05
1.606793000000000000e+06
1.025016000000000000e+06
2.274710000000000000e+05
1.057750000000000000e+06
1.109839000000000000e+06
1.166857000000000000e+06
2.380000000000000000e+03
1.262942000000000000e+06
4.611480000000000000e+05
2.453470000000000000e+05
1.044014000000000000e+06
8.910330000000000000e+05
1.315955000000000000e+06
1.455965000000000000e+06
6.154720000000000000e+05
1.693899000000000000e+06
1.376953000000000000e+06
1.644020000000000000e+06
2.659320000000000000e+05
1.956260000000000000e+05
1.183270000000000000e+05
1.457983000000000000e+06
9.249610000000000000e+05
1.591910000000000000e+05
1.744639000000000000e+06
1.744356000000000000e+06
9.456890000000000000e+05
2.074720000000000000e+05
1.060855000000000000e+06
4.689300000000000000e+05
2.609860000000000000e+05
1.766154000000000000e+06
1.830500000000000000e+04
1.727672000000000000e+06
7.352250000000000000e+05
1.357559000000000000e+06
1.125900000000000000e+06
4.916070000000000000e+05
9.129160000000000000e+05
1.138167000000000000e+06
6.347520000000000000e+05
9.543430000000000000e+05
1.337979000000000000e+06
1.657435000000000000e+06
1.300811000000000000e+06
1.364779000000000000e+06
5.407540000000000000e+05
1.766559000000000000e+06
1.128130000000000000e+06
1.128195000000000000e+06
7.044600000000000000e+05
9.504960000000000000e+05
1.106706000000000000e+06
8.971130000000000000e+05
1.195341000000000000e+06
1.136666000000000000e+06
1.728592000000000000e+06
1.766182000000000000e+06
1.335614000000000000e+06
7.346970000000000000e+05
1.162369000000000000e+06
1.655694000000000000e+06
1.321753000000000000e+06
6.367500000000000000e+05
1.048394000000000000e+06
1.691250000000000000e+06
1.440865000000000000e+06
1.965990000000000000e+05
1.260785000000000000e+06
2.734480000000000000e+05
9.015060000000000000e+05
1.163079000000000000e+06
1.366280000000000000e+06
2.210320000000000000e+05
1.233930000000000000e+05
1.346600000000000000e+04
9.173570000000000000e+05
1.376127000000000000e+06
1.777889000000000000e+06
1.224791000000000000e+06
1.485000000000000000e+06
4.640970000000000000e+05
1.304554000000000000e+06
1.268268000000000000e+06
1.199254000000000000e+06
6.378860000000000000e+05
1.152114000000000000e+06
1.304362000000000000e+06
1.299079000000000000e+06
2.684340000000000000e+05
4.607750000000000000e+05
1.081412000000000000e+06
2.298380000000000000e+05
1.452990000000000000e+06
1.077870000000000000e+06
1.194745000000000000e+06
1.685203000000000000e+06
1.743166000000000000e+06
1.376281000000000000e+06
1.213096000000000000e+06
1.746084000000000000e+06
2.252370000000000000e+05
2.319040000000000000e+05
1.066888000000000000e+06
1.319955000000000000e+06
1.218002000000000000e+06
1.498959000000000000e+06
1.640741000000000000e+06
5.498850000000000000e+05
1.982410000000000000e+05
1.421697000000000000e+06
1.662082000000000000e+06
1.161599000000000000e+06
7.671510000000000000e+05
1.438751000000000000e+06
1.374390000000000000e+05
2.073000000000000000e+03
1.250881000000000000e+06
9.428580000000000000e+05
1.182550000000000000e+05
4.782630000000000000e+05
2.575060000000000000e+05
1.741316000000000000e+06
1.189717000000000000e+06
9.923270000000000000e+05
1.187293000000000000e+06
1.028903000000000000e+06
1.260422000000000000e+06
1.708431000000000000e+06
9.304280000000000000e+05
1.264603000000000000e+06
1.426842000000000000e+06
1.133628000000000000e+06
1.691945000000000000e+06
6.123390000000000000e+05
1.711225000000000000e+06
1.217948000000000000e+06
1.198509000000000000e+06
1.708366000000000000e+06
5.385550000000000000e+05
1.082151000000000000e+06
1.166087000000000000e+06
9.622880000000000000e+05
1.137483000000000000e+06
2.328630000000000000e+05
4.651420000000000000e+05
1.322230000000000000e+06
1.429004000000000000e+06
1.225557000000000000e+06
1.369242000000000000e+06
1.381605000000000000e+06
6.376320000000000000e+05
1.067851000000000000e+06
1.643805000000000000e+06
2.600100000000000000e+05
1.500628000000000000e+06
2.939530000000000000e+05
2.109100000000000000e+05
2.309630000000000000e+05
1.075974000000000000e+06
1.180749000000000000e+06
6.749410000000000000e+05
9.937930000000000000e+05
1.035543000000000000e+06
1.274728000000000000e+06
1.453747000000000000e+06
5.495360000000000000e+05
1.218432000000000000e+06
1.022928000000000000e+06
1.252313000000000000e+06
3.920450000000000000e+05
1.385184000000000000e+06
6.750930000000000000e+05
1.497285000000000000e+06
8.981550000000000000e+05
1.605736000000000000e+06
6.661440000000000000e+05
4.184560000000000000e+05
1.183047000000000000e+06
2.021000000000000000e+03
8.007000000000000000e+04
9.346400000000000000e+05
1.387939000000000000e+06
1.367903000000000000e+06
1.017575000000000000e+06
1.088361000000000000e+06
1.324418000000000000e+06
9.566530000000000000e+05
1.166396000000000000e+06
1.138004000000000000e+06
1.323750000000000000e+06
1.272732000000000000e+06
1.456510000000000000e+06
1.095320000000000000e+06
5.499460000000000000e+05
1.074219000000000000e+06
1.249080000000000000e+05
9.273240000000000000e+05
1.155941000000000000e+06
1.320698000000000000e+06
1.767326000000000000e+06
7.829900000000000000e+04
1.322542000000000000e+06
1.768710000000000000e+05
9.957740000000000000e+05
1.228236000000000000e+06
5.056220000000000000e+05
1.066127000000000000e+06
4.167570000000000000e+05
9.183660000000000000e+05
9.694300000000000000e+05
1.693400000000000000e+06
1.126963000000000000e+06
1.710776000000000000e+06
9.234050000000000000e+05
1.231638000000000000e+06
1.419080000000000000e+06
1.779078000000000000e+06
6.218600000000000000e+05
1.653977000000000000e+06
8.969530000000000000e+05
1.738731000000000000e+06
1.216901000000000000e+06
2.785770000000000000e+05
2.615610000000000000e+05
1.253413000000000000e+06
1.448627000000000000e+06
8.489700000000000000e+04
1.605236000000000000e+06
1.741402000000000000e+06
1.320813000000000000e+06
1.231538000000000000e+06
1.602333000000000000e+06
6.524500000000000000e+05
1.452243000000000000e+06
1.082773000000000000e+06
1.141693000000000000e+06
1.086871000000000000e+06
2.256180000000000000e+05
1.659642000000000000e+06
6.543350000000000000e+05
2.481590000000000000e+05
6.778790000000000000e+05
1.608617000000000000e+06
1.266522000000000000e+06
1.115302000000000000e+06
2.683540000000000000e+05
1.319264000000000000e+06
3.428000000000000000e+03
1.603855000000000000e+06
1.264118000000000000e+06
1.285008000000000000e+06
1.650902000000000000e+06
1.217877000000000000e+06
1.962480000000000000e+05
1.218303000000000000e+06
1.294750000000000000e+06
1.259377000000000000e+06
1.378076000000000000e+06
1.709339000000000000e+06
7.408870000000000000e+05
1.734521000000000000e+06
3.738200000000000000e+04
1.707369000000000000e+06
1.440834000000000000e+06
1.060630000000000000e+06
1.741556000000000000e+06
1.133039000000000000e+06
1.731354000000000000e+06
1.757900000000000000e+06
5.355200000000000000e+05
1.291534000000000000e+06
1.227817000000000000e+06
1.134139000000000000e+06
9.925780000000000000e+05
1.149733000000000000e+06
1.232676000000000000e+06
2.578110000000000000e+05
4.013800000000000000e+04
1.643681000000000000e+06
1.261834000000000000e+06
1.499604000000000000e+06
1.103796000000000000e+06
1.384596000000000000e+06
2.696570000000000000e+05
1.358834000000000000e+06
1.297976000000000000e+06
1.134756000000000000e+06
1.378317000000000000e+06
3.832790000000000000e+05
1.742953000000000000e+06
1.477997000000000000e+06
4.691670000000000000e+05
4.624520000000000000e+05
4.748700000000000000e+05
1.131063000000000000e+06
1.387526000000000000e+06
1.083452000000000000e+06
1.173914000000000000e+06
1.211192000000000000e+06
4.702190000000000000e+05
1.494816000000000000e+06
1.182503000000000000e+06
1.369845000000000000e+06
9.042930000000000000e+05
1.736751000000000000e+06
1.228052000000000000e+06
8.841700000000000000e+04
6.564020000000000000e+05
2.421960000000000000e+05
5.047360000000000000e+05
1.669764000000000000e+06
4.610570000000000000e+05
1.634627000000000000e+06
1.088599000000000000e+06
1.621980000000000000e+05
1.646550000000000000e+05
4.126530000000000000e+05
2.989020000000000000e+05
1.615901000000000000e+06
3.297600000000000000e+04
1.222547000000000000e+06
1.027507000000000000e+06
8.420300000000000000e+04
1.706358000000000000e+06
1.316210000000000000e+06
1.788000000000000000e+03
1.698626000000000000e+06
1.438385000000000000e+06
1.343255000000000000e+06
1.217426000000000000e+06
1.810100000000000000e+04
1.641799000000000000e+06
2.597140000000000000e+05
1.164210000000000000e+05
5.015480000000000000e+05
1.551561000000000000e+06
1.140534000000000000e+06
1.363095000000000000e+06
1.423824000000000000e+06
1.231052000000000000e+06
4.616390000000000000e+05
1.248405000000000000e+06
8.594790000000000000e+05
8.095220000000000000e+05
7.795050000000000000e+05
6.371900000000000000e+05
1.133706000000000000e+06
1.711969000000000000e+06
1.106984000000000000e+06
1.061345000000000000e+06
1.005245000000000000e+06
1.518348000000000000e+06
9.201230000000000000e+05
1.184633000000000000e+06
1.186856000000000000e+06
1.672952000000000000e+06
8.904000000000000000e+04
1.767866000000000000e+06
9.263530000000000000e+05
1.366748000000000000e+06
1.268875000000000000e+06
6.675750000000000000e+05
1.178589000000000000e+06
1.370001000000000000e+06
1.752529000000000000e+06
1.198000000000000000e+06
7.570200000000000000e+05
6.375620000000000000e+05
1.017244000000000000e+06
1.677025000000000000e+06
1.353760000000000000e+05
1.476981000000000000e+06
1.226365000000000000e+06
9.382440000000000000e+05
9.756910000000000000e+05
1.124306000000000000e+06
6.365350000000000000e+05
1.606823000000000000e+06
1.436005000000000000e+06
1.450827000000000000e+06
1.752362000000000000e+06
6.783650000000000000e+05
1.450474000000000000e+06
1.414087000000000000e+06
1.631416000000000000e+06
1.062212000000000000e+06
4.678490000000000000e+05
4.677000000000000000e+03
1.282016000000000000e+06
1.604990000000000000e+06
1.320438000000000000e+06
1.443213000000000000e+06
1.755155000000000000e+06
6.117680000000000000e+05
9.398070000000000000e+05
8.691230000000000000e+05
1.330579000000000000e+06
1.437194000000000000e+06
1.127492000000000000e+06
1.320568000000000000e+06
2.648600000000000000e+05
1.477939000000000000e+06
1.042486000000000000e+06
1.116304000000000000e+06
1.767561000000000000e+06
1.087621000000000000e+06
1.161065000000000000e+06
1.741681000000000000e+06
1.323570000000000000e+06
1.267633000000000000e+06
1.468973000000000000e+06
1.634053000000000000e+06
1.248512000000000000e+06
4.682030000000000000e+05
1.382170000000000000e+05
4.085580000000000000e+05
1.333299000000000000e+06
1.237419000000000000e+06
1.510060000000000000e+06
7.237100000000000000e+05
1.124684000000000000e+06
3.862920000000000000e+05
2.721100000000000000e+05
1.116038000000000000e+06
1.323226000000000000e+06
1.272396000000000000e+06
1.267268000000000000e+06
4.786610000000000000e+05
1.380996000000000000e+06
9.174400000000000000e+05
6.944440000000000000e+05
1.024065000000000000e+06
4.269600000000000000e+04
1.593500000000000000e+05
1.640416000000000000e+06
1.692106000000000000e+06
1.138223000000000000e+06
1.327821000000000000e+06
9.360140000000000000e+05
1.762957000000000000e+06
1.436686000000000000e+06
3.467900000000000000e+04
5.728840000000000000e+05
1.332614000000000000e+06
1.212756000000000000e+06
1.164500000000000000e+06
3.833590000000000000e+05
1.067242000000000000e+06
1.164854000000000000e+06
1.324575000000000000e+06
1.097681000000000000e+06
1.508548000000000000e+06
1.350080000000000000e+05
9.183420000000000000e+05
5.687470000000000000e+05
1.074889000000000000e+06
1.079040000000000000e+06
1.646000000000000000e+06
1.308630000000000000e+06
1.218913000000000000e+06
1.123494000000000000e+06
5.811000000000000000e+03
1.104385000000000000e+06
1.247934000000000000e+06
1.025277000000000000e+06
1.444719000000000000e+06
9.965070000000000000e+05
7.866700000000000000e+04
1.161787000000000000e+06
9.508330000000000000e+05
1.748855000000000000e+06
4.646480000000000000e+05
1.137018000000000000e+06
7.573610000000000000e+05
1.378021000000000000e+06
2.398660000000000000e+05
2.297080000000000000e+05
1.338344000000000000e+06
4.988190000000000000e+05
1.989490000000000000e+05
1.158845000000000000e+06
6.254230000000000000e+05
9.363330000000000000e+05
1.742010000000000000e+06
1.481223000000000000e+06
6.817640000000000000e+05
2.316440000000000000e+05
1.807600000000000000e+04
1.193811000000000000e+06
1.373620000000000000e+06
9.307140000000000000e+05
1.212920000000000000e+06
1.609055000000000000e+06
4.709770000000000000e+05
1.846137000000000000e+06
1.615633000000000000e+06
5.355370000000000000e+05
1.809223000000000000e+06
1.274790000000000000e+06
4.476430000000000000e+05
1.157037000000000000e+06
3.327330000000000000e+05
1.777721000000000000e+06
1.324580000000000000e+06
7.025980000000000000e+05
9.281020000000000000e+05
9.486080000000000000e+05
1.206967000000000000e+06
1.845968000000000000e+06
1.070793000000000000e+06
1.977550000000000000e+05
5.532120000000000000e+05
6.916300000000000000e+04
7.320950000000000000e+05
2.908980000000000000e+05
1.437543000000000000e+06
1.156122000000000000e+06
2.530050000000000000e+05
1.456576000000000000e+06
1.020871000000000000e+06
1.296755000000000000e+06
9.516240000000000000e+05
6.406280000000000000e+05
2.479660000000000000e+05
1.224871000000000000e+06
3.870980000000000000e+05
2.563140000000000000e+05
1.124644000000000000e+06
1.726626000000000000e+06
8.094100000000000000e+04
1.096560000000000000e+05
6.138050000000000000e+05
3.925900000000000000e+04
4.818660000000000000e+05
5.054580000000000000e+05
1.633657000000000000e+06
3.776630000000000000e+05
1.319893000000000000e+06
1.353513000000000000e+06
1.109311000000000000e+06
6.829100000000000000e+05
1.847039000000000000e+06
1.733816000000000000e+06
1.350248000000000000e+06
1.085814000000000000e+06
2.637080000000000000e+05
1.778592000000000000e+06
2.308180000000000000e+05
1.265458000000000000e+06
1.952560000000000000e+05
5.755210000000000000e+05
2.600730000000000000e+05
1.752475000000000000e+06
1.739180000000000000e+06
1.479925000000000000e+06
1.250671000000000000e+06
7.822400000000000000e+04
1.268151000000000000e+06
3.812740000000000000e+05
1.062525000000000000e+06
9.840640000000000000e+05
2.446030000000000000e+05
9.219630000000000000e+05
1.370165000000000000e+06
5.851030000000000000e+05
1.228554000000000000e+06
1.337027000000000000e+06
1.029718000000000000e+06
1.820413000000000000e+06
1.738565000000000000e+06
3.091600000000000000e+05
1.607172000000000000e+06
9.302440000000000000e+05
1.213297000000000000e+06
4.371290000000000000e+05
5.246400000000000000e+05
1.274348000000000000e+06
9.333820000000000000e+05
1.176791000000000000e+06
4.616290000000000000e+05
1.289542000000000000e+06
7.281030000000000000e+05
9.958700000000000000e+05
2.371750000000000000e+05
1.047976000000000000e+06
1.268314000000000000e+06
1.239600000000000000e+05
6.793200000000000000e+04
1.837014000000000000e+06
8.673590000000000000e+05
7.768700000000000000e+05
8.591940000000000000e+05
9.578930000000000000e+05
1.145858000000000000e+06
1.175584000000000000e+06
1.706013000000000000e+06
1.318815000000000000e+06
1.335146000000000000e+06
1.456628000000000000e+06
1.692772000000000000e+06
1.497913000000000000e+06
1.616537000000000000e+06
4.262930000000000000e+05
6.167770000000000000e+05
3.894890000000000000e+05
6.284200000000000000e+04
1.412970000000000000e+05
1.074322000000000000e+06
2.755730000000000000e+05
1.765966000000000000e+06
1.267896000000000000e+06
1.160749000000000000e+06
1.274640000000000000e+06
2.887380000000000000e+05
1.841927000000000000e+06
1.035155000000000000e+06
1.803332000000000000e+06
1.337095000000000000e+06
4.807300000000000000e+05
7.426010000000000000e+05
4.589230000000000000e+05
1.649214000000000000e+06
1.458423000000000000e+06
1.665935000000000000e+06
3.656240000000000000e+05
1.657821000000000000e+06
2.031070000000000000e+05
1.474953000000000000e+06
1.713121000000000000e+06
2.469820000000000000e+05
1.700528000000000000e+06
2.295600000000000000e+05
9.199150000000000000e+05
9.275000000000000000e+05
1.179549000000000000e+06
1.657462000000000000e+06
1.669518000000000000e+06
1.255887000000000000e+06
1.626565000000000000e+06
6.125810000000000000e+05
2.180800000000000000e+04
1.376598000000000000e+06
1.756719000000000000e+06
8.058400000000000000e+04
1.349650000000000000e+06
1.213301000000000000e+06
6.771370000000000000e+05
1.263242000000000000e+06
2.434640000000000000e+05
1.085348000000000000e+06
1.488247000000000000e+06
9.198370000000000000e+05
1.258338000000000000e+06
1.673541000000000000e+06
2.220260000000000000e+05
1.357503000000000000e+06
1.587480000000000000e+05
6.695960000000000000e+05
1.845963000000000000e+06
1.691286000000000000e+06
5.804510000000000000e+05
1.125175000000000000e+06
2.771830000000000000e+05
1.302707000000000000e+06
1.043402000000000000e+06
1.707453000000000000e+06
3.303670000000000000e+05
1.133406000000000000e+06
1.091113000000000000e+06
1.156865000000000000e+06
2.530340000000000000e+05
9.534580000000000000e+05
1.426390000000000000e+06
2.794110000000000000e+05
2.637450000000000000e+05
2.735300000000000000e+04
8.910300000000000000e+04
1.780373000000000000e+06
1.751786000000000000e+06
1.684298000000000000e+06
1.187475000000000000e+06
1.747714000000000000e+06
1.634166000000000000e+06
1.743325000000000000e+06
5.600140000000000000e+05
1.657629000000000000e+06
1.855114000000000000e+06
1.466224000000000000e+06
8.002270000000000000e+05
8.643230000000000000e+05
5.519340000000000000e+05
2.783240000000000000e+05
2.017000000000000000e+04
1.338169000000000000e+06
1.230679000000000000e+06
5.639130000000000000e+05
8.942690000000000000e+05
1.190395000000000000e+06
1.679054000000000000e+06
4.133440000000000000e+05
9.202370000000000000e+05
1.640600000000000000e+04
1.836670000000000000e+05
1.299223000000000000e+06
9.002450000000000000e+05
1.258104000000000000e+06
1.134918000000000000e+06
9.007410000000000000e+05
1.310210000000000000e+06
1.004389000000000000e+06
1.822043000000000000e+06
1.289212000000000000e+06
9.088210000000000000e+05
1.528580000000000000e+05
1.593750000000000000e+05
6.710980000000000000e+05
1.382940000000000000e+06
1.222034000000000000e+06
9.300380000000000000e+05
1.352572000000000000e+06
2.790400000000000000e+05
1.640868000000000000e+06
6.900320000000000000e+05
1.247815000000000000e+06
6.746020000000000000e+05
1.656181000000000000e+06
1.668070000000000000e+05
8.799000000000000000e+03
1.268210000000000000e+06
1.760219000000000000e+06
1.338712000000000000e+06
1.695512000000000000e+06
1.618153000000000000e+06
5.005110000000000000e+05
1.412852000000000000e+06
2.846830000000000000e+05
1.434114000000000000e+06
9.174490000000000000e+05
1.739316000000000000e+06
1.080097000000000000e+06
1.085625000000000000e+06
5.781540000000000000e+05
1.643914000000000000e+06
1.651912000000000000e+06
6.573410000000000000e+05
1.442752000000000000e+06
1.384785000000000000e+06
8.299710000000000000e+05
1.429750000000000000e+05
3.505470000000000000e+05
2.513160000000000000e+05
1.375630000000000000e+06
1.031803000000000000e+06
1.646516000000000000e+06
1.484275000000000000e+06
1.644353000000000000e+06
1.252206000000000000e+06
6.595130000000000000e+05
1.309180000000000000e+06
4.643500000000000000e+04
1.248300000000000000e+04
1.763088000000000000e+06
1.327915000000000000e+06
9.815750000000000000e+05
5.409250000000000000e+05
6.641550000000000000e+05
1.652317000000000000e+06
1.453673000000000000e+06
4.197500000000000000e+05
1.223050000000000000e+05
1.351740000000000000e+05
4.425000000000000000e+04
1.994750000000000000e+05
1.096487000000000000e+06
4.981950000000000000e+05
1.190198000000000000e+06
1.528920000000000000e+05
1.652866000000000000e+06
1.194658000000000000e+06
1.052268000000000000e+06
2.590710000000000000e+05
1.060650000000000000e+06
4.366130000000000000e+05
9.498390000000000000e+05
1.605523000000000000e+06
1.485000000000000000e+03
6.810080000000000000e+05
2.652150000000000000e+05
1.323355000000000000e+06
1.268427000000000000e+06
6.597760000000000000e+05
1.744408000000000000e+06
1.140249000000000000e+06
1.574812000000000000e+06
4.636960000000000000e+05
4.214660000000000000e+05
1.386032000000000000e+06
1.069149000000000000e+06
4.382660000000000000e+05
1.259320000000000000e+06
6.232100000000000000e+05
1.688832000000000000e+06
8.058100000000000000e+04
9.393800000000000000e+05
1.971410000000000000e+05
2.899980000000000000e+05
2.128630000000000000e+05
1.294984000000000000e+06
1.142958000000000000e+06
4.364590000000000000e+05
1.834879000000000000e+06
1.371781000000000000e+06
1.114045000000000000e+06
5.030990000000000000e+05
1.258470000000000000e+06
1.734280000000000000e+05
1.115359000000000000e+06
1.596091000000000000e+06
1.662887000000000000e+06
1.094272000000000000e+06
1.044603000000000000e+06
3.087280000000000000e+05
4.629790000000000000e+05
1.368113000000000000e+06
2.650890000000000000e+05
2.442850000000000000e+05
1.312053000000000000e+06
1.696008000000000000e+06
1.665415000000000000e+06
1.177450000000000000e+05
2.295210000000000000e+05
2.684810000000000000e+05
1.738688000000000000e+06
6.755650000000000000e+05
3.455230000000000000e+05
5.050390000000000000e+05
1.229732000000000000e+06
1.235521000000000000e+06
7.377650000000000000e+05
1.318157000000000000e+06
2.664400000000000000e+04
2.686710000000000000e+05
1.077526000000000000e+06
1.219398000000000000e+06
1.340887000000000000e+06
1.141495000000000000e+06
1.632920000000000000e+06
3.201940000000000000e+05
8.216250000000000000e+05
1.685405000000000000e+06
1.318327000000000000e+06
1.345406000000000000e+06
1.940390000000000000e+05
1.355790000000000000e+05
9.865380000000000000e+05
5.614810000000000000e+05
2.668810000000000000e+05
7.022090000000000000e+05
1.412730000000000000e+05
9.328060000000000000e+05
2.975530000000000000e+05
3.192950000000000000e+05
1.254358000000000000e+06
4.980930000000000000e+05
1.213644000000000000e+06
1.511999000000000000e+06
1.308293000000000000e+06
1.608966000000000000e+06
1.441249000000000000e+06
2.005910000000000000e+05
1.978550000000000000e+05
1.336092000000000000e+06
2.400960000000000000e+05
1.490480000000000000e+05
1.273820000000000000e+05
1.253581000000000000e+06
1.262065000000000000e+06
2.587530000000000000e+05
6.579400000000000000e+04
1.055496000000000000e+06
1.827162000000000000e+06
6.683420000000000000e+05
7.200710000000000000e+05
1.313686000000000000e+06
1.702120000000000000e+05
2.109630000000000000e+05
1.525754000000000000e+06
1.309119000000000000e+06
1.753149000000000000e+06
1.111700000000000000e+05
1.966740000000000000e+05
1.276669000000000000e+06
1.620425000000000000e+06
4.177140000000000000e+05
7.824000000000000000e+05
8.637050000000000000e+05
9.539260000000000000e+05
1.691421000000000000e+06
1.657388000000000000e+06
1.660960000000000000e+05
2.883000000000000000e+05
1.808526000000000000e+06
6.569870000000000000e+05
1.086693000000000000e+06
1.707718000000000000e+06
1.384945000000000000e+06
1.776587000000000000e+06
1.648888000000000000e+06
2.311900000000000000e+04
6.946700000000000000e+04
2.464760000000000000e+05
1.758384000000000000e+06
1.543730000000000000e+05
5.235240000000000000e+05
1.193876000000000000e+06
1.692843000000000000e+06
6.882980000000000000e+05
3.779110000000000000e+05
1.233477000000000000e+06
1.370823000000000000e+06
1.059129000000000000e+06
4.577900000000000000e+05
1.364966000000000000e+06
2.710700000000000000e+05
7.276580000000000000e+05
5.356540000000000000e+05
7.257840000000000000e+05
1.217917000000000000e+06
1.156576000000000000e+06
8.236000000000000000e+04
1.384223000000000000e+06
1.711193000000000000e+06
1.843509000000000000e+06
1.698532000000000000e+06
1.461510000000000000e+05
5.771940000000000000e+05
2.808810000000000000e+05
3.884710000000000000e+05
1.036420000000000000e+06
1.689417000000000000e+06
1.707296000000000000e+06
1.336414000000000000e+06
1.126881000000000000e+06
2.032460000000000000e+05
1.037216000000000000e+06
7.288120000000000000e+05
1.011238000000000000e+06
5.937550000000000000e+05
1.643927000000000000e+06
1.893550000000000000e+05
1.190573000000000000e+06
1.415940000000000000e+05
8.977700000000000000e+04
6.443430000000000000e+05
7.621600000000000000e+04
1.782987000000000000e+06
1.833735000000000000e+06
1.269588000000000000e+06
1.388347000000000000e+06
1.323842000000000000e+06
1.187517000000000000e+06
3.423500000000000000e+05
5.223700000000000000e+04
1.169868000000000000e+06
1.650959000000000000e+06
1.309360000000000000e+05
2.652160000000000000e+05
1.165629000000000000e+06
1.845720000000000000e+06
7.243200000000000000e+05
1.646878000000000000e+06
1.820469000000000000e+06
1.288723000000000000e+06
9.104600000000000000e+05
1.462479000000000000e+06
6.899100000000000000e+04
1.177210000000000000e+05
1.052609000000000000e+06
1.163103000000000000e+06
2.812740000000000000e+05
1.485357000000000000e+06
1.089690000000000000e+06
1.252646000000000000e+06
1.687234000000000000e+06
4.715570000000000000e+05
1.064635000000000000e+06
1.366220000000000000e+06
2.025750000000000000e+05
6.240500000000000000e+04
5.245500000000000000e+04
6.477990000000000000e+05
1.395590000000000000e+05
2.714470000000000000e+05
6.708070000000000000e+05
3.793800000000000000e+05
1.780075000000000000e+06
7.172270000000000000e+05
1.569254000000000000e+06
1.230633000000000000e+06
1.195839000000000000e+06
2.002860000000000000e+05
6.374100000000000000e+05
7.653150000000000000e+05
1.374767000000000000e+06
5.842470000000000000e+05
1.526326000000000000e+06
6.593500000000000000e+04
8.857110000000000000e+05
3.893700000000000000e+05
1.799125000000000000e+06
1.454782000000000000e+06
4.586240000000000000e+05
1.673636000000000000e+06
1.227192000000000000e+06
1.661858000000000000e+06
1.322713000000000000e+06
1.629145000000000000e+06
1.625100000000000000e+04
1.479120000000000000e+06
9.162340000000000000e+05
2.220740000000000000e+05
7.763100000000000000e+04
1.751379000000000000e+06
1.308420000000000000e+05
1.080829000000000000e+06
1.144402000000000000e+06
5.799870000000000000e+05
1.743075000000000000e+06
9.879400000000000000e+05
1.010386000000000000e+06
1.216609000000000000e+06
2.663980000000000000e+05
1.320900000000000000e+04
2.742710000000000000e+05
2.738940000000000000e+05
1.471241000000000000e+06
2.134920000000000000e+05
1.769131000000000000e+06
1.683800000000000000e+05
9.398440000000000000e+05
1.273898000000000000e+06
1.331848000000000000e+06
7.446600000000000000e+04
1.620650000000000000e+06
1.347420000000000000e+06
1.427924000000000000e+06
1.295029000000000000e+06
1.142457000000000000e+06
3.813980000000000000e+05
1.674640000000000000e+06
1.295391000000000000e+06
8.260300000000000000e+04
1.244250000000000000e+06
5.948790000000000000e+05
1.670457000000000000e+06
1.772825000000000000e+06
9.188350000000000000e+05
1.416930000000000000e+05
1.967660000000000000e+05
1.745747000000000000e+06
1.263272000000000000e+06
2.410410000000000000e+05
4.020680000000000000e+05
1.415603000000000000e+06
1.306095000000000000e+06
9.988710000000000000e+05
1.646576000000000000e+06
6.570990000000000000e+05
1.761020000000000000e+05
1.756624000000000000e+06
1.238045000000000000e+06
1.489328000000000000e+06
2.211650000000000000e+05
3.391080000000000000e+05
1.452246000000000000e+06
1.490787000000000000e+06
7.280900000000000000e+05
1.527380000000000000e+06
1.371767000000000000e+06
1.370317000000000000e+06
1.768088000000000000e+06
1.378725000000000000e+06
1.001767000000000000e+06
1.496796000000000000e+06
1.741829000000000000e+06
1.127988000000000000e+06
3.827850000000000000e+05
1.453116000000000000e+06
6.716820000000000000e+05
6.970200000000000000e+04
7.248420000000000000e+05
1.856672000000000000e+06
1.224609000000000000e+06
6.576090000000000000e+05
1.457014000000000000e+06
1.705978000000000000e+06
1.180358000000000000e+06
6.138330000000000000e+05
1.000405000000000000e+06
2.247770000000000000e+05
4.636350000000000000e+05
1.055203000000000000e+06
1.080361000000000000e+06
2.902700000000000000e+05
1.324401000000000000e+06
1.691300000000000000e+06
3.899310000000000000e+05
1.236658000000000000e+06
8.380400000000000000e+04
5.796330000000000000e+05
1.252585000000000000e+06
3.013100000000000000e+04
6.714290000000000000e+05
1.107434000000000000e+06
1.177262000000000000e+06
2.589680000000000000e+05
1.020052000000000000e+06
1.631351000000000000e+06
5.721680000000000000e+05
5.237600000000000000e+04
3.297970000000000000e+05
2.836150000000000000e+05
5.598200000000000000e+04
1.431442000000000000e+06
3.876150000000000000e+05
6.770230000000000000e+05
1.458233000000000000e+06
5.585590000000000000e+05
7.876690000000000000e+05
8.473710000000000000e+05
5.356000000000000000e+04
1.707870000000000000e+05
4.058030000000000000e+05
1.389872000000000000e+06
5.332210000000000000e+05
3.141140000000000000e+05
1.762495000000000000e+06
4.699110000000000000e+05
5.413840000000000000e+05
1.698995000000000000e+06
1.396891000000000000e+06
1.179881000000000000e+06
1.490412000000000000e+06
1.606570000000000000e+06
2.558070000000000000e+05
2.617690000000000000e+05
7.595210000000000000e+05
7.029390000000000000e+05
1.472385000000000000e+06
1.718197000000000000e+06
1.248400000000000000e+06
5.518570000000000000e+05
2.562710000000000000e+05
7.244540000000000000e+05
1.493921000000000000e+06
1.080859000000000000e+06
9.658000000000000000e+05
5.959390000000000000e+05
4.607500000000000000e+05
3.810800000000000000e+04
5.998040000000000000e+05
1.416666000000000000e+06
1.030772000000000000e+06
2.580970000000000000e+05
4.031450000000000000e+05
1.848288000000000000e+06
1.690981000000000000e+06
9.312720000000000000e+05
2.761350000000000000e+05
1.649763000000000000e+06
1.318112000000000000e+06
1.083746000000000000e+06
3.671400000000000000e+05
2.598960000000000000e+05
1.927800000000000000e+04
1.674469000000000000e+06
2.256600000000000000e+04
1.633334000000000000e+06
6.164050000000000000e+05
1.841011000000000000e+06
1.372573000000000000e+06
1.601361000000000000e+06
1.765989000000000000e+06
1.266293000000000000e+06
2.781570000000000000e+05
1.061907000000000000e+06
6.497750000000000000e+05
1.363353000000000000e+06
1.780532000000000000e+06
4.702090000000000000e+05
1.773326000000000000e+06
1.432608000000000000e+06
6.508100000000000000e+04
1.292130000000000000e+06
9.543820000000000000e+05
4.401230000000000000e+05
1.113847000000000000e+06
6.746800000000000000e+04
1.308714000000000000e+06
1.220195000000000000e+06
1.577553000000000000e+06
8.094200000000000000e+04
1.268249000000000000e+06
1.206343000000000000e+06
1.831600000000000000e+05
5.695830000000000000e+05
1.341734000000000000e+06
6.764140000000000000e+05
1.764700000000000000e+05
6.902580000000000000e+05
1.117955000000000000e+06
1.263211000000000000e+06
1.720780000000000000e+05
7.037980000000000000e+05
8.823870000000000000e+05
1.223637000000000000e+06
4.513840000000000000e+05
1.207781000000000000e+06
1.749784000000000000e+06
1.635776000000000000e+06
1.347964000000000000e+06
1.511783000000000000e+06
1.283438000000000000e+06
3.152450000000000000e+05
1.159660000000000000e+06
5.603460000000000000e+05
1.051809000000000000e+06
1.081447000000000000e+06
4.675580000000000000e+05
9.140620000000000000e+05
3.606980000000000000e+05
6.592870000000000000e+05
1.203740000000000000e+05
1.659293000000000000e+06
1.812590000000000000e+06
1.439962000000000000e+06
5.842730000000000000e+05
7.525300000000000000e+04
1.285631000000000000e+06
6.637090000000000000e+05
1.666337000000000000e+06
1.613894000000000000e+06
1.633982000000000000e+06
1.315988000000000000e+06
7.442600000000000000e+05
1.075262000000000000e+06
1.326437000000000000e+06
1.184165000000000000e+06
1.368570000000000000e+06
2.744000000000000000e+04
7.010440000000000000e+05
2.808680000000000000e+05
4.771160000000000000e+05
1.147986000000000000e+06
1.206317000000000000e+06
1.661176000000000000e+06
1.216893000000000000e+06
7.221200000000000000e+04
1.213714000000000000e+06
1.058244000000000000e+06
1.242589000000000000e+06
1.741734000000000000e+06
1.251035000000000000e+06
1.639011000000000000e+06
1.710132000000000000e+06
1.308981000000000000e+06
2.395260000000000000e+05
1.624312000000000000e+06
1.652170000000000000e+05
2.786250000000000000e+05
1.339904000000000000e+06
6.648060000000000000e+05
7.097740000000000000e+05
1.327939000000000000e+06
1.433284000000000000e+06
4.396110000000000000e+05
1.294108000000000000e+06
1.559050000000000000e+05
1.826560000000000000e+06
1.075998000000000000e+06
1.585078000000000000e+06
1.848682000000000000e+06
6.604350000000000000e+05
1.808808000000000000e+06
1.634233000000000000e+06
1.739778000000000000e+06
7.590870000000000000e+05
1.464955000000000000e+06
9.343300000000000000e+05
1.316221000000000000e+06
1.343055000000000000e+06
2.438880000000000000e+05
6.405050000000000000e+05
1.800944000000000000e+06
1.637970000000000000e+05
1.142438000000000000e+06
1.926990000000000000e+05
7.085370000000000000e+05
1.623298000000000000e+06
3.895620000000000000e+05
9.715000000000000000e+03
1.743766000000000000e+06
1.599610000000000000e+05
1.080012000000000000e+06
9.047240000000000000e+05
2.070660000000000000e+05
1.480812000000000000e+06
1.729924000000000000e+06
1.204757000000000000e+06
1.977260000000000000e+05
1.745375000000000000e+06
9.206390000000000000e+05
1.618010000000000000e+06
5.820570000000000000e+05
4.384760000000000000e+05
6.589800000000000000e+04
5.832710000000000000e+05
1.257349000000000000e+06
1.194648000000000000e+06
1.638683000000000000e+06
1.170551000000000000e+06
1.345148000000000000e+06
1.729440000000000000e+06
1.196992000000000000e+06
1.620870000000000000e+05
7.235290000000000000e+05
1.368915000000000000e+06
6.666800000000000000e+05
1.566080000000000000e+05
1.546970000000000000e+05
1.433396000000000000e+06
1.687055000000000000e+06
1.644960000000000000e+05
1.494701000000000000e+06
8.195640000000000000e+05
7.898960000000000000e+05
4.905280000000000000e+05
1.808675000000000000e+06
5.014000000000000000e+04
1.276801000000000000e+06
1.219137000000000000e+06
7.142540000000000000e+05
4.770110000000000000e+05
1.256708000000000000e+06
1.249591000000000000e+06
3.127360000000000000e+05
7.460300000000000000e+04
1.402110000000000000e+05
1.230366000000000000e+06
8.906000000000000000e+05
1.682384000000000000e+06
1.702800000000000000e+04
1.638410000000000000e+05
9.412850000000000000e+05
1.685257000000000000e+06
1.500400000000000000e+04
1.812614000000000000e+06
4.972960000000000000e+05
1.059472000000000000e+06
1.650680000000000000e+06
1.192740000000000000e+05
1.364610000000000000e+05
4.665010000000000000e+05
1.232300000000000000e+06
1.346350000000000000e+05
3.793700000000000000e+05
1.368494000000000000e+06
2.614120000000000000e+05
1.762595000000000000e+06
8.904330000000000000e+05
1.391210000000000000e+05
7.607400000000000000e+04
5.992230000000000000e+05
2.719490000000000000e+05
6.193390000000000000e+05
2.987000000000000000e+04
1.441078000000000000e+06
1.324028000000000000e+06
1.634007000000000000e+06
1.489536000000000000e+06
1.934880000000000000e+05
4.720790000000000000e+05
1.100208000000000000e+06
1.755160000000000000e+05
6.235290000000000000e+05
9.390730000000000000e+05
1.340078000000000000e+06
9.295150000000000000e+05
7.379520000000000000e+05
1.523932000000000000e+06
1.254904000000000000e+06
2.081690000000000000e+05
4.014150000000000000e+05
1.597071000000000000e+06
6.598850000000000000e+05
5.702010000000000000e+05
1.477788000000000000e+06
4.819220000000000000e+05
1.605167000000000000e+06
1.140215000000000000e+06
1.444090000000000000e+06
7.639170000000000000e+05
1.202373000000000000e+06
1.359678000000000000e+06
2.800580000000000000e+05
1.300032000000000000e+06
1.194953000000000000e+06
2.574890000000000000e+05
1.140529000000000000e+06
3.339030000000000000e+05
1.026509000000000000e+06
1.706200000000000000e+05
1.343167000000000000e+06
3.226110000000000000e+05
1.158239000000000000e+06
1.808647000000000000e+06
2.323610000000000000e+05
6.311540000000000000e+05
1.661878000000000000e+06
9.293750000000000000e+05
1.092724000000000000e+06
1.601996000000000000e+06
1.639780000000000000e+06
1.221722000000000000e+06
5.040700000000000000e+04
1.811277000000000000e+06
7.377780000000000000e+05
2.321400000000000000e+05
1.064652000000000000e+06
6.837610000000000000e+05
1.673329000000000000e+06
5.004320000000000000e+05
6.159600000000000000e+04
1.520568000000000000e+06
2.925220000000000000e+05
4.681950000000000000e+05
5.847560000000000000e+05
1.241800000000000000e+06
3.213320000000000000e+05
3.153300000000000000e+04
1.495663000000000000e+06
1.262770000000000000e+06
1.390528000000000000e+06
1.057909000000000000e+06
1.441282000000000000e+06
2.329670000000000000e+05
1.383492000000000000e+06
1.095238000000000000e+06
1.734733000000000000e+06
1.742652000000000000e+06
3.963430000000000000e+05
1.337235000000000000e+06
1.787483000000000000e+06
1.812981000000000000e+06
2.552310000000000000e+05
6.652000000000000000e+03
1.202436000000000000e+06
3.057040000000000000e+05
2.148020000000000000e+05
1.097163000000000000e+06
1.074245000000000000e+06
2.787920000000000000e+05
2.235780000000000000e+05
4.196300000000000000e+04
1.596591000000000000e+06
1.710531000000000000e+06
1.385932000000000000e+06
1.083019000000000000e+06
2.485500000000000000e+05
1.444043000000000000e+06
1.204200000000000000e+04
1.024448000000000000e+06
1.575019000000000000e+06
8.651300000000000000e+04
1.402528000000000000e+06
4.721450000000000000e+05
1.068442000000000000e+06
1.155167000000000000e+06
1.341050000000000000e+06
6.482500000000000000e+05
1.231362000000000000e+06
3.636690000000000000e+05
1.615243000000000000e+06
5.330590000000000000e+05
1.227059000000000000e+06
1.114933000000000000e+06
2.791220000000000000e+05
8.160100000000000000e+04
1.529300000000000000e+05
1.775700000000000000e+04
6.436400000000000000e+05
5.575470000000000000e+05
1.350546000000000000e+06
1.519993000000000000e+06
1.607062000000000000e+06
3.858200000000000000e+05
1.577600000000000000e+05
1.369211000000000000e+06
4.536680000000000000e+05
1.128210000000000000e+06
1.455793000000000000e+06
4.196160000000000000e+05
1.476392000000000000e+06
1.113953000000000000e+06
3.455380000000000000e+05
1.212608000000000000e+06
1.706898000000000000e+06
7.181520000000000000e+05
1.919810000000000000e+05
6.610500000000000000e+05
6.667130000000000000e+05
1.777939000000000000e+06
4.358380000000000000e+05
1.826186000000000000e+06
1.686318000000000000e+06
5.954730000000000000e+05
1.418171000000000000e+06
1.250134000000000000e+06
1.756304000000000000e+06
1.143513000000000000e+06
4.692930000000000000e+05
1.626005000000000000e+06
3.827400000000000000e+05
9.806360000000000000e+05
1.800974000000000000e+06
6.209700000000000000e+04
1.505227000000000000e+06
1.661428000000000000e+06
1.729376000000000000e+06
4.903340000000000000e+05
9.000580000000000000e+05
1.320553000000000000e+06
4.373370000000000000e+05
1.701052000000000000e+06
8.095360000000000000e+05
8.424250000000000000e+05
1.632605000000000000e+06
2.256880000000000000e+05
5.173000000000000000e+04
1.105552000000000000e+06
1.113380000000000000e+06
3.577020000000000000e+05
1.549843000000000000e+06
1.163157000000000000e+06
1.131406000000000000e+06
2.844560000000000000e+05
1.651092000000000000e+06
1.268118000000000000e+06
6.764360000000000000e+05
1.196672000000000000e+06
1.243813000000000000e+06
1.789940000000000000e+05
5.624020000000000000e+05
1.445928000000000000e+06
1.471733000000000000e+06
1.080440000000000000e+06
1.264889000000000000e+06
9.785100000000000000e+05
3.534960000000000000e+05
6.902840000000000000e+05
1.692849000000000000e+06
1.196970000000000000e+06
2.753140000000000000e+05
1.217194000000000000e+06
1.350613000000000000e+06
7.706160000000000000e+05
1.717234000000000000e+06
1.598686000000000000e+06
2.976700000000000000e+05
1.766350000000000000e+06
1.391234000000000000e+06
1.026661000000000000e+06
1.605080000000000000e+05
1.842157000000000000e+06
3.114190000000000000e+05
1.676707000000000000e+06
2.926260000000000000e+05
1.638677000000000000e+06
1.245350000000000000e+05
1.657969000000000000e+06
1.367651000000000000e+06
1.211356000000000000e+06
1.441805000000000000e+06
1.268228000000000000e+06
4.167470000000000000e+05
1.464849000000000000e+06
2.251000000000000000e+05
3.895250000000000000e+05
2.854440000000000000e+05
1.654401000000000000e+06
1.812372000000000000e+06
4.180580000000000000e+05
5.416550000000000000e+05
5.699570000000000000e+05
1.136555000000000000e+06
2.668480000000000000e+05
1.334112000000000000e+06
7.406400000000000000e+04
1.456987000000000000e+06
1.367259000000000000e+06
1.184983000000000000e+06
1.489318000000000000e+06
1.604040000000000000e+06
7.167590000000000000e+05
1.147363000000000000e+06
4.693050000000000000e+05
1.255201000000000000e+06
1.074280000000000000e+06
9.322540000000000000e+05
5.990880000000000000e+05
1.779557000000000000e+06
6.690260000000000000e+05
9.203100000000000000e+05
1.240258000000000000e+06
1.390566000000000000e+06
1.259194000000000000e+06
5.812560000000000000e+05
4.303140000000000000e+05
1.196655000000000000e+06
1.831973000000000000e+06
1.808494000000000000e+06
5.736160000000000000e+05
1.457710000000000000e+06
5.930540000000000000e+05
5.644280000000000000e+05
2.572080000000000000e+05
7.204220000000000000e+05
1.060657000000000000e+06
8.982560000000000000e+05
1.711222000000000000e+06
2.080150000000000000e+05
1.843171000000000000e+06
6.644640000000000000e+05
4.098910000000000000e+05
6.462560000000000000e+05
1.232734000000000000e+06
1.256404000000000000e+06
7.991100000000000000e+04
8.086300000000000000e+04
1.833626000000000000e+06
1.708217000000000000e+06
1.591993000000000000e+06
2.001020000000000000e+05
1.405538000000000000e+06
1.030949000000000000e+06
2.544650000000000000e+05
1.294826000000000000e+06
2.824180000000000000e+05
1.313056000000000000e+06
4.267800000000000000e+04
1.229370000000000000e+05
6.685220000000000000e+05
6.632790000000000000e+05
6.580800000000000000e+04
1.655576000000000000e+06
3.802680000000000000e+05
1.556946000000000000e+06
1.319372000000000000e+06
1.616044000000000000e+06
1.905800000000000000e+04
1.355840000000000000e+05
3.920400000000000000e+04
1.284493000000000000e+06
1.475223000000000000e+06
1.453256000000000000e+06
1.254344000000000000e+06
1.789077000000000000e+06
1.058423000000000000e+06
1.773365000000000000e+06
5.799140000000000000e+05
1.480625000000000000e+06
1.833866000000000000e+06
1.276410000000000000e+06
1.209008000000000000e+06
1.471315000000000000e+06
1.476345000000000000e+06
1.706800000000000000e+05
3.294020000000000000e+05
1.593517000000000000e+06
1.821966000000000000e+06
1.468719000000000000e+06
1.493203000000000000e+06
4.948590000000000000e+05
1.259520000000000000e+06
5.782100000000000000e+04
2.150360000000000000e+05
1.666628000000000000e+06
1.710560000000000000e+06
1.077735000000000000e+06
