2.662510000000000000e+05
1.122680000000000000e+06
9.251830000000000000e+05
1.320025000000000000e+06
1.137062000000000000e+06
1.263933000000000000e+06
1.134984000000000000e+06
1.177462000000000000e+06
1.605874000000000000e+06
2.661920000000000000e+05
1.740427000000000000e+06
1.178583000000000000e+06
1.374731000000000000e+06
9.281610000000000000e+05
1.693772000000000000e+06
2.648260000000000000e+05
1.124149000000000000e+06
5.521090000000000000e+05
8.704200000000000000e+04
2.661510000000000000e+05
1.318826000000000000e+06
9.193810000000000000e+05
1.750821000000000000e+06
1.335036000000000000e+06
1.017233000000000000e+06
9.252300000000000000e+05
4.622900000000000000e+05
1.695946000000000000e+06
1.694497000000000000e+06
1.130729000000000000e+06
8.366300000000000000e+04
1.180360000000000000e+05
1.167279000000000000e+06
1.063343000000000000e+06
1.691962000000000000e+06
1.063165000000000000e+06
9.243680000000000000e+05
3.861710000000000000e+05
1.217856000000000000e+06
1.065626000000000000e+06
1.375860000000000000e+06
1.766203000000000000e+06
1.126724000000000000e+06
1.161599000000000000e+06
2.669310000000000000e+05
9.104670000000000000e+05
1.092724000000000000e+06
1.300848000000000000e+06
2.746560000000000000e+05
1.142958000000000000e+06
5.695830000000000000e+05
1.716000000000000000e+04
1.249967000000000000e+06
1.320006000000000000e+06
1.677025000000000000e+06
4.633150000000000000e+05
1.669998000000000000e+06
4.644340000000000000e+05
1.640358000000000000e+06
5.687470000000000000e+05
1.634627000000000000e+06
1.337931000000000000e+06
4.514580000000000000e+05
2.726380000000000000e+05
1.006226000000000000e+06
9.054370000000000000e+05
3.852670000000000000e+05
2.316870000000000000e+05
1.217389000000000000e+06
1.798152000000000000e+06
1.319047000000000000e+06
1.708280000000000000e+06
1.074889000000000000e+06
1.972640000000000000e+05
1.134336000000000000e+06
1.843200000000000000e+04
1.508588000000000000e+06
6.402480000000000000e+05
2.645370000000000000e+05
1.641107000000000000e+06
1.693904000000000000e+06
1.121681000000000000e+06
9.249610000000000000e+05
4.682110000000000000e+05
6.718540000000000000e+05
1.766612000000000000e+06
1.592000000000000000e+03
5.880950000000000000e+05
5.510090000000000000e+05
1.206299000000000000e+06
1.543666000000000000e+06
5.649490000000000000e+05
1.670457000000000000e+06
9.052770000000000000e+05
1.344194000000000000e+06
9.118000000000000000e+05
1.120602000000000000e+06
1.585010000000000000e+05
9.637490000000000000e+05
2.589680000000000000e+05
1.823300000000000000e+05
1.711225000000000000e+06
1.739916000000000000e+06
1.799670000000000000e+05
1.272790000000000000e+05
1.606502000000000000e+06
2.818870000000000000e+05
1.319512000000000000e+06
1.607982000000000000e+06
1.607610000000000000e+06
1.525075000000000000e+06
1.468277000000000000e+06
1.368397000000000000e+06
2.764730000000000000e+05
1.265730000000000000e+06
1.498376000000000000e+06
1.264777000000000000e+06
1.910750000000000000e+05
1.121785000000000000e+06
1.031412000000000000e+06
2.293710000000000000e+05
5.499460000000000000e+05
1.132185000000000000e+06
6.943300000000000000e+04
1.137002000000000000e+06
1.180233000000000000e+06
1.097800000000000000e+04
1.676123000000000000e+06
9.135770000000000000e+05
1.507787000000000000e+06
1.338344000000000000e+06
9.534580000000000000e+05
4.796510000000000000e+05
1.156136000000000000e+06
6.139020000000000000e+05
1.231861000000000000e+06
3.460390000000000000e+05
4.988190000000000000e+05
6.341180000000000000e+05
1.110707000000000000e+06
5.862830000000000000e+05
1.476431000000000000e+06
1.185086000000000000e+06
1.304447000000000000e+06
2.830500000000000000e+05
1.751908000000000000e+06
2.997500000000000000e+05
1.848754000000000000e+06
1.213207000000000000e+06
1.248464000000000000e+06
5.136840000000000000e+05
9.077510000000000000e+05
1.462479000000000000e+06
4.709770000000000000e+05
1.587918000000000000e+06
1.138223000000000000e+06
4.690250000000000000e+05
9.165660000000000000e+05
5.162250000000000000e+05
1.402317000000000000e+06
9.028940000000000000e+05
1.693747000000000000e+06
1.640865000000000000e+06
5.459310000000000000e+05
1.547238000000000000e+06
1.023783000000000000e+06
1.320568000000000000e+06
2.648540000000000000e+05
1.708600000000000000e+06
3.839200000000000000e+05
1.833917000000000000e+06
1.014432000000000000e+06
5.032180000000000000e+05
1.395500000000000000e+05
5.416570000000000000e+05
1.605167000000000000e+06
5.681880000000000000e+05
2.128630000000000000e+05
6.694870000000000000e+05
1.350546000000000000e+06
1.300130000000000000e+06
3.497600000000000000e+04
1.185718000000000000e+06
1.250594000000000000e+06
1.366480000000000000e+05
1.128342000000000000e+06
1.485480000000000000e+06
6.400100000000000000e+05
1.150600000000000000e+06
1.403980000000000000e+05
2.663160000000000000e+05
2.784850000000000000e+05
6.543350000000000000e+05
1.930280000000000000e+05
1.607950000000000000e+06
2.149730000000000000e+05
1.832644000000000000e+06
1.306864000000000000e+06
1.116038000000000000e+06
2.090940000000000000e+05
1.765550000000000000e+06
9.366440000000000000e+05
5.660810000000000000e+05
1.842447000000000000e+06
1.514466000000000000e+06
6.336640000000000000e+05
1.494816000000000000e+06
1.751004000000000000e+06
1.252770000000000000e+06
6.463740000000000000e+05
1.378960000000000000e+06
1.633541000000000000e+06
1.200701000000000000e+06
1.265587000000000000e+06
1.104502000000000000e+06
1.008609000000000000e+06
2.854220000000000000e+05
1.639063000000000000e+06
2.647920000000000000e+05
4.466500000000000000e+04
9.282950000000000000e+05
1.130585000000000000e+06
3.860110000000000000e+05
1.102780000000000000e+06
1.608966000000000000e+06
1.266927000000000000e+06
1.082100000000000000e+04
1.856552000000000000e+06
1.063450000000000000e+06
3.354500000000000000e+04
1.438610000000000000e+06
1.457475000000000000e+06
1.065410000000000000e+06
1.821972000000000000e+06
1.218392000000000000e+06
8.943970000000000000e+05
2.628270000000000000e+05
1.596091000000000000e+06
1.379005000000000000e+06
1.602970000000000000e+06
1.500959000000000000e+06
1.693666000000000000e+06
1.692772000000000000e+06
6.718570000000000000e+05
1.435456000000000000e+06
1.556200000000000000e+04
5.930210000000000000e+05
1.470460000000000000e+05
1.012299000000000000e+06
8.680730000000000000e+05
1.752411000000000000e+06
1.269588000000000000e+06
1.503110000000000000e+06
1.336034000000000000e+06
1.136919000000000000e+06
1.167290000000000000e+06
1.623700000000000000e+04
1.274730000000000000e+06
4.414670000000000000e+05
4.473300000000000000e+04
1.165492000000000000e+06
1.689889000000000000e+06
1.384492000000000000e+06
1.766355000000000000e+06
5.301530000000000000e+05
1.582354000000000000e+06
1.669920000000000000e+06
1.604990000000000000e+06
1.902900000000000000e+05
1.349810000000000000e+06
1.136976000000000000e+06
9.042800000000000000e+04
9.142000000000000000e+03
6.837640000000000000e+05
1.800761000000000000e+06
1.752280000000000000e+05
9.179200000000000000e+04
2.172000000000000000e+05
1.014782000000000000e+06
1.524800000000000000e+06
2.687600000000000000e+04
6.752240000000000000e+05
1.788628000000000000e+06
9.265000000000000000e+05
1.300937000000000000e+06
8.420300000000000000e+04
1.167246000000000000e+06
1.733872000000000000e+06
9.639130000000000000e+05
1.656181000000000000e+06
1.749784000000000000e+06
1.822105000000000000e+06
