1.123268000000000000e+06
1.010598000000000000e+06
2.651730000000000000e+05
1.120950000000000000e+06
1.122950000000000000e+06
1.015295000000000000e+06
1.118560000000000000e+06
1.123844000000000000e+06
1.123471000000000000e+06
1.012464000000000000e+06
4.948970000000000000e+05
1.118645000000000000e+06
3.175050000000000000e+05
1.114552000000000000e+06
9.941090000000000000e+05
1.739830000000000000e+06
1.004749000000000000e+06
1.766164000000000000e+06
1.129282000000000000e+06
1.172423000000000000e+06
1.005700000000000000e+06
1.017986000000000000e+06
9.616240000000000000e+05
1.605466000000000000e+06
1.263873000000000000e+06
1.115869000000000000e+06
1.451816000000000000e+06
1.694455000000000000e+06
2.658210000000000000e+05
2.662170000000000000e+05
2.837710000000000000e+05
2.882830000000000000e+05
9.514560000000000000e+05
1.533758000000000000e+06
1.617098000000000000e+06
8.940130000000000000e+05
5.504130000000000000e+05
1.075581000000000000e+06
1.478883000000000000e+06
1.838203000000000000e+06
5.308280000000000000e+05
4.917420000000000000e+05
1.692393000000000000e+06
4.554890000000000000e+05
1.177540000000000000e+06
1.166886000000000000e+06
1.247120000000000000e+05
9.759300000000000000e+04
9.771410000000000000e+05
1.183966000000000000e+06
4.262220000000000000e+05
2.836300000000000000e+04
1.517992000000000000e+06
5.662180000000000000e+05
1.116457000000000000e+06
1.028202000000000000e+06
9.530530000000000000e+05
1.131908000000000000e+06
1.022039000000000000e+06
5.051050000000000000e+05
1.337185000000000000e+06
1.054677000000000000e+06
4.338860000000000000e+05
1.122788000000000000e+06
1.085048000000000000e+06
1.399736000000000000e+06
1.125051000000000000e+06
5.860210000000000000e+05
2.536200000000000000e+05
7.560150000000000000e+05
2.684740000000000000e+05
1.693601000000000000e+06
1.818123000000000000e+06
5.870650000000000000e+05
4.161530000000000000e+05
4.415140000000000000e+05
2.731500000000000000e+04
1.279788000000000000e+06
1.396544000000000000e+06
4.334870000000000000e+05
6.113970000000000000e+05
2.601160000000000000e+05
1.693720000000000000e+05
1.660681000000000000e+06
1.513535000000000000e+06
1.645497000000000000e+06
1.531773000000000000e+06
1.085529000000000000e+06
1.751004000000000000e+06
1.493194000000000000e+06
1.108714000000000000e+06
1.533489000000000000e+06
1.055313000000000000e+06
1.031627000000000000e+06
1.664024000000000000e+06
1.766699000000000000e+06
1.751371000000000000e+06
2.798930000000000000e+05
7.106250000000000000e+05
1.328050000000000000e+05
1.577240000000000000e+05
2.281400000000000000e+04
1.219132000000000000e+06
3.581000000000000000e+04
1.095222000000000000e+06
7.675470000000000000e+05
1.832992000000000000e+06
1.508349000000000000e+06
5.655390000000000000e+05
1.126750000000000000e+06
1.444257000000000000e+06
1.704349000000000000e+06
1.319981000000000000e+06
1.026701000000000000e+06
3.115040000000000000e+05
1.251805000000000000e+06
1.363242000000000000e+06
9.183250000000000000e+05
9.739440000000000000e+05
1.699678000000000000e+06
6.967770000000000000e+05
1.010658000000000000e+06
1.704472000000000000e+06
1.029726000000000000e+06
1.689010000000000000e+06
1.122185000000000000e+06
1.165364000000000000e+06
4.272130000000000000e+05
1.285368000000000000e+06
1.124321000000000000e+06
1.687933000000000000e+06
1.677266000000000000e+06
1.088460000000000000e+06
7.693350000000000000e+05
1.122466000000000000e+06
7.103120000000000000e+05
1.199969000000000000e+06
1.026296000000000000e+06
1.121638000000000000e+06
1.125548000000000000e+06
9.861090000000000000e+05
1.023055000000000000e+06
1.341417000000000000e+06
1.685389000000000000e+06
4.737890000000000000e+05
1.655234000000000000e+06
3.806980000000000000e+05
7.663230000000000000e+05
1.703949000000000000e+06
1.276648000000000000e+06
1.645132000000000000e+06
1.512077000000000000e+06
1.275860000000000000e+06
1.324353000000000000e+06
7.088710000000000000e+05
1.172250000000000000e+06
1.701212000000000000e+06
1.513369000000000000e+06
4.917470000000000000e+05
1.007460000000000000e+05
1.615124000000000000e+06
1.367570000000000000e+06
5.948990000000000000e+05
9.924870000000000000e+05
1.316396000000000000e+06
1.637412000000000000e+06
1.030445000000000000e+06
1.166474000000000000e+06
1.625667000000000000e+06
2.781860000000000000e+05
5.010590000000000000e+05
2.509670000000000000e+05
1.520967000000000000e+06
4.341420000000000000e+05
1.742580000000000000e+06
4.672800000000000000e+04
4.278960000000000000e+05
7.277160000000000000e+05
2.307620000000000000e+05
3.456500000000000000e+04
1.109510000000000000e+06
1.228145000000000000e+06
1.184519000000000000e+06
1.096885000000000000e+06
1.059101000000000000e+06
1.389000000000000000e+05
1.358647000000000000e+06
1.225668000000000000e+06
1.693957000000000000e+06
1.267586000000000000e+06
2.612330000000000000e+05
5.555460000000000000e+05
7.400500000000000000e+04
1.450433000000000000e+06
1.793500000000000000e+05
1.469435000000000000e+06
1.714919000000000000e+06
7.072000000000000000e+05
1.028496000000000000e+06
1.338725000000000000e+06
3.894920000000000000e+05
4.535170000000000000e+05
6.269600000000000000e+04
1.261019000000000000e+06
1.195384000000000000e+06
1.109243000000000000e+06
1.657960000000000000e+06
2.855420000000000000e+05
1.692160000000000000e+05
1.110112000000000000e+06
1.027683000000000000e+06
7.565070000000000000e+05
1.029193000000000000e+06
1.630915000000000000e+06
1.073958000000000000e+06
5.073130000000000000e+05
8.225770000000000000e+05
8.524600000000000000e+05
1.833317000000000000e+06
1.250808000000000000e+06
1.727945000000000000e+06
1.480635000000000000e+06
2.720020000000000000e+05
1.028986000000000000e+06
9.469890000000000000e+05
9.175840000000000000e+05
9.193900000000000000e+04
1.116477000000000000e+06
1.697278000000000000e+06
1.476700000000000000e+04
8.208870000000000000e+05
7.811560000000000000e+05
8.666440000000000000e+05
1.654073000000000000e+06
1.259854000000000000e+06
9.315150000000000000e+05
1.284040000000000000e+06
3.386260000000000000e+05
1.993200000000000000e+04
1.724020000000000000e+06
3.700360000000000000e+05
5.196800000000000000e+04
1.232380000000000000e+06
2.645160000000000000e+05
1.273033000000000000e+06
8.243570000000000000e+05
7.934430000000000000e+05
8.615000000000000000e+05
1.049156000000000000e+06
7.273030000000000000e+05
1.114301000000000000e+06
1.694548000000000000e+06
7.036420000000000000e+05
4.315010000000000000e+05
5.257890000000000000e+05
1.650857000000000000e+06
1.644155000000000000e+06
1.118415000000000000e+06
1.131079000000000000e+06
1.060190000000000000e+06
4.344590000000000000e+05
5.656050000000000000e+05
5.589730000000000000e+05
1.126018000000000000e+06
1.352184000000000000e+06
4.950940000000000000e+05
2.540220000000000000e+05
1.742892000000000000e+06
3.987480000000000000e+05
1.711014000000000000e+06
1.199455000000000000e+06
2.940400000000000000e+04
1.323867000000000000e+06
1.837712000000000000e+06
1.270005000000000000e+06
2.783130000000000000e+05
1.271360000000000000e+05
1.801972000000000000e+06
4.295360000000000000e+05
1.540478000000000000e+06
1.464609000000000000e+06
1.789740000000000000e+05
2.726770000000000000e+05
1.242390000000000000e+06
1.813467000000000000e+06
1.178045000000000000e+06
1.537478000000000000e+06
1.696610000000000000e+06
1.720569000000000000e+06
1.203502000000000000e+06
1.479930000000000000e+05
1.166880000000000000e+06
1.063142000000000000e+06
1.456948000000000000e+06
5.667870000000000000e+05
1.137773000000000000e+06
1.582260000000000000e+05
1.338241000000000000e+06
7.281540000000000000e+05
7.594650000000000000e+05
3.294910000000000000e+05
1.609462000000000000e+06
4.699240000000000000e+05
1.477992000000000000e+06
2.172810000000000000e+05
1.699934000000000000e+06
1.526677000000000000e+06
5.588590000000000000e+05
1.125825000000000000e+06
1.646101000000000000e+06
1.671394000000000000e+06
1.720844000000000000e+06
1.817928000000000000e+06
1.103178000000000000e+06
1.227380000000000000e+06
1.450695000000000000e+06
3.920400000000000000e+04
4.417450000000000000e+05
1.690132000000000000e+06
2.781910000000000000e+05
1.811111000000000000e+06
9.538570000000000000e+05
1.756158000000000000e+06
1.520412000000000000e+06
1.007755000000000000e+06
1.177074000000000000e+06
3.422150000000000000e+05
2.800580000000000000e+05
6.741600000000000000e+05
1.783294000000000000e+06
1.818487000000000000e+06
8.282530000000000000e+05
8.698010000000000000e+05
1.070094000000000000e+06
1.455397000000000000e+06
2.528480000000000000e+05
1.847452000000000000e+06
1.351075000000000000e+06
1.696187000000000000e+06
1.689263000000000000e+06
1.692158000000000000e+06
2.005370000000000000e+05
1.162703000000000000e+06
4.617060000000000000e+05
1.025328000000000000e+06
2.645820000000000000e+05
1.261620000000000000e+06
1.353203000000000000e+06
1.713106000000000000e+06
1.107435000000000000e+06
