2.658560000000000000e+05
1.123268000000000000e+06
9.251830000000000000e+05
1.263933000000000000e+06
1.320035000000000000e+06
1.135149000000000000e+06
1.177788000000000000e+06
1.137348000000000000e+06
1.740148000000000000e+06
1.604488000000000000e+06
1.124438000000000000e+06
5.519130000000000000e+05
4.627130000000000000e+05
1.016423000000000000e+06
9.195940000000000000e+05
1.693976000000000000e+06
2.661920000000000000e+05
1.127785000000000000e+06
1.334906000000000000e+06
9.281610000000000000e+05
1.375174000000000000e+06
1.843200000000000000e+04
1.178510000000000000e+06
2.726380000000000000e+05
2.661510000000000000e+05
2.645770000000000000e+05
8.715000000000000000e+04
2.658580000000000000e+05
1.691603000000000000e+06
9.252300000000000000e+05
1.498376000000000000e+06
2.648420000000000000e+05
2.306900000000000000e+05
1.751908000000000000e+06
2.746560000000000000e+05
1.019501000000000000e+06
1.217389000000000000e+06
1.063876000000000000e+06
1.120602000000000000e+06
1.694483000000000000e+06
6.719570000000000000e+05
1.167279000000000000e+06
1.136109000000000000e+06
6.341180000000000000e+05
1.592000000000000000e+03
1.130729000000000000e+06
8.366300000000000000e+04
1.306164000000000000e+06
2.315670000000000000e+05
1.750982000000000000e+06
1.318826000000000000e+06
6.943300000000000000e+04
1.766172000000000000e+06
1.266927000000000000e+06
1.385041000000000000e+06
1.438658000000000000e+06
1.266741000000000000e+06
1.675648000000000000e+06
1.741866000000000000e+06
3.862980000000000000e+05
1.122682000000000000e+06
2.648540000000000000e+05
1.249967000000000000e+06
4.648390000000000000e+05
1.973880000000000000e+05
2.835810000000000000e+05
2.622490000000000000e+05
1.337931000000000000e+06
1.677025000000000000e+06
9.145460000000000000e+05
1.137002000000000000e+06
9.269270000000000000e+05
5.031200000000000000e+05
1.734007000000000000e+06
1.606420000000000000e+06
1.319047000000000000e+06
5.510090000000000000e+05
1.851900000000000000e+04
1.695946000000000000e+06
1.121638000000000000e+06
1.156383000000000000e+06
1.778095000000000000e+06
1.007049000000000000e+06
1.320006000000000000e+06
6.609200000000000000e+05
1.124043000000000000e+06
1.138223000000000000e+06
1.265730000000000000e+06
6.810970000000000000e+05
2.764730000000000000e+05
1.115989000000000000e+06
1.375860000000000000e+06
1.602970000000000000e+06
1.074788000000000000e+06
1.485480000000000000e+06
1.217856000000000000e+06
1.014246000000000000e+06
2.784850000000000000e+05
9.656610000000000000e+05
1.335749000000000000e+06
1.693666000000000000e+06
5.392630000000000000e+05
1.132171000000000000e+06
6.543350000000000000e+05
1.166157000000000000e+06
1.689889000000000000e+06
4.626160000000000000e+05
3.428000000000000000e+03
1.180750000000000000e+05
1.049214000000000000e+06
9.265000000000000000e+05
1.368397000000000000e+06
5.775120000000000000e+05
8.568000000000000000e+04
2.452500000000000000e+05
1.225468000000000000e+06
9.168730000000000000e+05
9.104670000000000000e+05
1.110707000000000000e+06
1.124113000000000000e+06
1.332682000000000000e+06
5.352630000000000000e+05
6.595980000000000000e+05
9.135860000000000000e+05
1.319329000000000000e+06
4.667990000000000000e+05
7.297880000000000000e+05
4.670440000000000000e+05
1.585010000000000000e+05
1.654250000000000000e+06
2.608720000000000000e+05
1.639454000000000000e+06
2.617690000000000000e+05
1.262066000000000000e+06
3.920400000000000000e+04
2.663160000000000000e+05
1.118478000000000000e+06
1.669664000000000000e+06
1.457338000000000000e+06
5.789730000000000000e+05
1.693899000000000000e+06
9.015060000000000000e+05
1.249740000000000000e+06
1.739042000000000000e+06
4.414670000000000000e+05
1.455565000000000000e+06
1.445350000000000000e+05
1.136919000000000000e+06
9.118000000000000000e+05
1.971700000000000000e+05
1.850512000000000000e+06
1.685823000000000000e+06
1.250594000000000000e+06
2.662170000000000000e+05
1.455152000000000000e+06
1.412970000000000000e+05
9.165660000000000000e+05
1.204073000000000000e+06
1.810070000000000000e+06
6.837640000000000000e+05
1.740334000000000000e+06
1.640459000000000000e+06
1.262770000000000000e+06
1.711348000000000000e+06
6.769150000000000000e+05
2.845540000000000000e+05
2.241220000000000000e+05
1.177983000000000000e+06
1.456780000000000000e+06
2.647920000000000000e+05
5.590000000000000000e+04
7.009420000000000000e+05
2.080150000000000000e+05
4.083250000000000000e+05
1.319094000000000000e+06
4.120000000000000000e+04
1.641112000000000000e+06
1.021070000000000000e+06
9.240590000000000000e+05
1.133039000000000000e+06
1.167246000000000000e+06
5.525670000000000000e+05
4.645000000000000000e+05
1.262670000000000000e+06
1.656181000000000000e+06
9.235280000000000000e+05
5.495360000000000000e+05
1.282902000000000000e+06
4.119780000000000000e+05
1.320180000000000000e+06
1.140111000000000000e+06
1.180233000000000000e+06
5.695830000000000000e+05
2.746550000000000000e+05
6.718570000000000000e+05
1.274640000000000000e+06
1.035144000000000000e+06
8.126700000000000000e+04
2.725110000000000000e+05
1.119279000000000000e+06
2.858650000000000000e+05
1.520895000000000000e+06
1.227817000000000000e+06
9.199380000000000000e+05
1.200311000000000000e+06
1.128082000000000000e+06
1.061038000000000000e+06
1.320459000000000000e+06
1.514466000000000000e+06
5.959570000000000000e+05
1.166275000000000000e+06
1.507645000000000000e+06
1.351110000000000000e+05
1.128342000000000000e+06
1.607982000000000000e+06
5.136840000000000000e+05
9.654620000000000000e+05
3.061640000000000000e+05
2.020100000000000000e+05
4.466500000000000000e+04
2.562710000000000000e+05
1.607471000000000000e+06
1.261669000000000000e+06
6.810080000000000000e+05
6.764090000000000000e+05
1.320698000000000000e+06
2.643580000000000000e+05
1.634014000000000000e+06
1.265587000000000000e+06
1.651912000000000000e+06
1.363280000000000000e+05
1.123982000000000000e+06
2.637690000000000000e+05
4.416000000000000000e+05
1.060877000000000000e+06
1.246033000000000000e+06
1.262942000000000000e+06
1.267326000000000000e+06
4.916070000000000000e+05
6.870350000000000000e+05
9.202370000000000000e+05
5.674480000000000000e+05
6.399290000000000000e+05
5.355200000000000000e+05
1.605736000000000000e+06
1.219000000000000000e+06
1.075974000000000000e+06
6.985410000000000000e+05
3.300260000000000000e+05
5.054400000000000000e+05
1.461510000000000000e+05
6.592870000000000000e+05
6.143950000000000000e+05
5.459310000000000000e+05
4.092600000000000000e+04
6.343830000000000000e+05
1.383932000000000000e+06
1.039854000000000000e+06
1.190865000000000000e+06
4.709770000000000000e+05
1.189717000000000000e+06
6.373110000000000000e+05
1.262152000000000000e+06
4.988190000000000000e+05
3.870980000000000000e+05
1.503370000000000000e+06
1.740532000000000000e+06
1.577240000000000000e+05
1.435264000000000000e+06
9.166150000000000000e+05
1.479809000000000000e+06
1.634604000000000000e+06
1.323570000000000000e+06
2.109100000000000000e+05
1.215803000000000000e+06
9.756910000000000000e+05
1.750697000000000000e+06
1.690981000000000000e+06
9.243680000000000000e+05
1.766138000000000000e+06
1.155941000000000000e+06
1.580824000000000000e+06
3.772720000000000000e+05
4.363100000000000000e+04
1.607610000000000000e+06
1.268268000000000000e+06
1.833981000000000000e+06
5.880950000000000000e+05
1.669764000000000000e+06
1.604990000000000000e+06
5.833930000000000000e+05
4.626100000000000000e+05
7.707890000000000000e+05
5.853050000000000000e+05
1.462368000000000000e+06
1.631572000000000000e+06
1.231403000000000000e+06
1.982410000000000000e+05
1.050495000000000000e+06
1.853647000000000000e+06
2.649410000000000000e+05
1.247621000000000000e+06
6.383150000000000000e+05
1.152114000000000000e+06
1.498959000000000000e+06
1.315334000000000000e+06
6.812600000000000000e+05
1.711225000000000000e+06
1.597061000000000000e+06
1.205290000000000000e+06
1.224791000000000000e+06
1.115767000000000000e+06
1.468277000000000000e+06
1.068940000000000000e+06
1.556200000000000000e+04
1.821972000000000000e+06
5.467950000000000000e+05
2.128630000000000000e+05
1.378337000000000000e+06
1.565978000000000000e+06
5.662710000000000000e+05
1.321794000000000000e+06
6.123730000000000000e+05
1.269588000000000000e+06
1.608966000000000000e+06
1.320568000000000000e+06
1.172919000000000000e+06
9.206390000000000000e+05
1.274628000000000000e+06
1.180749000000000000e+06
1.733816000000000000e+06
5.505050000000000000e+05
5.011740000000000000e+05
1.061568000000000000e+06
1.097801000000000000e+06
9.456890000000000000e+05
6.404500000000000000e+05
6.329900000000000000e+04
1.097800000000000000e+04
8.977700000000000000e+04
5.075700000000000000e+05
1.478750000000000000e+05
9.026920000000000000e+05
3.537460000000000000e+05
1.302512000000000000e+06
1.283252000000000000e+06
1.921100000000000000e+04
1.024255000000000000e+06
2.286860000000000000e+05
5.993500000000000000e+05
1.455091000000000000e+06
1.248445000000000000e+06
1.372350000000000000e+05
4.127200000000000000e+04
1.740543000000000000e+06
1.440834000000000000e+06
1.240123000000000000e+06
1.440052000000000000e+06
1.499604000000000000e+06
2.058100000000000000e+04
4.787550000000000000e+05
1.179549000000000000e+06
3.457490000000000000e+05
2.677770000000000000e+05
1.752127000000000000e+06
1.645453000000000000e+06
1.231052000000000000e+06
1.995400000000000000e+04
1.384972000000000000e+06
2.902700000000000000e+05
1.250386000000000000e+06
7.723600000000000000e+04
1.008609000000000000e+06
1.014432000000000000e+06
1.156438000000000000e+06
1.150668000000000000e+06
1.650245000000000000e+06
1.809255000000000000e+06
1.766355000000000000e+06
5.804510000000000000e+05
5.026310000000000000e+05
1.783647000000000000e+06
1.027638000000000000e+06
1.216562000000000000e+06
1.089876000000000000e+06
3.833800000000000000e+04
3.835550000000000000e+05
2.997500000000000000e+05
1.213369000000000000e+06
1.067242000000000000e+06
6.661440000000000000e+05
1.199471000000000000e+06
1.504427000000000000e+06
4.181820000000000000e+05
1.259377000000000000e+06
6.909440000000000000e+05
1.046090000000000000e+06
4.636760000000000000e+05
2.440740000000000000e+05
1.238424000000000000e+06
1.375365000000000000e+06
9.088210000000000000e+05
2.844370000000000000e+05
1.005461000000000000e+06
1.616044000000000000e+06
1.194310000000000000e+06
4.263120000000000000e+05
1.756719000000000000e+06
1.777683000000000000e+06
1.199254000000000000e+06
1.334560000000000000e+06
1.339345000000000000e+06
1.832577000000000000e+06
1.321753000000000000e+06
1.910750000000000000e+05
1.264118000000000000e+06
5.263820000000000000e+05
1.135047000000000000e+06
1.096823000000000000e+06
1.438184000000000000e+06
2.597270000000000000e+05
1.741556000000000000e+06
1.481223000000000000e+06
1.665415000000000000e+06
9.398440000000000000e+05
1.581269000000000000e+06
1.494816000000000000e+06
1.641104000000000000e+06
4.640970000000000000e+05
5.173000000000000000e+04
1.490480000000000000e+05
1.905000000000000000e+04
2.610270000000000000e+05
1.283815000000000000e+06
1.478616000000000000e+06
4.689300000000000000e+05
1.721660000000000000e+06
1.560278000000000000e+06
3.511300000000000000e+05
9.042800000000000000e+04
2.535350000000000000e+05
1.218303000000000000e+06
9.241560000000000000e+05
1.718959000000000000e+06
1.780634000000000000e+06
1.350546000000000000e+06
9.346400000000000000e+05
1.833760000000000000e+06
5.164840000000000000e+05
1.134387000000000000e+06
1.141693000000000000e+06
1.213641000000000000e+06
9.309360000000000000e+05
6.666800000000000000e+05
9.307020000000000000e+05
1.300269000000000000e+06
1.757865000000000000e+06
1.217877000000000000e+06
9.255390000000000000e+05
1.299079000000000000e+06
1.687234000000000000e+06
2.380000000000000000e+03
1.475120000000000000e+05
2.669700000000000000e+05
4.398150000000000000e+05
1.025016000000000000e+06
3.987530000000000000e+05
1.963410000000000000e+05
2.514060000000000000e+05
1.425712000000000000e+06
1.773767000000000000e+06
1.124155000000000000e+06
1.399529000000000000e+06
1.444043000000000000e+06
1.085348000000000000e+06
7.281070000000000000e+05
1.799670000000000000e+05
4.968970000000000000e+05
1.633276000000000000e+06
1.426842000000000000e+06
1.282016000000000000e+06
3.080940000000000000e+05
1.474290000000000000e+05
4.019060000000000000e+05
1.809408000000000000e+06
1.806300000000000000e+04
1.054819000000000000e+06
9.077510000000000000e+05
1.159669000000000000e+06
2.030400000000000000e+04
7.045610000000000000e+05
1.412730000000000000e+05
5.287800000000000000e+04
1.044818000000000000e+06
1.117660000000000000e+06
5.419000000000000000e+04
1.411370000000000000e+05
1.260335000000000000e+06
1.116304000000000000e+06
6.896990000000000000e+05
1.083452000000000000e+06
8.151500000000000000e+04
2.765410000000000000e+05
1.643149000000000000e+06
1.470924000000000000e+06
2.975530000000000000e+05
1.752475000000000000e+06
5.568590000000000000e+05
6.746020000000000000e+05
1.194688000000000000e+06
1.128504000000000000e+06
1.190395000000000000e+06
1.467818000000000000e+06
1.157498000000000000e+06
1.738652000000000000e+06
1.060316000000000000e+06
1.217948000000000000e+06
1.563600000000000000e+04
1.728592000000000000e+06
1.543710000000000000e+06
1.187517000000000000e+06
1.539544000000000000e+06
4.366130000000000000e+05
1.366551000000000000e+06
1.337256000000000000e+06
5.387480000000000000e+05
9.259930000000000000e+05
1.374967000000000000e+06
1.088312000000000000e+06
1.132325000000000000e+06
1.524800000000000000e+06
3.671980000000000000e+05
1.168457000000000000e+06
1.133706000000000000e+06
1.563720000000000000e+05
4.586240000000000000e+05
9.028940000000000000e+05
1.066742000000000000e+06
1.409630000000000000e+05
2.290170000000000000e+05
1.444650000000000000e+05
6.284790000000000000e+05
1.086871000000000000e+06
7.573610000000000000e+05
1.693747000000000000e+06
5.053960000000000000e+05
5.445450000000000000e+05
2.643800000000000000e+05
