1.010574000000000000e+06
1.123139000000000000e+06
2.659550000000000000e+05
1.122100000000000000e+06
1.015295000000000000e+06
1.012675000000000000e+06
1.178295000000000000e+06
1.740148000000000000e+06
1.017986000000000000e+06
1.121529000000000000e+06
1.319901000000000000e+06
1.124733000000000000e+06
9.920140000000000000e+05
1.022270000000000000e+06
1.605466000000000000e+06
1.025631000000000000e+06
1.114552000000000000e+06
1.751086000000000000e+06
1.027432000000000000e+06
1.123520000000000000e+06
1.004749000000000000e+06
1.018487000000000000e+06
9.941090000000000000e+05
1.263367000000000000e+06
5.514370000000000000e+05
1.166813000000000000e+06
1.451816000000000000e+06
1.125051000000000000e+06
1.127822000000000000e+06
9.773850000000000000e+05
1.123602000000000000e+06
2.662170000000000000e+05
1.011480000000000000e+06
1.007369000000000000e+06
1.381829000000000000e+06
1.120529000000000000e+06
1.023491000000000000e+06
2.612330000000000000e+05
9.957610000000000000e+05
1.028496000000000000e+06
1.125663000000000000e+06
2.684740000000000000e+05
1.195055000000000000e+06
9.939830000000000000e+05
1.645021000000000000e+06
2.609850000000000000e+05
1.122185000000000000e+06
1.030701000000000000e+06
1.043758000000000000e+06
1.315987000000000000e+06
6.323080000000000000e+05
2.308550000000000000e+05
1.025328000000000000e+06
1.096848000000000000e+06
1.008106000000000000e+06
1.115869000000000000e+06
1.026701000000000000e+06
2.837710000000000000e+05
1.114788000000000000e+06
1.114739000000000000e+06
1.177003000000000000e+06
9.254730000000000000e+05
1.122457000000000000e+06
6.963000000000000000e+04
9.394790000000000000e+05
2.720020000000000000e+05
1.108714000000000000e+06
6.546880000000000000e+05
5.792060000000000000e+05
1.259854000000000000e+06
1.100544000000000000e+06
1.126234000000000000e+06
1.000761000000000000e+06
1.054780000000000000e+06
2.307480000000000000e+05
8.730300000000000000e+04
1.373989000000000000e+06
1.739752000000000000e+06
1.015922000000000000e+06
1.028202000000000000e+06
1.131198000000000000e+06
9.996050000000000000e+05
1.178045000000000000e+06
1.426980000000000000e+06
2.645160000000000000e+05
1.605396000000000000e+06
2.675070000000000000e+05
1.333331000000000000e+06
8.904060000000000000e+05
1.438784000000000000e+06
2.479020000000000000e+05
1.604022000000000000e+06
1.161477000000000000e+06
1.174377000000000000e+06
1.192006000000000000e+06
1.180632000000000000e+06
2.933800000000000000e+05
2.316870000000000000e+05
4.621440000000000000e+05
1.766172000000000000e+06
8.919380000000000000e+05
9.247050000000000000e+05
1.075581000000000000e+06
1.074205000000000000e+06
1.088304000000000000e+06
9.251190000000000000e+05
2.452500000000000000e+05
1.690080000000000000e+06
2.323930000000000000e+05
1.130468000000000000e+06
1.058937000000000000e+06
1.082776000000000000e+06
1.136514000000000000e+06
1.262981000000000000e+06
1.028873000000000000e+06
1.742133000000000000e+06
1.025161000000000000e+06
1.023348000000000000e+06
1.004013000000000000e+06
1.655433000000000000e+06
1.026296000000000000e+06
1.742052000000000000e+06
6.127540000000000000e+05
7.013250000000000000e+05
9.317280000000000000e+05
1.137435000000000000e+06
1.284040000000000000e+06
1.016232000000000000e+06
1.085048000000000000e+06
1.110667000000000000e+06
7.260030000000000000e+05
1.118415000000000000e+06
1.036346000000000000e+06
1.137773000000000000e+06
1.054949000000000000e+06
1.382204000000000000e+06
1.055805000000000000e+06
9.329170000000000000e+05
9.260000000000000000e+05
7.277160000000000000e+05
1.131146000000000000e+06
7.780000000000000000e+02
1.084180000000000000e+06
1.030960000000000000e+06
2.681970000000000000e+05
8.957300000000000000e+04
9.210070000000000000e+05
1.736183000000000000e+06
2.781910000000000000e+05
1.537624000000000000e+06
1.136009000000000000e+06
1.621626000000000000e+06
1.123905000000000000e+06
5.021520000000000000e+05
3.467900000000000000e+04
9.374470000000000000e+05
1.688372000000000000e+06
1.025066000000000000e+06
9.313770000000000000e+05
1.036680000000000000e+06
1.082746000000000000e+06
6.121370000000000000e+05
2.723590000000000000e+05
1.112151000000000000e+06
1.127153000000000000e+06
1.131343000000000000e+06
1.253735000000000000e+06
1.074065000000000000e+06
1.694455000000000000e+06
1.094460000000000000e+06
1.029726000000000000e+06
6.140600000000000000e+05
9.644010000000000000e+05
1.103178000000000000e+06
1.063165000000000000e+06
9.252810000000000000e+05
1.693765000000000000e+06
1.018277000000000000e+06
2.941800000000000000e+05
8.955330000000000000e+05
2.786420000000000000e+05
1.733920000000000000e+06
5.744540000000000000e+05
1.330574000000000000e+06
6.926530000000000000e+05
1.055313000000000000e+06
1.125195000000000000e+06
2.656230000000000000e+05
9.194230000000000000e+05
4.702190000000000000e+05
1.091776000000000000e+06
7.260410000000000000e+05
9.179900000000000000e+05
4.522360000000000000e+05
1.020660000000000000e+06
2.692160000000000000e+05
1.357430000000000000e+06
1.202630000000000000e+06
1.178048000000000000e+06
1.845822000000000000e+06
1.083171000000000000e+06
5.555460000000000000e+05
7.128310000000000000e+05
1.774413000000000000e+06
1.003582000000000000e+06
1.059388000000000000e+06
2.648640000000000000e+05
1.156155000000000000e+06
1.101966000000000000e+06
1.765879000000000000e+06
2.649310000000000000e+05
9.334850000000000000e+05
1.450809000000000000e+06
9.327700000000000000e+05
1.261764000000000000e+06
9.738640000000000000e+05
5.306680000000000000e+05
1.124321000000000000e+06
1.107117000000000000e+06
7.400500000000000000e+04
1.299276000000000000e+06
1.034162000000000000e+06
1.438294000000000000e+06
8.965100000000000000e+05
2.664280000000000000e+05
1.024514000000000000e+06
9.076840000000000000e+05
6.151520000000000000e+05
2.232790000000000000e+05
2.781860000000000000e+05
2.676960000000000000e+05
1.606082000000000000e+06
6.133170000000000000e+05
1.330499000000000000e+06
9.313690000000000000e+05
1.180324000000000000e+06
5.575430000000000000e+05
6.681590000000000000e+05
9.533920000000000000e+05
1.134476000000000000e+06
1.649236000000000000e+06
1.035831000000000000e+06
1.450169000000000000e+06
1.077785000000000000e+06
1.744238000000000000e+06
2.933950000000000000e+05
1.165872000000000000e+06
7.266740000000000000e+05
1.084100000000000000e+06
1.085003000000000000e+06
1.322171000000000000e+06
7.073960000000000000e+05
5.514430000000000000e+05
1.434403000000000000e+06
1.369438000000000000e+06
7.554480000000000000e+05
1.689010000000000000e+06
1.685150000000000000e+06
1.028661000000000000e+06
1.218454000000000000e+06
2.670850000000000000e+05
1.065094000000000000e+06
1.452543000000000000e+06
1.333837000000000000e+06
1.734837000000000000e+06
6.707860000000000000e+05
1.319726000000000000e+06
1.526234000000000000e+06
1.055203000000000000e+06
1.000988000000000000e+06
6.554360000000000000e+05
2.547730000000000000e+05
5.867280000000000000e+05
1.066664000000000000e+06
9.767290000000000000e+05
1.474012000000000000e+06
1.089218000000000000e+06
7.657890000000000000e+05
1.139717000000000000e+06
1.111499000000000000e+06
1.116031000000000000e+06
1.276332000000000000e+06
1.701080000000000000e+05
7.391000000000000000e+03
5.533270000000000000e+05
2.719700000000000000e+05
9.515110000000000000e+05
6.204470000000000000e+05
4.306450000000000000e+05
2.496150000000000000e+05
1.387496000000000000e+06
5.408160000000000000e+05
1.130891000000000000e+06
9.222440000000000000e+05
5.434890000000000000e+05
1.318289000000000000e+06
1.057989000000000000e+06
1.057950000000000000e+06
1.125825000000000000e+06
1.330484000000000000e+06
9.359850000000000000e+05
9.936040000000000000e+05
2.724100000000000000e+05
5.073300000000000000e+04
1.126963000000000000e+06
2.609740000000000000e+05
8.714240000000000000e+05
8.157810000000000000e+05
6.143060000000000000e+05
1.453814000000000000e+06
5.294910000000000000e+05
5.331420000000000000e+05
8.178890000000000000e+05
8.522160000000000000e+05
7.885080000000000000e+05
1.164062000000000000e+06
1.347007000000000000e+06
1.733212000000000000e+06
1.188509000000000000e+06
1.203502000000000000e+06
8.882740000000000000e+05
1.319267000000000000e+06
1.221508000000000000e+06
2.778200000000000000e+04
1.150203000000000000e+06
1.074728000000000000e+06
9.219750000000000000e+05
1.138533000000000000e+06
2.965070000000000000e+05
9.265940000000000000e+05
1.096885000000000000e+06
1.320305000000000000e+06
9.018420000000000000e+05
1.450721000000000000e+06
4.272130000000000000e+05
1.060180000000000000e+06
1.330086000000000000e+06
1.196547000000000000e+06
1.137473000000000000e+06
1.226327000000000000e+06
6.828700000000000000e+05
1.242683000000000000e+06
1.700424000000000000e+06
6.143040000000000000e+05
7.684310000000000000e+05
1.059862000000000000e+06
1.017491000000000000e+06
1.581620000000000000e+05
2.631670000000000000e+05
1.020902000000000000e+06
9.324320000000000000e+05
2.528200000000000000e+05
1.700358000000000000e+06
2.939040000000000000e+05
9.186140000000000000e+05
6.127870000000000000e+05
1.164029000000000000e+06
1.538501000000000000e+06
1.968700000000000000e+05
7.071920000000000000e+05
1.072837000000000000e+06
1.727770000000000000e+06
1.687326000000000000e+06
1.648765000000000000e+06
1.319009000000000000e+06
9.012100000000000000e+05
1.427753000000000000e+06
5.332260000000000000e+05
1.011604000000000000e+06
3.829170000000000000e+05
1.382239000000000000e+06
1.351866000000000000e+06
1.069967000000000000e+06
7.273790000000000000e+05
9.309330000000000000e+05
2.329410000000000000e+05
1.348539000000000000e+06
1.081639000000000000e+06
1.087860000000000000e+06
1.311933000000000000e+06
2.246560000000000000e+05
1.054677000000000000e+06
9.091010000000000000e+05
1.133619000000000000e+06
1.525713000000000000e+06
7.566510000000000000e+05
1.179859000000000000e+06
6.888720000000000000e+05
2.309650000000000000e+05
1.758288000000000000e+06
5.299020000000000000e+05
1.223431000000000000e+06
5.257100000000000000e+05
1.438012000000000000e+06
1.013134000000000000e+06
1.124891000000000000e+06
1.503002000000000000e+06
7.176630000000000000e+05
1.099070000000000000e+05
1.320560000000000000e+06
1.004818000000000000e+06
2.782900000000000000e+05
7.067730000000000000e+05
7.042780000000000000e+05
1.493790000000000000e+05
1.157775000000000000e+06
1.099419000000000000e+06
1.439224000000000000e+06
1.225034000000000000e+06
1.094200000000000000e+06
1.275735000000000000e+06
1.323404000000000000e+06
1.846137000000000000e+06
1.061217000000000000e+06
5.286070000000000000e+05
5.401920000000000000e+05
8.994420000000000000e+05
5.681880000000000000e+05
8.964070000000000000e+05
9.408170000000000000e+05
1.646101000000000000e+06
1.594240000000000000e+05
1.222459000000000000e+06
1.214204000000000000e+06
1.642585000000000000e+06
7.183850000000000000e+05
1.026217000000000000e+06
1.719997000000000000e+06
1.142580000000000000e+06
1.207446000000000000e+06
1.027925000000000000e+06
1.374973000000000000e+06
9.245170000000000000e+05
8.940130000000000000e+05
1.151110000000000000e+06
6.653890000000000000e+05
1.539799000000000000e+06
1.162855000000000000e+06
1.479289000000000000e+06
7.055290000000000000e+05
9.629730000000000000e+05
1.095503000000000000e+06
1.218372000000000000e+06
6.157420000000000000e+05
1.497428000000000000e+06
1.696652000000000000e+06
1.645887000000000000e+06
1.460557000000000000e+06
1.762744000000000000e+06
7.883000000000000000e+04
1.006537000000000000e+06
1.017089000000000000e+06
1.317727000000000000e+06
7.306830000000000000e+05
3.015420000000000000e+05
1.536773000000000000e+06
2.022390000000000000e+05
1.023158000000000000e+06
1.323493000000000000e+06
2.109630000000000000e+05
6.570140000000000000e+05
1.736484000000000000e+06
1.989230000000000000e+05
2.419330000000000000e+05
1.676575000000000000e+06
1.719465000000000000e+06
1.226042000000000000e+06
9.937930000000000000e+05
1.633614000000000000e+06
1.683065000000000000e+06
7.194320000000000000e+05
1.751371000000000000e+06
1.307695000000000000e+06
1.239747000000000000e+06
9.341850000000000000e+05
1.130735000000000000e+06
1.206853000000000000e+06
1.313911000000000000e+06
1.728364000000000000e+06
1.322005000000000000e+06
9.493360000000000000e+05
1.133773000000000000e+06
1.192680000000000000e+05
6.659000000000000000e+05
9.150370000000000000e+05
2.315250000000000000e+05
6.928000000000000000e+05
1.215609000000000000e+06
1.144747000000000000e+06
1.184519000000000000e+06
1.452682000000000000e+06
8.972010000000000000e+05
9.197990000000000000e+05
2.528480000000000000e+05
1.537522000000000000e+06
1.319025000000000000e+06
1.119915000000000000e+06
1.271360000000000000e+05
5.844530000000000000e+05
5.728720000000000000e+05
8.816360000000000000e+05
1.337525000000000000e+06
1.227164000000000000e+06
6.967770000000000000e+05
1.282458000000000000e+06
1.692158000000000000e+06
5.891810000000000000e+05
5.575470000000000000e+05
1.072034000000000000e+06
1.314196000000000000e+06
1.112156000000000000e+06
1.299381000000000000e+06
1.547666000000000000e+06
2.703740000000000000e+05
1.343039000000000000e+06
1.125016000000000000e+06
1.608360000000000000e+05
1.247533000000000000e+06
1.108840000000000000e+05
2.906800000000000000e+04
1.114271000000000000e+06
6.609750000000000000e+05
1.538852000000000000e+06
5.903230000000000000e+05
6.177550000000000000e+05
1.129297000000000000e+06
1.082838000000000000e+06
1.230832000000000000e+06
1.345002000000000000e+06
1.538734000000000000e+06
1.279383000000000000e+06
2.595080000000000000e+05
1.097440000000000000e+06
1.619813000000000000e+06
1.084674000000000000e+06
5.522090000000000000e+05
1.195956000000000000e+06
1.780634000000000000e+06
1.157837000000000000e+06
1.429575000000000000e+06
1.091606000000000000e+06
1.602983000000000000e+06
2.971640000000000000e+05
2.598530000000000000e+05
8.786150000000000000e+05
1.422050000000000000e+06
4.887610000000000000e+05
6.750840000000000000e+05
1.424357000000000000e+06
1.061208000000000000e+06
4.703400000000000000e+05
1.448675000000000000e+06
1.546456000000000000e+06
6.724280000000000000e+05
1.324507000000000000e+06
7.278720000000000000e+05
1.024257000000000000e+06
1.612451000000000000e+06
1.331761000000000000e+06
5.836700000000000000e+05
7.081010000000000000e+05
1.390071000000000000e+06
1.396545000000000000e+06
6.666720000000000000e+05
1.124924000000000000e+06
7.387890000000000000e+05
6.886130000000000000e+05
7.213200000000000000e+04
4.534580000000000000e+05
6.607580000000000000e+05
1.199455000000000000e+06
1.043196000000000000e+06
1.250681000000000000e+06
1.217050000000000000e+05
1.629708000000000000e+06
9.198130000000000000e+05
2.640120000000000000e+05
1.472858000000000000e+06
1.145293000000000000e+06
1.160764000000000000e+06
1.079144000000000000e+06
5.527130000000000000e+05
1.150744000000000000e+06
1.644445000000000000e+06
4.689490000000000000e+05
8.822250000000000000e+05
6.207200000000000000e+05
1.676358000000000000e+06
5.142070000000000000e+05
6.433850000000000000e+05
1.058423000000000000e+06
1.171691000000000000e+06
1.142141000000000000e+06
1.440588000000000000e+06
5.211150000000000000e+05
1.324040000000000000e+06
9.285500000000000000e+05
1.419598000000000000e+06
1.225381000000000000e+06
1.572460000000000000e+05
6.671570000000000000e+05
1.083124000000000000e+06
4.469970000000000000e+05
1.086045000000000000e+06
1.441199000000000000e+06
7.075830000000000000e+05
7.185130000000000000e+05
2.675380000000000000e+05
1.686273000000000000e+06
1.764411000000000000e+06
1.479408000000000000e+06
4.958470000000000000e+05
1.030445000000000000e+06
1.765012000000000000e+06
1.242308000000000000e+06
1.043930000000000000e+06
1.265569000000000000e+06
1.159758000000000000e+06
1.055706000000000000e+06
5.312870000000000000e+05
1.514115000000000000e+06
1.043745000000000000e+06
1.596055000000000000e+06
9.888120000000000000e+05
1.343876000000000000e+06
2.226090000000000000e+05
1.166886000000000000e+06
1.872230000000000000e+05
7.354860000000000000e+05
6.560660000000000000e+05
6.816000000000000000e+05
1.454986000000000000e+06
1.743541000000000000e+06
1.488070000000000000e+06
9.373400000000000000e+05
1.557394000000000000e+06
7.254960000000000000e+05
2.836300000000000000e+04
5.604050000000000000e+05
1.221726000000000000e+06
1.307692000000000000e+06
5.305050000000000000e+05
1.271780000000000000e+06
6.152690000000000000e+05
1.324253000000000000e+06
7.224820000000000000e+05
4.297200000000000000e+05
6.792130000000000000e+05
1.231823000000000000e+06
1.434042000000000000e+06
1.789196000000000000e+06
7.246010000000000000e+05
9.908150000000000000e+05
1.155976000000000000e+06
1.131046000000000000e+06
1.437708000000000000e+06
1.242068000000000000e+06
2.341690000000000000e+05
1.401742000000000000e+06
1.165572000000000000e+06
1.223584000000000000e+06
9.669070000000000000e+05
1.204393000000000000e+06
2.488380000000000000e+05
1.554210000000000000e+06
1.092399000000000000e+06
1.058271000000000000e+06
1.370152000000000000e+06
1.366152000000000000e+06
7.092950000000000000e+05
1.099137000000000000e+06
1.673867000000000000e+06
9.378730000000000000e+05
9.181680000000000000e+05
6.161540000000000000e+05
1.456884000000000000e+06
2.964590000000000000e+05
1.247134000000000000e+06
5.603290000000000000e+05
1.709290000000000000e+05
1.364564000000000000e+06
1.804110000000000000e+05
1.693966000000000000e+06
9.648570000000000000e+05
1.382852000000000000e+06
1.204034000000000000e+06
1.178385000000000000e+06
1.615275000000000000e+06
1.084934000000000000e+06
1.339262000000000000e+06
1.440582000000000000e+06
9.333690000000000000e+05
4.791910000000000000e+05
9.117340000000000000e+05
1.682100000000000000e+06
1.738415000000000000e+06
3.824990000000000000e+05
8.885350000000000000e+05
1.433789000000000000e+06
7.217140000000000000e+05
1.396684000000000000e+06
1.262714000000000000e+06
4.836550000000000000e+05
1.466792000000000000e+06
1.105280000000000000e+06
1.497774000000000000e+06
1.153316000000000000e+06
1.298414000000000000e+06
7.273690000000000000e+05
1.206142000000000000e+06
8.768130000000000000e+05
5.290170000000000000e+05
1.135321000000000000e+06
1.062731000000000000e+06
1.407577000000000000e+06
1.309556000000000000e+06
1.194417000000000000e+06
1.324353000000000000e+06
1.311863000000000000e+06
9.566580000000000000e+05
1.601461000000000000e+06
1.531908000000000000e+06
8.071960000000000000e+05
8.514910000000000000e+05
7.672560000000000000e+05
1.466095000000000000e+06
7.469900000000000000e+04
5.143160000000000000e+05
1.595976000000000000e+06
2.310960000000000000e+05
3.742310000000000000e+05
1.800030000000000000e+05
1.350135000000000000e+06
5.549160000000000000e+05
7.662570000000000000e+05
1.074898000000000000e+06
1.693619000000000000e+06
1.547858000000000000e+06
7.062110000000000000e+05
1.654603000000000000e+06
7.029970000000000000e+05
7.273030000000000000e+05
1.713106000000000000e+06
1.645797000000000000e+06
1.307110000000000000e+06
1.432729000000000000e+06
8.979600000000000000e+04
4.080540000000000000e+05
1.125974000000000000e+06
1.125935000000000000e+06
1.027533000000000000e+06
1.765489000000000000e+06
1.134894000000000000e+06
6.398700000000000000e+05
6.443200000000000000e+05
1.465705000000000000e+06
1.353739000000000000e+06
3.628650000000000000e+05
1.509430000000000000e+05
1.618192000000000000e+06
1.691387000000000000e+06
1.737906000000000000e+06
1.878700000000000000e+04
2.798350000000000000e+05
5.877380000000000000e+05
1.083705000000000000e+06
1.217612000000000000e+06
1.600388000000000000e+06
1.392226000000000000e+06
8.983020000000000000e+05
6.028090000000000000e+05
2.388240000000000000e+05
5.898230000000000000e+05
2.588430000000000000e+05
8.278250000000000000e+05
8.661090000000000000e+05
7.094260000000000000e+05
1.138018000000000000e+06
9.250210000000000000e+05
1.471596000000000000e+06
6.812210000000000000e+05
5.753810000000000000e+05
6.730350000000000000e+05
1.592595000000000000e+06
2.538710000000000000e+05
1.704566000000000000e+06
1.268240000000000000e+06
1.165506000000000000e+06
4.954210000000000000e+05
1.166226000000000000e+06
1.062577000000000000e+06
1.255981000000000000e+06
2.920810000000000000e+05
1.087615000000000000e+06
2.622070000000000000e+05
7.080240000000000000e+05
9.340540000000000000e+05
1.640933000000000000e+06
1.689070000000000000e+06
5.392350000000000000e+05
6.311430000000000000e+05
3.052100000000000000e+04
1.364854000000000000e+06
1.576102000000000000e+06
1.255755000000000000e+06
2.899770000000000000e+05
2.443190000000000000e+05
1.213781000000000000e+06
4.312610000000000000e+05
1.643849000000000000e+06
5.443160000000000000e+05
1.628076000000000000e+06
1.490867000000000000e+06
1.521734000000000000e+06
4.172700000000000000e+05
1.674643000000000000e+06
1.036661000000000000e+06
1.817826000000000000e+06
1.277876000000000000e+06
1.044120000000000000e+06
1.682502000000000000e+06
6.964490000000000000e+05
2.625740000000000000e+05
6.581030000000000000e+05
1.150329000000000000e+06
1.544658000000000000e+06
1.088298000000000000e+06
5.502920000000000000e+05
5.681190000000000000e+05
1.743653000000000000e+06
1.369287000000000000e+06
7.353900000000000000e+04
1.710142000000000000e+06
1.112094000000000000e+06
4.050250000000000000e+05
3.456500000000000000e+04
1.447339000000000000e+06
1.114777000000000000e+06
8.966740000000000000e+05
1.451053000000000000e+06
2.646840000000000000e+05
6.636010000000000000e+05
8.886950000000000000e+05
5.869430000000000000e+05
5.906780000000000000e+05
1.541993000000000000e+06
1.450695000000000000e+06
5.579040000000000000e+05
4.300000000000000000e+04
1.565494000000000000e+06
9.161610000000000000e+05
1.225637000000000000e+06
1.085300000000000000e+06
1.472189000000000000e+06
3.878370000000000000e+05
1.548246000000000000e+06
1.607000000000000000e+06
1.343025000000000000e+06
1.122973000000000000e+06
1.370866000000000000e+06
2.949070000000000000e+05
1.331316000000000000e+06
6.667270000000000000e+05
6.163840000000000000e+05
6.888680000000000000e+05
5.595920000000000000e+05
3.867990000000000000e+05
7.027600000000000000e+04
1.225497000000000000e+06
1.159952000000000000e+06
9.337070000000000000e+05
7.377150000000000000e+05
2.961180000000000000e+05
2.610580000000000000e+05
6.099970000000000000e+05
9.783280000000000000e+05
1.806756000000000000e+06
1.160097000000000000e+06
1.043658000000000000e+06
6.314790000000000000e+05
2.187060000000000000e+05
1.450273000000000000e+06
5.064910000000000000e+05
6.772860000000000000e+05
5.036640000000000000e+05
7.901490000000000000e+05
1.074708000000000000e+06
1.386296000000000000e+06
1.259617000000000000e+06
6.944190000000000000e+05
1.136919000000000000e+06
3.074240000000000000e+05
2.567060000000000000e+05
3.537820000000000000e+05
5.517420000000000000e+05
1.061533000000000000e+06
1.140340000000000000e+06
1.234550000000000000e+05
2.795320000000000000e+05
5.898640000000000000e+05
1.066761000000000000e+06
1.666455000000000000e+06
1.388597000000000000e+06
1.222214000000000000e+06
1.101661000000000000e+06
1.389860000000000000e+05
1.455009000000000000e+06
2.259250000000000000e+05
1.689440000000000000e+05
1.633197000000000000e+06
1.117258000000000000e+06
1.690259000000000000e+06
1.195165000000000000e+06
6.213880000000000000e+05
1.704233000000000000e+06
1.728615000000000000e+06
1.161657000000000000e+06
1.652139000000000000e+06
1.480078000000000000e+06
2.423750000000000000e+05
1.081784000000000000e+06
3.421210000000000000e+05
5.661600000000000000e+05
5.186420000000000000e+05
9.154290000000000000e+05
1.470107000000000000e+06
1.554630000000000000e+06
4.628680000000000000e+05
1.454558000000000000e+06
9.501230000000000000e+05
9.173450000000000000e+05
1.606502000000000000e+06
1.602805000000000000e+06
1.356189000000000000e+06
1.439646000000000000e+06
1.742654000000000000e+06
1.753237000000000000e+06
4.707190000000000000e+05
1.664024000000000000e+06
1.353108000000000000e+06
1.525753000000000000e+06
6.995140000000000000e+05
1.074178000000000000e+06
2.439120000000000000e+05
1.433237000000000000e+06
1.141135000000000000e+06
7.245040000000000000e+05
6.800680000000000000e+05
1.383852000000000000e+06
1.324441000000000000e+06
5.661210000000000000e+05
1.260641000000000000e+06
1.386478000000000000e+06
1.259511000000000000e+06
6.395980000000000000e+05
1.147170000000000000e+06
1.362269000000000000e+06
7.396850000000000000e+05
1.144259000000000000e+06
6.944050000000000000e+05
1.137483000000000000e+06
1.287887000000000000e+06
1.246521000000000000e+06
1.606060000000000000e+05
5.370820000000000000e+05
1.418449000000000000e+06
1.095970000000000000e+05
1.478200000000000000e+05
1.498050000000000000e+05
1.347433000000000000e+06
2.993150000000000000e+05
9.512350000000000000e+05
1.097332000000000000e+06
9.253180000000000000e+05
1.598771000000000000e+06
2.501390000000000000e+05
2.801050000000000000e+05
7.152730000000000000e+05
1.738126000000000000e+06
1.127810000000000000e+06
1.428117000000000000e+06
1.607275000000000000e+06
1.645242000000000000e+06
2.057940000000000000e+05
5.803300000000000000e+04
1.203776000000000000e+06
5.767420000000000000e+05
6.768110000000000000e+05
1.251363000000000000e+06
4.802300000000000000e+05
1.061800000000000000e+06
3.205500000000000000e+04
1.439221000000000000e+06
5.213070000000000000e+05
6.200070000000000000e+05
4.553250000000000000e+05
6.170670000000000000e+05
1.836075000000000000e+06
5.616090000000000000e+05
4.601870000000000000e+05
5.771560000000000000e+05
9.038220000000000000e+05
1.490654000000000000e+06
1.491059000000000000e+06
1.435092000000000000e+06
1.066105000000000000e+06
1.717548000000000000e+06
1.519425000000000000e+06
1.352711000000000000e+06
5.558070000000000000e+05
1.514504000000000000e+06
8.941900000000000000e+05
5.930540000000000000e+05
8.098200000000000000e+04
4.609300000000000000e+05
1.365309000000000000e+06
5.720460000000000000e+05
4.278960000000000000e+05
9.090060000000000000e+05
1.752789000000000000e+06
8.118830000000000000e+05
7.802410000000000000e+05
8.459480000000000000e+05
9.375660000000000000e+05
5.246120000000000000e+05
2.928510000000000000e+05
1.074391000000000000e+06
1.540478000000000000e+06
1.456848000000000000e+06
5.224400000000000000e+05
1.608680000000000000e+06
5.665280000000000000e+05
1.152239000000000000e+06
1.494939000000000000e+06
7.369390000000000000e+05
9.130290000000000000e+05
2.512240000000000000e+05
1.137725000000000000e+06
3.055060000000000000e+05
9.268010000000000000e+05
1.260573000000000000e+06
3.884460000000000000e+05
1.084763000000000000e+06
1.670302000000000000e+06
7.078500000000000000e+05
1.489480000000000000e+06
4.643300000000000000e+05
1.315861000000000000e+06
1.066829000000000000e+06
1.532680000000000000e+05
5.395020000000000000e+05
7.399150000000000000e+05
1.217525000000000000e+06
1.694547000000000000e+06
1.143332000000000000e+06
1.093596000000000000e+06
1.857000000000000000e+04
1.807926000000000000e+06
3.140890000000000000e+05
2.453370000000000000e+05
1.696267000000000000e+06
1.057985000000000000e+06
1.691530000000000000e+06
6.740260000000000000e+05
7.709140000000000000e+05
1.492221000000000000e+06
1.842864000000000000e+06
2.422100000000000000e+04
4.091290000000000000e+05
1.379633000000000000e+06
5.780710000000000000e+05
5.638600000000000000e+05
1.441293000000000000e+06
1.605612000000000000e+06
5.593110000000000000e+05
1.666987000000000000e+06
1.149945000000000000e+06
1.279111000000000000e+06
2.688590000000000000e+05
3.450750000000000000e+05
1.775781000000000000e+06
1.619403000000000000e+06
1.629311000000000000e+06
6.130400000000000000e+05
1.620306000000000000e+06
2.807010000000000000e+05
1.204680000000000000e+05
5.582590000000000000e+05
1.724490000000000000e+05
1.284811000000000000e+06
1.026031000000000000e+06
2.673090000000000000e+05
1.372268000000000000e+06
1.065828000000000000e+06
1.365258000000000000e+06
6.157760000000000000e+05
2.087030000000000000e+05
1.851429000000000000e+06
8.935310000000000000e+05
1.761245000000000000e+06
1.541525000000000000e+06
1.234688000000000000e+06
1.537541000000000000e+06
1.696230000000000000e+06
9.402310000000000000e+05
2.444810000000000000e+05
1.180303000000000000e+06
2.615050000000000000e+05
1.170464000000000000e+06
1.747572000000000000e+06
5.876550000000000000e+05
1.065410000000000000e+06
5.400890000000000000e+05
1.507908000000000000e+06
7.591620000000000000e+05
1.097827000000000000e+06
1.274297000000000000e+06
1.416872000000000000e+06
1.840203000000000000e+06
8.985520000000000000e+05
1.212810000000000000e+06
6.829270000000000000e+05
3.666660000000000000e+05
1.346399000000000000e+06
9.276620000000000000e+05
2.134260000000000000e+05
5.691700000000000000e+05
1.088324000000000000e+06
1.450132000000000000e+06
1.225279000000000000e+06
5.212180000000000000e+05
3.921890000000000000e+05
9.225320000000000000e+05
1.224527000000000000e+06
1.122523000000000000e+06
1.185616000000000000e+06
9.250430000000000000e+05
4.079750000000000000e+05
7.283180000000000000e+05
1.332678000000000000e+06
2.889890000000000000e+05
1.840926000000000000e+06
1.630814000000000000e+06
3.620400000000000000e+05
9.366070000000000000e+05
1.382408000000000000e+06
1.355216000000000000e+06
9.003200000000000000e+05
1.249788000000000000e+06
1.523080000000000000e+06
2.780400000000000000e+04
1.603086000000000000e+06
1.474271000000000000e+06
1.836670000000000000e+06
1.737031000000000000e+06
1.709859000000000000e+06
9.557670000000000000e+05
1.481544000000000000e+06
4.971990000000000000e+05
7.077370000000000000e+05
7.881600000000000000e+04
3.001420000000000000e+05
1.125690000000000000e+05
8.996970000000000000e+05
5.053130000000000000e+05
8.835860000000000000e+05
1.103679000000000000e+06
1.388015000000000000e+06
1.210202000000000000e+06
9.312680000000000000e+05
1.385157000000000000e+06
5.580120000000000000e+05
1.216847000000000000e+06
1.565523000000000000e+06
1.363301000000000000e+06
1.471760000000000000e+06
1.056930000000000000e+06
1.705740000000000000e+06
1.998380000000000000e+05
1.572810000000000000e+05
1.298613000000000000e+06
1.530235000000000000e+06
1.130979000000000000e+06
2.675180000000000000e+05
1.803071000000000000e+06
9.157830000000000000e+05
1.140374000000000000e+06
1.571265000000000000e+06
1.788875000000000000e+06
1.781637000000000000e+06
1.293854000000000000e+06
6.586950000000000000e+05
2.713580000000000000e+05
5.243830000000000000e+05
1.378898000000000000e+06
5.517710000000000000e+05
1.714100000000000000e+04
6.688300000000000000e+05
1.207621000000000000e+06
6.635460000000000000e+05
1.175368000000000000e+06
1.379532000000000000e+06
1.320920000000000000e+06
3.125420000000000000e+05
1.192577000000000000e+06
1.772704000000000000e+06
1.387320000000000000e+06
1.712503000000000000e+06
1.461758000000000000e+06
1.338241000000000000e+06
7.504700000000000000e+04
2.570230000000000000e+05
1.527826000000000000e+06
7.083470000000000000e+05
1.543861000000000000e+06
2.857610000000000000e+05
4.465890000000000000e+05
1.533758000000000000e+06
1.424615000000000000e+06
1.030457000000000000e+06
1.075598000000000000e+06
2.607870000000000000e+05
6.932490000000000000e+05
1.531411000000000000e+06
1.419956000000000000e+06
1.852733000000000000e+06
5.829840000000000000e+05
1.255090000000000000e+06
2.393420000000000000e+05
1.212503000000000000e+06
5.298620000000000000e+05
5.869460000000000000e+05
6.610290000000000000e+05
1.747000000000000000e+03
5.774400000000000000e+05
1.278161000000000000e+06
1.088460000000000000e+06
1.643552000000000000e+06
1.237091000000000000e+06
1.390696000000000000e+06
2.609340000000000000e+05
1.192290000000000000e+06
1.404160000000000000e+05
1.219536000000000000e+06
5.309300000000000000e+05
5.141210000000000000e+05
1.071054000000000000e+06
1.130562000000000000e+06
1.131729000000000000e+06
1.283763000000000000e+06
7.260370000000000000e+05
1.834290000000000000e+06
1.377002000000000000e+06
1.043940000000000000e+06
1.222850000000000000e+06
2.254160000000000000e+05
1.376978000000000000e+06
2.310990000000000000e+05
1.209992000000000000e+06
1.058014000000000000e+06
5.707830000000000000e+05
1.685843000000000000e+06
9.809030000000000000e+05
6.683420000000000000e+05
7.190610000000000000e+05
2.415150000000000000e+05
1.321328000000000000e+06
5.248270000000000000e+05
1.723298000000000000e+06
2.859030000000000000e+05
1.231885000000000000e+06
1.073057000000000000e+06
8.983200000000000000e+05
1.370023000000000000e+06
9.458040000000000000e+05
1.844054000000000000e+06
2.878150000000000000e+05
1.779404000000000000e+06
1.689209000000000000e+06
6.594650000000000000e+05
1.248029000000000000e+06
1.288070000000000000e+05
1.721158000000000000e+06
4.560330000000000000e+05
5.930400000000000000e+05
1.247992000000000000e+06
8.725310000000000000e+05
1.318374000000000000e+06
1.768453000000000000e+06
7.188280000000000000e+05
1.640852000000000000e+06
1.154961000000000000e+06
1.054940000000000000e+06
1.241374000000000000e+06
1.299963000000000000e+06
7.676450000000000000e+05
1.277058000000000000e+06
1.738666000000000000e+06
9.063240000000000000e+05
2.770900000000000000e+05
2.799300000000000000e+04
7.288150000000000000e+05
1.155647000000000000e+06
1.648941000000000000e+06
1.547521000000000000e+06
1.848334000000000000e+06
1.426511000000000000e+06
4.841730000000000000e+05
1.224648000000000000e+06
2.873390000000000000e+05
1.352435000000000000e+06
1.079818000000000000e+06
2.922590000000000000e+05
1.559629000000000000e+06
1.571918000000000000e+06
1.444403000000000000e+06
2.766900000000000000e+04
1.115580000000000000e+06
3.146240000000000000e+05
5.523610000000000000e+05
1.079994000000000000e+06
9.515520000000000000e+05
1.260928000000000000e+06
1.362008000000000000e+06
1.101594000000000000e+06
1.706841000000000000e+06
4.891360000000000000e+05
1.322703000000000000e+06
1.553701000000000000e+06
6.392320000000000000e+05
1.269064000000000000e+06
1.837113000000000000e+06
1.083490000000000000e+06
9.637440000000000000e+05
5.017190000000000000e+05
1.966630000000000000e+05
7.004450000000000000e+05
1.375267000000000000e+06
6.803140000000000000e+05
9.411930000000000000e+05
1.478883000000000000e+06
1.541486000000000000e+06
1.534084000000000000e+06
9.246430000000000000e+05
1.364980000000000000e+06
1.215938000000000000e+06
3.218890000000000000e+05
1.355119000000000000e+06
2.807000000000000000e+05
3.013050000000000000e+05
7.804950000000000000e+05
8.307470000000000000e+05
1.639326000000000000e+06
2.592350000000000000e+05
1.810739000000000000e+06
2.302280000000000000e+05
9.030200000000000000e+04
6.752940000000000000e+05
1.788381000000000000e+06
1.701936000000000000e+06
1.690132000000000000e+06
1.062570000000000000e+06
1.363551000000000000e+06
1.086039000000000000e+06
1.832992000000000000e+06
9.310200000000000000e+05
1.317698000000000000e+06
1.720607000000000000e+06
1.085628000000000000e+06
5.302390000000000000e+05
1.476927000000000000e+06
5.472020000000000000e+05
1.691612000000000000e+06
6.372250000000000000e+05
5.013540000000000000e+05
1.396884000000000000e+06
1.779398000000000000e+06
1.004157000000000000e+06
1.124652000000000000e+06
2.355550000000000000e+05
5.609190000000000000e+05
2.754410000000000000e+05
1.763725000000000000e+06
1.388510000000000000e+05
6.829510000000000000e+05
1.111649000000000000e+06
7.304060000000000000e+05
6.918900000000000000e+04
1.455261000000000000e+06
1.759465000000000000e+06
1.555938000000000000e+06
1.846764000000000000e+06
1.631089000000000000e+06
5.655390000000000000e+05
1.072878000000000000e+06
1.066560000000000000e+05
1.682433000000000000e+06
1.606567000000000000e+06
1.219279000000000000e+06
1.733193000000000000e+06
3.763530000000000000e+05
5.098380000000000000e+05
1.478963000000000000e+06
5.424000000000000000e+05
1.434701000000000000e+06
1.766728000000000000e+06
1.771894000000000000e+06
1.497393000000000000e+06
1.295409000000000000e+06
1.563991000000000000e+06
1.514047000000000000e+06
1.344794000000000000e+06
1.295029000000000000e+06
1.538510000000000000e+06
5.662990000000000000e+05
1.579968000000000000e+06
4.464170000000000000e+05
1.366545000000000000e+06
1.094425000000000000e+06
7.045670000000000000e+05
9.220870000000000000e+05
1.053924000000000000e+06
1.766177000000000000e+06
1.219155000000000000e+06
1.675032000000000000e+06
1.633708000000000000e+06
4.688480000000000000e+05
3.175160000000000000e+05
2.845600000000000000e+05
7.144940000000000000e+05
1.060657000000000000e+06
5.513860000000000000e+05
1.148360000000000000e+05
1.141224000000000000e+06
6.453290000000000000e+05
1.262582000000000000e+06
1.620631000000000000e+06
7.050120000000000000e+05
4.531260000000000000e+05
3.792070000000000000e+05
2.225990000000000000e+05
1.476144000000000000e+06
1.345088000000000000e+06
1.088096000000000000e+06
9.286600000000000000e+05
5.194600000000000000e+04
1.371161000000000000e+06
1.253885000000000000e+06
2.541920000000000000e+05
5.349810000000000000e+05
1.314703000000000000e+06
1.585234000000000000e+06
1.224491000000000000e+06
1.632732000000000000e+06
1.854050000000000000e+06
6.494000000000000000e+05
8.966040000000000000e+05
1.745902000000000000e+06
5.636060000000000000e+05
3.358600000000000000e+05
1.783141000000000000e+06
1.666341000000000000e+06
4.783140000000000000e+05
1.066350000000000000e+06
1.231420000000000000e+06
1.664259000000000000e+06
6.091420000000000000e+05
1.343637000000000000e+06
1.243669000000000000e+06
3.911410000000000000e+05
1.111441000000000000e+06
1.088511000000000000e+06
1.180983000000000000e+06
7.396300000000000000e+04
5.246400000000000000e+05
1.357152000000000000e+06
3.227910000000000000e+05
2.174620000000000000e+05
6.401310000000000000e+05
1.074745000000000000e+06
2.147220000000000000e+05
1.294754000000000000e+06
7.268390000000000000e+05
6.720040000000000000e+05
1.264704000000000000e+06
4.643050000000000000e+05
4.857760000000000000e+05
2.580070000000000000e+05
1.629742000000000000e+06
7.030110000000000000e+05
3.592130000000000000e+05
1.319438000000000000e+06
1.031017000000000000e+06
4.307090000000000000e+05
9.539520000000000000e+05
1.368518000000000000e+06
1.355146000000000000e+06
1.339031000000000000e+06
1.766203000000000000e+06
1.121681000000000000e+06
1.144944000000000000e+06
1.510860000000000000e+06
1.727540000000000000e+06
1.556511000000000000e+06
2.088880000000000000e+05
1.077793000000000000e+06
1.218431000000000000e+06
1.205735000000000000e+06
2.942590000000000000e+05
3.711200000000000000e+05
1.316083000000000000e+06
1.516907000000000000e+06
6.649810000000000000e+05
1.204373000000000000e+06
6.959780000000000000e+05
1.492923000000000000e+06
1.322301000000000000e+06
1.247771000000000000e+06
4.639500000000000000e+05
1.211646000000000000e+06
4.442440000000000000e+05
1.772521000000000000e+06
2.243850000000000000e+05
1.367429000000000000e+06
1.619600000000000000e+06
6.496300000000000000e+04
3.014860000000000000e+05
1.476745000000000000e+06
1.358252000000000000e+06
1.689929000000000000e+06
6.758770000000000000e+05
6.353720000000000000e+05
7.350920000000000000e+05
1.268799000000000000e+06
4.167600000000000000e+05
4.019060000000000000e+05
2.053080000000000000e+05
1.184820000000000000e+06
1.480048000000000000e+06
1.674847000000000000e+06
5.577330000000000000e+05
1.282974000000000000e+06
1.367264000000000000e+06
1.229572000000000000e+06
1.160442000000000000e+06
6.365490000000000000e+05
1.376071000000000000e+06
1.346515000000000000e+06
3.884760000000000000e+05
1.579955000000000000e+06
1.058906000000000000e+06
1.047022000000000000e+06
2.936760000000000000e+05
1.266329000000000000e+06
1.490194000000000000e+06
1.114337000000000000e+06
9.218010000000000000e+05
2.073000000000000000e+03
7.266980000000000000e+05
1.166474000000000000e+06
1.601275000000000000e+06
4.649820000000000000e+05
1.711833000000000000e+06
1.143719000000000000e+06
1.419307000000000000e+06
1.242537000000000000e+06
1.004313000000000000e+06
1.426095000000000000e+06
1.185440000000000000e+06
1.564724000000000000e+06
1.383353000000000000e+06
1.419353000000000000e+06
1.225344000000000000e+06
1.687594000000000000e+06
1.224616000000000000e+06
1.024023000000000000e+06
1.460318000000000000e+06
1.324785000000000000e+06
7.242140000000000000e+05
1.056229000000000000e+06
1.257156000000000000e+06
4.404960000000000000e+05
6.006240000000000000e+05
5.148590000000000000e+05
6.280700000000000000e+05
4.779050000000000000e+05
2.417300000000000000e+04
7.207340000000000000e+05
1.320440000000000000e+06
1.342038000000000000e+06
3.924710000000000000e+05
8.894850000000000000e+05
1.524805000000000000e+06
1.778761000000000000e+06
1.618920000000000000e+05
1.225345000000000000e+06
1.268343000000000000e+06
2.376200000000000000e+05
1.259593000000000000e+06
1.594030000000000000e+06
1.255561000000000000e+06
1.826186000000000000e+06
2.438460000000000000e+05
5.162520000000000000e+05
1.385620000000000000e+06
1.756067000000000000e+06
1.351717000000000000e+06
7.049480000000000000e+05
1.800598000000000000e+06
7.386580000000000000e+05
3.217190000000000000e+05
1.320113000000000000e+06
1.620739000000000000e+06
1.820716000000000000e+06
1.285734000000000000e+06
8.969960000000000000e+05
1.266092000000000000e+06
3.016320000000000000e+05
3.378310000000000000e+05
1.545465000000000000e+06
2.210340000000000000e+05
5.052100000000000000e+04
1.602950000000000000e+06
2.753160000000000000e+05
2.733330000000000000e+05
1.257139000000000000e+06
1.144417000000000000e+06
6.748490000000000000e+05
1.993620000000000000e+05
1.673250000000000000e+06
6.245110000000000000e+05
3.876590000000000000e+05
3.756200000000000000e+04
1.491030000000000000e+06
1.466775000000000000e+06
1.440837000000000000e+06
1.115577000000000000e+06
1.706097000000000000e+06
1.786290000000000000e+05
5.240490000000000000e+05
1.274390000000000000e+06
6.761160000000000000e+05
5.891230000000000000e+05
1.116390000000000000e+05
6.767830000000000000e+05
1.232874000000000000e+06
1.848919000000000000e+06
1.688584000000000000e+06
1.536511000000000000e+06
1.095279000000000000e+06
1.531209000000000000e+06
2.068000000000000000e+04
1.220110000000000000e+05
2.509670000000000000e+05
5.952470000000000000e+05
6.658770000000000000e+05
1.152364000000000000e+06
6.696230000000000000e+05
1.206228000000000000e+06
6.935470000000000000e+05
1.731614000000000000e+06
1.756327000000000000e+06
1.457710000000000000e+06
1.450035000000000000e+06
3.026220000000000000e+05
2.284650000000000000e+05
1.539701000000000000e+06
1.224473000000000000e+06
3.240160000000000000e+05
2.046260000000000000e+05
1.709720000000000000e+05
1.794190000000000000e+05
